1.293205019149824553e-01 1.271240572714127381e-02
5.060125526119189088e-01 2.142958932521805693e-01
8.780599215202942176e-01 4.321746770191787768e-01
1.134284909301359390e+00 7.584346791886198424e-01
1.056974642876885140e+00 1.182976698152936823e+00
9.090239999248768132e-01 1.578103898799530391e+00
6.029820307867479467e-01 1.882326048366222970e+00
3.988222224223121337e-01 2.259139849764668639e+00
2.850073221183122008e-01 2.672291254583280207e+00
2.141290351403288272e-01 3.096395849374149023e+00
2.909280683708664328e-01 3.521030647354457699e+00
5.581654433736658039e-01 3.608171090159287608e+00
8.231629054351989883e-01 3.269947971433023959e+00
9.659898410581104766e-01 3.646366960172039207e+00
1.112753163817892021e+00 4.044610409505986048e+00
1.401284387005429011e+00 4.175043883184716975e+00
1.626573471228674350e+00 4.004599663386623654e+00
1.967191738999495287e+00 4.260408918294890768e+00
2.355192959086085835e+00 4.448169849691979927e+00
2.800692909360941840e+00 4.515248158811232315e+00
2.801029529272043739e+00 4.439033918698272352e+00
2.801366149183145637e+00 4.362819678585315941e+00
2.801702769094248424e+00 4.286605438472357754e+00
2.793127363586529022e+00 4.211076711659871741e+00
2.780387378354738814e+00 4.135934070734402113e+00
2.767647393122950383e+00 4.060791429808934261e+00
2.754907407891163729e+00 3.985648788883467297e+00
2.742167422659377962e+00 3.910506147957996781e+00
2.729427437427591308e+00 3.835363507032530705e+00
2.717660933101134546e+00 3.760067440819638840e+00
2.706758918665745028e+00 3.684636215254818659e+00
2.695856904230355511e+00 3.609204989689998477e+00
2.684954889794966881e+00 3.533773764125179184e+00
2.674052875359582693e+00 3.458342538560359891e+00
2.663150860924192287e+00 3.382911312995540598e+00
2.658780937495088814e+00 3.306872197726268503e+00
2.656007534444486673e+00 3.230707691921536728e+00
2.653234131393880979e+00 3.154543186116805842e+00
2.737716028351276698e+00 3.158394872910670337e+00
2.828154607899008077e+00 3.187845575776871776e+00
2.918593187446741233e+00 3.217296278643076768e+00
3.009031766994472612e+00 3.246746981509278207e+00
3.098716932830824611e+00 3.278101347965283630e+00
3.184545844447283613e+00 3.319087668862124474e+00
3.270374756063742616e+00 3.360073989758971535e+00
3.356203667680198954e+00 3.401060310655815044e+00
3.442032579296659733e+00 3.442046631552658553e+00
3.527861490913116960e+00 3.483032952449502950e+00
3.613690402529575962e+00 3.524019273346345571e+00
3.699519314146034077e+00 3.565005594243189968e+00
3.785348225762494856e+00 3.605991915140032589e+00
3.878083088749559870e+00 3.618808778703051843e+00
3.973164729295965536e+00 3.621250540552468422e+00
4.068246369842370314e+00 3.623692302401881449e+00
4.161250261691461283e+00 3.615541111280895947e+00
4.245442303657839034e+00 3.571289776391914472e+00
4.336640491726883262e+00 3.555860938656256742e+00
4.345605282917055945e+00 3.526508265616179472e+00
4.343094105715741726e+00 3.491450111766824627e+00
4.340582928514431948e+00 3.456391957917469782e+00
4.338071751313118618e+00 3.421333804068114937e+00
4.337958717583985546e+00 3.386221935008524753e+00
4.339510250391304780e+00 3.351108221046468216e+00
4.341061783198625790e+00 3.315994507084411680e+00
4.342613316005952129e+00 3.280880793122355144e+00
4.344164848813274915e+00 3.245767079160295943e+00
4.345716381620596813e+00 3.210653365198239406e+00
4.347159526746169789e+00 3.175536429006788453e+00
4.344880224410529124e+00 3.140502493859771427e+00
4.341605317761491278e+00 3.105507420653656148e+00
4.338330411112448104e+00 3.070512347447539980e+00
4.335055504463412035e+00 3.035517274241419372e+00
4.326659813332708993e+00 3.002178762058567152e+00
4.308132111863212543e+00 2.972310644600002938e+00
4.289604410393712541e+00 2.942442527141442277e+00
4.271076708924212539e+00 2.912574409682879839e+00
4.323467036614069947e+00 2.930542959231394740e+00
4.372763145225744275e+00 2.949317958223913294e+00
4.422059253837417714e+00 2.968092957216430960e+00
4.472738806483994800e+00 2.981397743452085081e+00
4.525203742442150734e+00 2.986878382678433752e+00
4.577668678400309332e+00 2.992359021904790417e+00
4.630133614358462602e+00 2.997839661131143529e+00
4.682598550316619423e+00 3.003320300357493977e+00
4.735063486274778910e+00 3.008800939583848866e+00
4.787528422232933067e+00 3.014281578810201978e+00
4.839993358191089889e+00 3.019762218036555090e+00
4.892458294149247600e+00 3.025242857262905538e+00
4.944953819344097390e+00 3.029608469525078895e+00
4.997173507550184191e+00 3.022322427453380200e+00
5.049338041597367877e+00 3.014482255321128790e+00
5.101502575644548898e+00 3.006642083188875603e+00
5.153616657210479346e+00 2.998495472539475237e+00
5.205265938062763276e+00 2.987777157520725702e+00
5.256905175755785642e+00 2.977007011657891056e+00
5.256798237716688860e+00 2.911065170360531695e+00
5.238604354834285104e+00 2.832151056249620602e+00
5.210433050227270435e+00 2.756483365931160279e+00
5.176459958477638956e+00 2.683020710635737771e+00
5.140594099876200751e+00 2.611519994215264262e+00
5.214518209377641433e+00 2.580824225779508652e+00
5.290679706002265448e+00 2.553294583352736069e+00
5.366793932809478918e+00 2.525644285740257899e+00
5.436975812873657610e+00 2.485409603961563185e+00
5.506502908923492257e+00 2.443883254553920636e+00
5.576030004973328680e+00 2.402356905146280752e+00
5.645557101023163327e+00 2.360830555738638203e+00
5.715084197072995309e+00 2.319304206330999207e+00
5.785049413898653903e+00 2.278606118903704569e+00
5.859125883195094531e+00 2.245879745391222926e+00
5.933233943002451660e+00 2.213223195484082417e+00
6.007152310317982469e+00 2.180176135007175553e+00
6.076922560811839347e+00 2.139073806867630267e+00
6.146424465577481122e+00 2.097508012948574141e+00
5.896179833076073962e+00 2.029775426572827612e+00
5.714805754716440589e+00 1.846406647515619781e+00
5.554779919433353363e+00 1.643691513113620495e+00
5.375106847000812316e+00 1.459066861682119409e+00
5.575433059560632287e+00 1.342504340745224845e+00
5.435804879750649299e+00 1.149324321763827150e+00
5.182024106082244508e+00 1.107006332230570322e+00
4.987349090901267878e+00 9.512199335721960303e-01
4.734539738042936818e+00 8.983974546615338674e-01
4.487640488408830564e+00 8.233076332337736503e-01
4.240384487913138933e+00 7.506358513295285917e-01
3.983979861663758726e+00 7.194976530508929713e-01
3.737083953734871677e+00 6.438016482036701404e-01
3.484610277336297912e+00 6.842159548931210367e-01
3.227909455790966220e+00 6.998600820741138762e-01
2.986197579279254555e+00 6.470501612513546164e-01
2.834840231680210820e+00 4.566917815413082948e-01
2.787019659193738619e+00 2.031778061844011773e-01
2.760755495452745123e+00 -5.374637567703510754e-02
2.984775289833051737e+00 -3.701072239111495854e-01
3.251596924572492497e+00 -6.067660447071658858e-01
3.603792234056603760e+00 -5.594869333879257667e-01
3.870916384213031414e+00 -2.811000809415795665e-01
4.101185571179326139e+00 2.819846056203756390e-02
4.382097057387324135e+00 2.695608700849749795e-01
4.743756687042658626e+00 4.038432472318591593e-01
5.128966405399189021e+00 3.946989120670369999e-01
5.147304393425527813e+00 1.710789984283915821e-01
5.319322215885593508e+00 8.578658140760087036e-02
5.696593003890090046e+00 1.606947208479887479e-01
6.078491751085868700e+00 2.020362308171717025e-01
6.292449930038178429e+00 4.545441205325939649e-02
6.251731818824511677e+00 -2.243867172482012506e-01
6.635604095841285854e+00 -2.462495804576803060e-01
6.733609568899306730e+00 -5.037687594194113494e-01
6.956625302476492578e+00 -7.672856997381167776e-01
7.255430700819607281e+00 -1.011204586962771934e+00
7.535968109276086402e+00 -1.275836127850657808e+00
7.461889476801832899e+00 -1.324685603358409125e+00
7.370496558871482584e+00 -1.373804377066699889e+00
7.282987892758280069e+00 -1.429615199026562422e+00
7.195479226645078441e+00 -1.485426020986429840e+00
7.104725839148132494e+00 -1.535281752632824182e+00
7.010374776051197188e+00 -1.578530930488883710e+00
6.916023712954257441e+00 -1.621780108344944571e+00
6.821672649857315029e+00 -1.665029286201002101e+00
6.727321586760378835e+00 -1.708278464057062962e+00
6.627408482483374108e+00 -1.729961350108410567e+00
6.523906553742095937e+00 -1.737705072700497233e+00
6.420404625000819543e+00 -1.745448795292585897e+00
6.316902696259541372e+00 -1.753192517884673673e+00
6.213400767518265866e+00 -1.760936240476761672e+00
6.112747974897524195e+00 -1.781569793669742552e+00
6.016453166635945315e+00 -1.820298651058171124e+00
5.920158358374367324e+00 -1.859027508446603916e+00
5.840436305284413265e+00 -1.920445167974970779e+00
5.776043127001124766e+00 -2.001846231133409315e+00
5.828578230501052282e+00 -2.141191107581635222e+00
5.909656373945359142e+00 -2.271484216653210542e+00
6.036124053178424376e+00 -2.359550440713139352e+00
6.162591732411485168e+00 -2.447616664773068607e+00
6.305970209434289764e+00 -2.495982847537623783e+00
6.457438139021679291e+00 -2.524394113213058954e+00
6.608906068609067042e+00 -2.552805378888493681e+00
6.761485237392140135e+00 -2.573793358299085732e+00
6.914670343282981690e+00 -2.590647350229223544e+00
7.057493674775760617e+00 -2.636210189586472907e+00
7.168756785800980857e+00 -2.726870176929956369e+00
7.078893298977416038e+00 -2.852067171489255593e+00
7.072976142448330172e+00 -2.978231914062839270e+00
7.160297526167160420e+00 -3.105215021822099519e+00
7.253346489285723564e+00 -3.228037385365863265e+00
7.347159082101645922e+00 -3.350303207000221661e+00
7.440971674917570056e+00 -3.472569028634583166e+00
7.512437990247427422e+00 -3.608095924094472995e+00
7.574170304859312530e+00 -3.749300934782587635e+00
7.570890999617575723e+00 -3.784525565795147095e+00
7.535681395129102178e+00 -3.799722848989642188e+00
7.500471790640628633e+00 -3.814920132184138168e+00
7.465262186152150647e+00 -3.830117415378631929e+00
7.430052581663670885e+00 -3.845314698573126133e+00
7.394842977175192900e+00 -3.860511981767619893e+00
7.359633372686719355e+00 -3.875709264962115874e+00
7.324423768198241369e+00 -3.890906548156610967e+00
7.289214163709767824e+00 -3.906103831351105171e+00
7.254004559221290727e+00 -3.921301114545602040e+00
7.217727494444348579e+00 -3.933327567113709566e+00
7.180374356432877470e+00 -3.942011848628299564e+00
7.143021218421409024e+00 -3.950696130142887341e+00
7.105668080409935250e+00 -3.959380411657476451e+00
7.068314942398466805e+00 -3.968064693172065560e+00
7.030961804386997471e+00 -3.976748974686658666e+00
6.993608666375526361e+00 -3.985433256201245555e+00
6.956255528364052587e+00 -3.994117537715832444e+00
6.918902390352585030e+00 -4.002801819230425551e+00
6.942433920827505212e+00 -4.050793540746023602e+00
6.967892897814937037e+00 -4.090228461894307443e+00
6.993351874802369750e+00 -4.129663383042590397e+00
7.018810851789798022e+00 -4.169098304190873350e+00
7.044269828777230735e+00 -4.208533225339157191e+00
7.069728805764662560e+00 -4.247968146487439256e+00
7.095187782752096162e+00 -4.287403067635724874e+00
7.120646759739525322e+00 -4.326837988784006939e+00
7.146105736726958035e+00 -4.366272909932290780e+00
7.171564713714390749e+00 -4.405707831080575509e+00
7.193319777945879068e+00 -4.446790259575682747e+00
7.205455063853664299e+00 -4.492133476832006700e+00
7.217590349761451307e+00 -4.537476694088332430e+00
7.229725635669236539e+00 -4.582819911344658159e+00
7.241860921577022658e+00 -4.628163128600980336e+00
7.253996207484806114e+00 -4.673506345857304289e+00
7.266131493392594010e+00 -4.718849563113629131e+00
7.278266779300378353e+00 -4.764192780369953084e+00
7.290402065208161808e+00 -4.809535997626277926e+00
7.288068038315254071e+00 -4.828491322228172677e+00
7.270141612846464874e+00 -4.835952723118102092e+00
7.252431401281389078e+00 -4.844100524038762678e+00
7.234721189716309730e+00 -4.852248324959422376e+00
7.217010978151236600e+00 -4.860396125880082963e+00
7.199300766586162581e+00 -4.868543926800743549e+00
7.181590555021085009e+00 -4.876691727721403247e+00
7.163880343456012767e+00 -4.884839528642065609e+00
7.146170131890938748e+00 -4.892987329562727083e+00
7.128415796109939251e+00 -4.901035830701438556e+00
7.110278048651557548e+00 -4.908160787553321747e+00
7.091959151289599639e+00 -4.914828339800170198e+00
7.073640253927636401e+00 -4.921495892047013321e+00
7.055321356565681157e+00 -4.928163444293864437e+00
7.037002459203717919e+00 -4.934830996540709336e+00
7.018683561841761787e+00 -4.941498548787560452e+00
7.000364664479804766e+00 -4.948166101034408904e+00
6.982045767117843305e+00 -4.954833653281253802e+00
6.964900647312676440e+00 -4.963835432342230902e+00
6.973394527252839481e+00 -5.035256935016583668e+00
6.980742304219949901e+00 -5.097041334608304552e+00
6.988090081187062985e+00 -5.158825734200023660e+00
6.995437858154170740e+00 -5.220610133791744545e+00
7.002785635121284713e+00 -5.282394533383467206e+00
7.010133412088391580e+00 -5.344178932975186314e+00
7.017481189055502888e+00 -5.405963332566905422e+00
7.024828966022610643e+00 -5.467747732158624530e+00
7.032176742989721063e+00 -5.529532131750344526e+00
7.039524519956835036e+00 -5.591316531342065410e+00
7.041057242181416598e+00 -5.653278021245998097e+00
7.036802903950992061e+00 -5.715352190314049174e+00
7.032548565720568412e+00 -5.777426359382097587e+00
7.028294227490142987e+00 -5.839500528450148664e+00
7.024039889259716674e+00 -5.901574697518199741e+00
7.019785551029294801e+00 -5.963648866586249930e+00
7.015531212798869376e+00 -6.025723035654298343e+00
7.011392007368584700e+00 -6.087804939383898883e+00
7.007307836963150294e+00 -6.149890536839082600e+00
6.623793033874160407e+00 -5.971488235172184744e+00
6.143918711202754679e+00 -5.862507918691024500e+00
5.701443012028642343e+00 -5.762134219426997106e+00
5.532369827123220674e+00 -6.166922509627216442e+00
5.117462360321817449e+00 -5.933958039650018890e+00
4.767473251059708872e+00 -5.600768174166276481e+00
4.613531863786868747e+00 -5.828266025166069397e+00
4.342364129737233291e+00 -5.988255158067356199e+00
3.919523555482872901e+00 -5.744332401366957441e+00
3.536508241685052845e+00 -5.435373918175378627e+00
3.238317586117334557e+00 -5.110378888558817501e+00
2.958367041310237866e+00 -5.146788692858979886e+00
2.861035421983525673e+00 -4.681889313050415780e+00
2.855717889511501184e+00 -4.189824481155178582e+00
2.885519191835920871e+00 -3.699314021159386900e+00
2.913184566947923493e+00 -3.209676833007366170e+00
2.777986462095449305e+00 -2.750150710976552837e+00
2.334774744667849511e+00 -2.653486206696374694e+00
1.988480097212492526e+00 -3.002475243117221027e+00
1.736079884436011689e+00 -3.356278104269859064e+00
1.580865580806444015e+00 -3.744208989456642822e+00
1.839688362059879401e+00 -4.065061574562091273e+00
2.238280723174024267e+00 -4.166404083128826485e+00
2.661500533912163569e+00 -4.145022462857825829e+00
3.083101396869214028e+00 -4.103726544320500658e+00
3.483183224975855197e+00 -4.223273803690874573e+00
3.626152160669235514e+00 -4.404906196548063591e+00
3.816944151711229694e+00 -4.698904910603855178e+00
4.131013555659611036e+00 -4.983391450514175425e+00
4.410396850283651027e+00 -5.301847906442533898e+00
4.361374408316653906e+00 -5.567673115326073230e+00
4.030441270758155170e+00 -5.691801327906795827e+00
4.257488305684217877e+00 -6.049602705514431022e+00
4.430319759757618492e+00 -6.434327151624539276e+00
4.259436237336374553e+00 -6.635105561088186832e+00
4.080604793899779814e+00 -6.878265950798835071e+00
4.102833965900900104e+00 -7.301398598980662236e+00
4.178048410827429393e+00 -7.714727220111860184e+00
4.077755183001947614e+00 -7.698311765874064960e+00
3.971712214451327050e+00 -7.669806368679745745e+00
3.865669245900706485e+00 -7.641300971485430082e+00
3.759626277350086809e+00 -7.612795574291111755e+00
3.655078843486246676e+00 -7.579368582778061025e+00
3.551136762573766426e+00 -7.543960777652387151e+00
3.447194681661290616e+00 -7.508552972526716829e+00
3.343252600748813030e+00 -7.473145167401044731e+00
3.239310519836334556e+00 -7.437737362275370856e+00
3.141577550916376360e+00 -7.390709045366843810e+00
3.056285214563737362e+00 -7.321550631506045015e+00
2.970992878211095700e+00 -7.252392217645244443e+00
2.885700541858457591e+00 -7.183233803784443872e+00
2.798446097730039384e+00 -7.117220251974914369e+00
2.694809138625679168e+00 -7.080929074592047456e+00
2.591172179521318952e+00 -7.044637897209178767e+00
2.486070953924942373e+00 -7.023203233857421068e+00
2.378256724293354551e+00 -7.044030157230325884e+00
2.291329370724803027e+00 -7.089259749973840563e+00
2.253799926267412879e+00 -7.238673517798284607e+00
2.218598625164352356e+00 -7.378818385546144221e+00
2.249439534757363468e+00 -7.509886489146093247e+00
2.324530374342292482e+00 -7.633341263723035119e+00
2.399621213927224161e+00 -7.756796038299982321e+00
2.474712053512153176e+00 -7.880250812876927746e+00
2.549802893097085743e+00 -8.003705587453872283e+00
2.610345906604876198e+00 -8.134898120927752885e+00
2.670739245597954614e+00 -8.266170205396161208e+00
2.722181083059146189e+00 -8.400699724510982236e+00
2.759950260783512022e+00 -8.540174470502648774e+00
2.633500455909062232e+00 -8.561986796452725201e+00
2.507857976598035776e+00 -8.539020168581306081e+00
2.492055640130951488e+00 -8.682651647434635578e+00
2.476253303663867200e+00 -8.826283126287968628e+00
2.444188687986259545e+00 -8.966833375150095264e+00
2.405665186014725343e+00 -9.106101660668601383e+00
2.351885327240251122e+00 -9.240078842580867757e+00
2.295512386778590042e+00 -9.373126981008732983e+00
2.260127194297312236e+00 -9.371237557478872660e+00
2.221470214874025295e+00 -9.361073120487411359e+00
2.182813235450734801e+00 -9.350908683495948281e+00
2.144156256027445195e+00 -9.340744246504485204e+00
2.105499276604155590e+00 -9.330579809513025680e+00
2.066842297180862431e+00 -9.320415372521564379e+00
2.028185317757572825e+00 -9.310250935530101302e+00
1.991021601575891031e+00 -9.296899405393993732e+00
1.959281944823921373e+00 -9.272607091509874166e+00
1.927610296147759916e+00 -9.248222987925364791e+00
1.895938647471601124e+00 -9.223838884340857192e+00
1.864266998795442776e+00 -9.199454780756351369e+00
1.832595350119281319e+00 -9.175070677171841993e+00
1.800923701443120972e+00 -9.150686573587337946e+00
1.765036433587009901e+00 -9.134666289504469461e+00
1.726057892125123505e+00 -9.125814671404370415e+00
1.687079350663238220e+00 -9.116963053304273146e+00
1.648100809201349382e+00 -9.108111435204170547e+00
1.611871368460475518e+00 -9.108150325913479506e+00
1.599135124154927645e+00 -9.172652746820576297e+00
1.588410588873116591e+00 -9.226966912926783948e+00
1.577686053591299542e+00 -9.281281079032993375e+00
1.566961518309486490e+00 -9.335595245139202802e+00
1.556236983027670995e+00 -9.389909411245410453e+00
1.545512447745857498e+00 -9.444223577351619880e+00
1.534787912464045112e+00 -9.498537743457831084e+00
1.522257944255536621e+00 -9.552422328834168752e+00
1.506611704062624568e+00 -9.605528255665831239e+00
1.490965463869713847e+00 -9.658634182497490173e+00
1.475319223676802238e+00 -9.711740109329147330e+00
1.459672983483892628e+00 -9.764846036160806264e+00
1.444026743290981019e+00 -9.817951962992463422e+00
1.428380503098070298e+00 -9.871057889824122356e+00
1.412444288116347257e+00 -9.924074274424455666e+00
1.383138882710262196e+00 -9.971000371459426859e+00
1.353554540263796513e+00 -1.001779578767548529e+01
1.318438013243438123e+00 -1.005970701860205807e+01
1.275459005583067018e+00 -1.009460471476317167e+01
1.261686654010483855e+00 -1.011801310947333477e+01
1.251976255473487454e+00 -1.009075446829594114e+01
1.226350038244494289e+00 -1.007621189194280831e+01
1.200723821015503123e+00 -1.006166931558967548e+01
1.175097603786513512e+00 -1.004712673923654442e+01
1.149471386557521679e+00 -1.003258416288341337e+01
1.123845169328528959e+00 -1.001804158653027699e+01
1.098218952099538459e+00 -1.000349901017714416e+01
1.072592734870546183e+00 -9.988956433824009551e+00
1.046966517641554129e+00 -9.974413857470878497e+00
1.021340300412559854e+00 -9.959871281117742114e+00
9.957140831835686878e-01 -9.945328704764609284e+00
9.700878659545759675e-01 -9.930786128411476454e+00
9.450141102252185288e-01 -9.915331413589754561e+00
9.202803301104944822e-01 -9.899317992415907597e+00
8.955465499957746545e-01 -9.883304571242065961e+00
8.708127698810566031e-01 -9.867291150068222549e+00
8.473037578553848093e-01 -9.866625423682958029e+00
8.302150588955035104e-01 -9.890628879773959881e+00
7.687520569009017590e-01 -9.976962220484244526e+00
7.060674661469275026e-01 -1.006501145262756580e+01
6.357657677617966074e-01 -1.014414325329787303e+01
5.385295173357865783e-01 -1.019133580357979696e+01
4.412932669097786587e-01 -1.023852835386172444e+01
3.801573187099988038e-01 -1.017926328027334293e+01
3.337902590774817768e-01 -1.008163069872365369e+01
2.881493680954149705e-01 -9.983682777524997221e+00
2.492020806003180655e-01 -9.884249978996656694e+00
2.301876050672921892e-01 -9.990418472939749606e+00
2.127369997657451717e-01 -1.009708384489162469e+01
1.842563083807280955e-01 -1.020034576205072874e+01
1.362617836233101509e-01 -1.029718868018278499e+01
8.826725886590289227e-02 -1.039403159831483947e+01
4.027273410848589141e-02 -1.049087451644689750e+01
-7.721790648924781175e-03 -1.058771743457894843e+01
-5.465514805626996153e-02 -1.068507865303821980e+01
-1.014945503334148402e-01 -1.078248550902557668e+01
-1.483339526105538764e-01 -1.087989236501293355e+01
-2.036019023763350200e-01 -1.083229484157431699e+01
-2.550769395806151696e-01 -1.078218390135169003e+01
-3.065519767848968180e-01 -1.073207296112906306e+01
-3.580270139891813530e-01 -1.068196202090643609e+01
-4.079331761240178045e-01 -1.063032134979974686e+01
-4.565770966250211615e-01 -1.057745780107787326e+01
-5.052210171260258509e-01 -1.052459425235599966e+01
-5.538649376270305957e-01 -1.047173070363412606e+01
-6.025088581280344524e-01 -1.041886715491225246e+01
-6.587323914637017719e-01 -1.037435804900268721e+01
-7.165009072146737434e-01 -1.033165460214991427e+01
-7.846474759633947915e-01 -1.031923707575835358e+01
-8.564713280579132615e-01 -1.031778103472770169e+01
-9.214004095637946534e-01 -1.030176250819980766e+01
-9.633298879959831806e-01 -1.024342980190580121e+01
-1.005259366428173706e+00 -1.018509709561179832e+01
-1.023064777772948464e+00 -1.011665793145287573e+01
-1.033436316296174828e+00 -1.004557194848971768e+01
-1.043807854819401193e+00 -9.974485965526548981e+00
-1.062496658513532477e+00 -9.947410881732167809e+00
-1.090481812164811215e+00 -9.960942213915876309e+00
-1.118466965816094838e+00 -9.974473546099577703e+00
-1.146452119467373354e+00 -9.988004878283287979e+00
-1.174437273118654090e+00 -1.000153621046699293e+01
-1.202422426769934161e+00 -1.001506754265069432e+01
-1.230407580421213343e+00 -1.002859887483440637e+01
-1.258392734072492969e+00 -1.004213020701811132e+01
-1.286377887723773483e+00 -1.005566153920181449e+01
-1.314363041375051111e+00 -1.006919287138552122e+01
-1.342300276089154698e+00 -1.008282200193904998e+01
-1.369295841128199465e+00 -1.009822400416537391e+01
-1.396216621291024973e+00 -1.011376547677823368e+01
-1.423137401453853368e+00 -1.012930694939108989e+01
-1.450058181616683317e+00 -1.014484842200394965e+01
-1.476978961779509048e+00 -1.016038989461680764e+01
-1.503899741942338553e+00 -1.017593136722966918e+01
-1.530820522105164061e+00 -1.019147283984252894e+01
-1.557741302267993566e+00 -1.020701431245538515e+01
-1.585054496228391896e+00 -1.014803618835093069e+01
-1.602360796157728640e+00 -1.009238226651953951e+01
-1.619667096087060942e+00 -1.003672834468814656e+01
-1.636973396016391247e+00 -9.981074422856757167e+00
-1.654279695945723994e+00 -9.925420501025364217e+00
-1.671585995875057851e+00 -9.869766579193971268e+00
-1.688892295804391486e+00 -9.814112657362576542e+00
-1.697477103553496125e+00 -9.756500906956645736e+00
-1.705398405479277013e+00 -9.698759067634888709e+00
-1.713319707405054348e+00 -9.641017228313135234e+00
-1.721241009330829685e+00 -9.583275388991379984e+00
-1.729162311256609019e+00 -9.525533549669622957e+00
-1.737083613182385244e+00 -9.467791710347867706e+00
-1.743333856195662834e+00 -9.409913416214319426e+00
-1.742152570430527625e+00 -9.351642740944505761e+00
-1.740971284665388863e+00 -9.293372065674699201e+00
-1.750068103695741062e+00 -9.236418344513726453e+00
-1.767374243084997909e+00 -9.180764372760599201e+00
-1.789863716756277867e+00 -9.128784050000392725e+00
-1.843214782696215748e+00 -9.131336932843233001e+00
-1.886973562624763012e+00 -9.133430818626685266e+00
-1.930732342553303615e+00 -9.135524704410130425e+00
-1.974491122481844219e+00 -9.137618590193579138e+00
-2.017078300334295804e+00 -9.144083110158955918e+00
-2.054988135955716277e+00 -9.166038964541456835e+00
-2.092897971577138527e+00 -9.187994818923954199e+00
-2.130807807198559445e+00 -9.209950673306455116e+00
-2.168717642819983027e+00 -9.231906527688957809e+00
-2.206627478441404833e+00 -9.253862382071460502e+00
-2.244537314062823086e+00 -9.275818236453957866e+00
-2.282447149684247556e+00 -9.297774090836460559e+00
-2.320356985305665809e+00 -9.319729945218957923e+00
-2.362434751290081181e+00 -9.331437337029186097e+00
-2.404959445890397340e+00 -9.341966607073143081e+00
-2.447484140490710836e+00 -9.352495877117096512e+00
-2.490008835091030548e+00 -9.363025147161053496e+00
-2.532533529691347596e+00 -9.373554417205003375e+00
-2.575058224291665532e+00 -9.384083687248958583e+00
-2.618435336403963198e+00 -9.269732118438437141e+00
-2.645496213250684292e+00 -9.151340590050857315e+00
-2.672557090097407162e+00 -9.032949061663281043e+00
-2.686492941185488093e+00 -8.912910971552182815e+00
-2.688791477216702752e+00 -8.791487902155246559e+00
-2.683947189654843690e+00 -8.670474046483318986e+00
-2.709908826136702586e+00 -8.589380328937087583e+00
-2.830138684023843609e+00 -8.606515857003003589e+00
-2.912347181635374760e+00 -8.592126329005678187e+00
-2.867409626391740574e+00 -8.479301415186144553e+00
-2.809314985538983400e+00 -8.373860536001258126e+00
-2.735127103849690045e+00 -8.277709596015650817e+00
-2.660939222160403794e+00 -8.181558656030038179e+00
-2.586751340471113991e+00 -8.085407716044429094e+00
-2.512355532782875933e+00 -7.989417755684188549e+00
-2.437836395964022351e+00 -7.893523317381264448e+00
-2.363922943710337954e+00 -7.797300395261787642e+00
-2.384702543754967152e+00 -7.678984986917812172e+00
-2.410728173881296676e+00 -7.560361584394583723e+00
-2.493995061305987804e+00 -7.500399390917308118e+00
-2.598022199097575147e+00 -7.478702954297369310e+00
-2.699716034980158774e+00 -7.480936837795759686e+00
-2.796128565434325530e+00 -7.525624696667461144e+00
-2.892541095888492286e+00 -7.570312555539160826e+00
-2.988953626342658154e+00 -7.615000414410861396e+00
-3.085366156796825798e+00 -7.659688273282564630e+00
-3.179432041227593153e+00 -7.709051702329761113e+00
-3.272745932491791798e+00 -7.759893598992318786e+00
-3.366059823755993108e+00 -7.810735495654872906e+00
-3.459373715020190865e+00 -7.861577392317429691e+00
-3.552687606284391286e+00 -7.912419288979989140e+00
-3.646001497548588155e+00 -7.963261185642545925e+00
-3.740610370488860248e+00 -8.011252349704649944e+00
-3.841357059470083435e+00 -8.045053021568293161e+00
-3.942103748451304845e+00 -8.078853693431932825e+00
-4.042850437432525368e+00 -8.112654365295577819e+00
-4.144963234956525966e+00 -8.141961498904041861e+00
-4.247534419314577647e+00 -8.169737979935659311e+00
-4.205559831882156985e+00 -7.733011819992636759e+00
-4.226673142946847150e+00 -7.264169577948153211e+00
-4.385024401598133892e+00 -6.957952029994929788e+00
-4.509828109898823989e+00 -6.672952231937101075e+00
-4.236083176484859436e+00 -6.301289683097799355e+00
-3.998180711797282960e+00 -5.897812523481778868e+00
-4.385235224239278473e+00 -5.728605099193919692e+00
-4.352076330227045098e+00 -5.413498545648091742e+00
-3.972240420921735904e+00 -5.159335982865156822e+00
-3.570219380210945204e+00 -4.919540681885246514e+00
-3.192620815339116902e+00 -4.640616294268259168e+00
-3.176231843414130118e+00 -4.341318701164397886e+00
-2.708077872232552252e+00 -4.306290836262802735e+00
-2.240020071655592915e+00 -4.333116579548248914e+00
-1.772022618847865161e+00 -4.370177019617417002e+00
-1.326791799762317092e+00 -4.242431083166341210e+00
-1.182169669998867301e+00 -3.909335986459052226e+00
-1.440823009109701403e+00 -3.517989313983452604e+00
-1.744075328872451536e+00 -3.159613641523453254e+00
-2.106944936289155024e+00 -2.770503153783427930e+00
-2.612063870953478251e+00 -2.595710222918761634e+00
-3.057159399460134708e+00 -2.814682963584854924e+00
-2.933241653634008017e+00 -3.344400711026199069e+00
-2.721888898665167922e+00 -3.852104395671008152e+00
-2.559272970067683062e+00 -4.373362237950775722e+00
-2.564968278892703957e+00 -4.913185624526098749e+00
-2.820754310957370059e+00 -4.874051198207697055e+00
-2.972402471143958280e+00 -5.336452961931726691e+00
-3.191854169930809171e+00 -5.402225156064881517e+00
-3.496183838971155922e+00 -5.835801328618259731e+00
-3.891623456391758218e+00 -6.219382016840401484e+00
-4.171709540374989977e+00 -6.014298789507007470e+00
-4.556531241061678728e+00 -5.958248049998607243e+00
-4.999595838039596174e+00 -6.286824189277929520e+00
-5.456820775141517643e+00 -6.594926127491726575e+00
-5.726074133871372318e+00 -6.320024220776915058e+00
-6.230418587418188103e+00 -6.321314794370558765e+00
-6.767470686172210037e+00 -6.422009431829373227e+00
-6.817514899596450739e+00 -6.412784148240248783e+00
-6.875484722099202806e+00 -6.393652757947394960e+00
-6.933454544601954872e+00 -6.374521367654538473e+00
-6.982292145306955966e+00 -6.345780473014027478e+00
-7.003810216546143330e+00 -6.288653570195094744e+00
-7.025328287785337800e+00 -6.231526667376167339e+00
-7.046846359024525164e+00 -6.174399764557236381e+00
-7.068364430263719633e+00 -6.117272861738308976e+00
-7.089882501502908774e+00 -6.060145958919381570e+00
-7.111400572742099691e+00 -6.003019056100449724e+00
-7.132918643981293272e+00 -5.945892153281521431e+00
-7.154436715220483300e+00 -5.888765250462595802e+00
-7.167326199032187262e+00 -5.830562013399238630e+00
-7.152878971938384289e+00 -5.771251069680242374e+00
-7.138431744844583093e+00 -5.711940125961239900e+00
-7.123984517750781009e+00 -5.652629182242241868e+00
-7.128843354939380816e+00 -5.595884853276967164e+00
-7.162954600678276051e+00 -5.545259431504115710e+00
-7.197065846417165957e+00 -5.494634009731266033e+00
-7.215655971547215941e+00 -5.475632117428368417e+00
-7.236262794898727257e+00 -5.473336759381805194e+00
-7.256869618250234133e+00 -5.471041401335242860e+00
-7.277476441601741897e+00 -5.468746043288680525e+00
-7.298083264953251437e+00 -5.466450685242120855e+00
-7.318690088304760977e+00 -5.464155327195552303e+00
-7.339296911656270517e+00 -5.461859969148991745e+00
-7.359903735007779169e+00 -5.459564611102430298e+00
-7.380510558359287820e+00 -5.457269253055863523e+00
-7.401117381710799137e+00 -5.454973895009304741e+00
-7.421724205062305124e+00 -5.452678536962741518e+00
-7.442331028413812000e+00 -5.450383178916178295e+00
-7.462937851765325092e+00 -5.448087820869615960e+00
-7.483544675116832856e+00 -5.445792462823053626e+00
-7.503775106464480871e+00 -5.441314179511057780e+00
-7.523784300947522041e+00 -5.435878926679576395e+00
-7.543793495430564988e+00 -5.430443673848097674e+00
-7.563802689913603494e+00 -5.425008421016618065e+00
-7.583811884396642888e+00 -5.419573168185136680e+00
-7.587474632065159597e+00 -5.369037607528371225e+00
-7.581328508898542928e+00 -5.296159425196472981e+00
-7.575182385731922707e+00 -5.223281242864573848e+00
-7.569036262565304263e+00 -5.150403060532676491e+00
-7.562890139398683154e+00 -5.077524878200778247e+00
-7.556744016232063821e+00 -5.004646695868879114e+00
-7.534846907480254430e+00 -4.935725117347709912e+00
-7.504331881648750091e+00 -4.869258302406091587e+00
-7.473816855817246640e+00 -4.802791487464471487e+00
-7.443301829985740525e+00 -4.736324672522852275e+00
-7.412786804154234410e+00 -4.669857857581234839e+00
-7.382271778322730960e+00 -4.603391042639616515e+00
-7.351756752491230174e+00 -4.536924227697998191e+00
-7.321241726659720506e+00 -4.470457412756378091e+00
-7.290726700828220608e+00 -4.403990597814759766e+00
-7.250967844987906474e+00 -4.342710790306181678e+00
-7.209999758338263121e+00 -4.282125147070775739e+00
-7.169031671688622431e+00 -4.221539503835364471e+00
-7.128063585038983518e+00 -4.160953860599953202e+00
-7.142122523585149096e+00 -4.130816974973514633e+00
-7.182687266273064530e+00 -4.119156802776376303e+00
-7.223252008960976411e+00 -4.107496630579243302e+00
-7.263816751648890069e+00 -4.095836458382104972e+00
-7.304381494336806391e+00 -4.084176286184968419e+00
-7.344946237024716496e+00 -4.072516113987830977e+00
-7.385510979712631041e+00 -4.060855941790696200e+00
-7.426075722400542034e+00 -4.049195769593560534e+00
-7.465995597868901434e+00 -4.035546797936776287e+00
-7.505624153827449518e+00 -4.021019736374178422e+00
-7.545252709786000267e+00 -4.006492674811578780e+00
-7.584881265744550127e+00 -3.991965613248982692e+00
-7.624509821703100876e+00 -3.977438551686384827e+00
-7.664138377661653401e+00 -3.962911490123789182e+00
-7.703766933620203261e+00 -3.948384428561189985e+00
-7.743395489578752233e+00 -3.933857366998591232e+00
-7.779675630657375329e+00 -3.913253966571612175e+00
-7.812460483219980212e+00 -3.886671803238813006e+00
-7.845245335782585983e+00 -3.860089639906012504e+00
-7.790601003203534880e+00 -3.746069571655678665e+00
-7.718431732549364099e+00 -3.623644534656027982e+00
-7.646262461895196871e+00 -3.501219497656378188e+00
-7.551652478259856416e+00 -3.398246250430137838e+00
-7.440470836695702417e+00 -3.309731077209831618e+00
-7.327692457218403455e+00 -3.223322771034713874e+00
-7.287876738413478606e+00 -3.115056665639141187e+00
-7.308788644940411139e+00 -2.991582952464927558e+00
-7.169614692160006797e+00 -2.962827010842396636e+00
-7.030440739379603343e+00 -2.934071069219866157e+00
-6.890925075451847626e+00 -2.907305881103766865e+00
-6.750089742225176437e+00 -2.888287410448800774e+00
-6.609254408998510577e+00 -2.869268939793833795e+00
-6.468419075771840276e+00 -2.850250469138867704e+00
-6.327583742545173529e+00 -2.831231998483901169e+00
-6.212559133361522434e+00 -2.754530219544534475e+00
-6.106069163667933175e+00 -2.660445066053332752e+00
-6.056573517589558975e+00 -2.527545955383905252e+00
-6.009603718701123753e+00 -2.393418660236718676e+00
-6.062853950693934735e+00 -2.299701392732659500e+00
-6.139202910491952991e+00 -2.224868164376832880e+00
-6.233705886861421241e+00 -2.187102848328493554e+00
-6.339722030809508801e+00 -2.173327763908663002e+00
-6.445738174757595473e+00 -2.159552679488829785e+00
-6.551754318705679481e+00 -2.145777595068998345e+00
-6.657770462653766153e+00 -2.132002510649164684e+00
-6.763786606601850160e+00 -2.118227426229334576e+00
-6.868533526180105930e+00 -2.097982106275643410e+00
-6.971702027086061904e+00 -2.069956472487755050e+00
-7.074870527992016989e+00 -2.041930838699864026e+00
-7.178039028897968521e+00 -2.013905204911976998e+00
-7.281207529803924494e+00 -1.985879571124088194e+00
-7.384376030709876026e+00 -1.957853937336200723e+00
-7.485920674335122094e+00 -1.924738876041816482e+00
-7.586064538268295188e+00 -1.887317194559959388e+00
-7.686208402201462064e+00 -1.849895513078101850e+00
-7.786341494684814180e+00 -1.812445074223420383e+00
-7.886412196051201029e+00 -1.774828183649713509e+00
-7.672729531752080057e+00 -1.550206560168805758e+00
-7.449489069871998659e+00 -1.310867612939108584e+00
-7.304461902535672735e+00 -1.048057716875675727e+00
-7.297642685735064028e+00 -8.047800630613435313e-01
-6.991769935285844895e+00 -6.875816176001108282e-01
-6.674849371934388209e+00 -6.071549239547446852e-01
-6.826477526151721875e+00 -3.528398618545924847e-01
-6.746016990874432295e+00 -1.663490031795360480e-01
-6.426069834228609778e+00 -1.412794460064206170e-01
-6.100507574563539315e+00 -1.773741847874932276e-01
-5.774945314898469739e+00 -2.134689235685645059e-01
-5.454023874479455358e+00 -2.773313883866967977e-01
-5.134520129626693574e+00 -3.495184517080698328e-01
-4.840266761400760842e+00 -4.877253058285000442e-01
-4.554726400371900574e+00 -6.482255155150107306e-01
-4.257978190187338363e+00 -7.730332605541281321e-01
-3.931614656621856163e+00 -8.009699576487179229e-01
-3.666114456563487778e+00 -6.410635632616954460e-01
-3.548641759798252693e+00 -3.352960362078838408e-01
-3.442790987990631102e+00 -5.705713961043290539e-02
-3.481126814471245723e+00 2.378046636104937939e-01
-3.692967703956386849e+00 4.309949449709846725e-01
-3.972752476427962698e+00 4.154127291365750096e-01
-4.233479879108513977e+00 2.725481230237667418e-01
-4.498412374231418376e+00 1.375522282024768117e-01
-4.772299170961052717e+00 2.998214067047877407e-02
-5.066187565234370638e+00 -1.521443333794358921e-02
-5.360476067610673745e+00 -5.586486765231901686e-02
-5.657794922588802677e+00 -5.869018350474242141e-02
-5.922219461137090413e+00 7.582549558751550123e-02
-5.770169299141428176e+00 3.109554257856932402e-01
-5.816707545536331736e+00 4.626349526871327278e-01
-6.099131520318691990e+00 5.529495399750281592e-01
-6.302005568472593744e+00 6.921544090176654507e-01
-6.336964415158436559e+00 8.796078614235920412e-01
-6.566535977404939217e+00 1.068573747817413100e+00
-6.817661940197673687e+00 1.223992610459767150e+00
-7.029887833707070932e+00 1.413671243998849469e+00
-6.992610205264228718e+00 1.477763696609015298e+00
-6.924299732820721864e+00 1.524495264972914654e+00
-6.853940809088323149e+00 1.566877321579931426e+00
-6.772118252671236682e+00 1.579336430238945432e+00
-6.690295696254147551e+00 1.591795538897959439e+00
-6.608473139837058419e+00 1.604254647556972557e+00
-6.526650583419971063e+00 1.616713756215986564e+00
-6.444828027002882820e+00 1.629172864874999682e+00
-6.363005470585796353e+00 1.641631973534012801e+00
-6.285124854650751658e+00 1.667473066731654185e+00
-6.209750891759857616e+00 1.701662624279633107e+00
-6.134376928868964463e+00 1.735852181827613805e+00
-6.108282136323363254e+00 1.792095960735052174e+00
-6.136977657634779426e+00 1.869727959188464794e+00
-6.096490119102214500e+00 1.912223188990693323e+00
-6.016657301961990889e+00 1.934060804122851529e+00
-5.936824484821766390e+00 1.955898419255010623e+00
-5.856582675238238167e+00 1.976168032194371982e+00
-5.798622583782020889e+00 2.005089175646375566e+00
-5.823395530047581481e+00 2.032323348227216719e+00
-5.843325843460217328e+00 2.054233765714559290e+00
-5.863256156872857616e+00 2.076144183201903637e+00
-5.883186470285497904e+00 2.098054600689249760e+00
-5.903116783698132863e+00 2.119965018176593219e+00
-5.923047097110770487e+00 2.141875435663940230e+00
-5.942977410523413440e+00 2.163785853151287242e+00
-5.962907723936051063e+00 2.185696270638630700e+00
-5.978856724537837231e+00 2.210585103324619993e+00
-5.993459145983741188e+00 2.236354330614394037e+00
-6.008061567429643368e+00 2.262123557904168081e+00
-6.022663988875547325e+00 2.287892785193939460e+00
-6.037266410321453058e+00 2.313662012483711727e+00
-6.051868831767354351e+00 2.339431239773486659e+00
-6.067693723208998691e+00 2.364396602042631912e+00
-6.085841152678166388e+00 2.387804859923191358e+00
-6.104007101591321316e+00 2.411198920863530937e+00
-6.122173050504472691e+00 2.434592981803873180e+00
-6.140338999417629395e+00 2.457987042744217199e+00
-6.095458436197320751e+00 2.502103797732873502e+00
-6.037947569369139345e+00 2.543442263509342105e+00
-5.980436702540956162e+00 2.584780729285812484e+00
-5.922925835712774756e+00 2.626119195062281086e+00
-5.865414968884592462e+00 2.667457660838750577e+00
-5.807904102056408391e+00 2.708796126615220068e+00
-5.749576323225135788e+00 2.748249012318325413e+00
-5.679095628123045358e+00 2.754755799736113175e+00
-5.608492449429704152e+00 2.760373603085972682e+00
-5.537889270736365610e+00 2.765991406435828637e+00
-5.467286092043027068e+00 2.771609209785687256e+00
-5.396682913349687638e+00 2.777227013135544986e+00
-5.326079734656348208e+00 2.782844816485403605e+00
-5.255476555963008778e+00 2.788462619835262224e+00
-5.185159153395296983e+00 2.796828133763304081e+00
-5.114923944129261102e+00 2.805959614225813858e+00
-5.044688734863223445e+00 2.815091094688323636e+00
-4.974453525597185788e+00 2.824222575150834302e+00
-4.904218316331149907e+00 2.833354055613344968e+00
-4.871887271098136019e+00 2.856030772364616332e+00
-4.890282717657502332e+00 2.911033414786656337e+00
-4.908678164216866868e+00 2.966036057208692789e+00
-4.927073610776235846e+00 3.021038699630731905e+00
-4.945469057335598606e+00 3.076041342052767469e+00
-4.963864503894966695e+00 3.131043984474805697e+00
-4.982259950454332120e+00 3.186046626896844813e+00
-5.001768467602454749e+00 3.240661644336274350e+00
-5.021604547765766036e+00 3.295161305356131720e+00
-5.041440627929081764e+00 3.349660966375992643e+00
-5.061276708092400156e+00 3.404160627395851790e+00
-5.081112788255715884e+00 3.458660288415710937e+00
-5.100836458179129451e+00 3.513196696135795882e+00
-5.113750543582137986e+00 3.569713982933470753e+00
-5.125886938130911119e+00 3.626427218204274716e+00
-5.138023332679678923e+00 3.683140453475077791e+00
-5.150516855151885842e+00 3.739775936890002761e+00
-5.163079734809016941e+00 3.796396226382775296e+00
-5.175642614466148039e+00 3.853016515875551384e+00
-5.029450989030344488e+00 3.873912316624071650e+00
-4.850181651043311781e+00 3.864016900825591350e+00
-4.670804795889303307e+00 3.857279032179702583e+00
-4.491274263558455715e+00 3.855228969464751465e+00
-4.311743731227603682e+00 3.853178906749799459e+00
-4.135459123596874065e+00 3.836743555567806219e+00
-3.974211448839041871e+00 3.757784058473871980e+00
-3.812777353153001592e+00 3.679522039837621605e+00
-3.751269305129477871e+00 3.842235729022989155e+00
-3.662891250927773790e+00 3.928037985922454567e+00
-3.515552322782713901e+00 3.825438497379871627e+00
-3.423179411863776167e+00 3.676190453881783782e+00
-3.347388069954057244e+00 3.513429625401289336e+00
-3.271596728044334768e+00 3.350668796920793113e+00
-3.197399019011815113e+00 3.187188133503288334e+00
-3.125480018767922807e+00 3.022679555611274438e+00
-3.020862462162726025e+00 2.888369583034730681e+00
-2.861813717054409345e+00 2.805141489324260107e+00
-2.683429960407253567e+00 2.786401826590033437e+00
-2.659082420621366794e+00 2.881976307861171094e+00
-2.671169374622357928e+00 2.997683866244743811e+00
-2.683256328623347287e+00 3.113391424628315640e+00
-2.695343282624341086e+00 3.229098983011888357e+00
-2.707430236625334885e+00 3.344806541395464627e+00
-2.734370028454821799e+00 3.457887935889957909e+00
-2.763028052190109385e+00 3.570640103051825776e+00
-2.791686075925398747e+00 3.683392270213691866e+00
-2.820206623831563064e+00 3.796175347769865205e+00
-2.817663408952631343e+00 3.912223068560501282e+00
-2.812693199241437014e+00 4.028454004801835353e+00
-2.807722989530239133e+00 4.144684941043167647e+00
-2.802515899568297719e+00 4.260898684882780785e+00
-2.786841190176547300e+00 4.376175035491195686e+00
-2.771166480784793329e+00 4.491451386099608811e+00
-2.755491771393042910e+00 4.606727736708024601e+00
-2.741917644310908564e+00 4.722256460126171618e+00
-2.729908312113471069e+00 4.837972100660548058e+00
-2.717898979916030910e+00 4.953687741194928051e+00
-2.276555395940505377e+00 4.773230098584170911e+00
-1.835019498788600822e+00 4.573480749528059164e+00
-1.513629998468558169e+00 4.372137906307680844e+00
-1.145752511264489515e+00 4.640162781827987359e+00
-9.279632188966276951e-01 4.211837353015833507e+00
-7.627419352908141326e-01 3.756060091795089484e+00
-5.509728232205677312e-01 3.602441244993456415e+00
-2.000721531471357229e-01 3.936723623504210678e+00
1.694097690933554778e-02 3.518478097006095595e+00
5.076322405729605247e-02 3.034765104948143666e+00
4.574486925037615781e-02 2.550725210785786068e+00
1.017621204029987569e-01 2.210857483758358555e+00
-6.288293057875113390e-02 1.931311579528114386e+00
-4.816171610654265134e-01 1.686746346432035359e+00
-8.661380086906566023e-01 1.404001317567693974e+00
-1.069485181879494151e+00 9.737404840503076642e-01
-9.753892019739895947e-01 5.063227768436533438e-01
-5.695140914115124353e-01 2.444730594292909842e-01
-1.402690819493015717e-01 1.886189453176756459e-02
