1.293205019149824553e-01 1.271240572714127381e-02
1.808813155562265518e-01 3.268552429674809190e-02
2.302718742966322618e-01 5.959570264707414466e-02
2.796624330370379719e-01 8.650588099740064152e-02
3.290529917774436819e-01 1.134160593477289147e-01
3.784435505178487258e-01 1.403262376980540793e-01
4.278341092582541583e-01 1.672364160483801321e-01
4.772246679986599238e-01 1.941465943987061848e-01
5.266152267390655783e-01 2.210567727490331258e-01
5.755317297097909401e-01 2.487964164004212719e-01
6.232219125394280468e-01 2.786164005253608522e-01
6.709120953690619338e-01 3.084363846503030970e-01
7.186022781986978192e-01 3.382563687752422332e-01
7.662924610283344817e-01 3.680763529001818135e-01
8.139826438579720325e-01 3.978963370251222820e-01
8.616728266876059195e-01 4.277163211500645268e-01
9.093630095172420269e-01 4.575363052750027748e-01
9.570260903972103161e-01 4.873981892250562886e-01
1.003104971492764452e+00 5.196390879593812961e-01
1.188605033041220782e+00 7.575341178880914406e-01
1.230398824633413879e+00 9.885166729070187230e-01
1.240183787686263805e+00 1.223919360031463732e+00
1.252839786706320346e+00 1.459180345021637848e+00
1.302342212020718648e+00 1.689092550567599105e+00
1.362632021192291099e+00 1.913581978624510960e+00
1.412540460277459609e+00 2.141768022006107053e+00
1.466316230995138081e+00 2.371073111419706336e+00
1.525926937145380524e+00 2.599010631439218066e+00
1.607207240543097715e+00 2.818383646182997637e+00
1.721187237442970197e+00 3.024389876750374739e+00
1.810367084518873071e+00 3.237548738394593784e+00
1.932149268297379541e+00 3.438694795780852687e+00
2.023141232723558502e+00 3.650665842022983831e+00
2.163698024281532462e+00 3.839733983869919598e+00
2.294681243521984548e+00 4.035255308255537798e+00
2.449150020811248218e+00 4.213158561317744244e+00
2.605779468034942425e+00 4.389159990886605911e+00
2.767652609226892935e+00 4.560135150569496254e+00
2.644785728990479257e+00 4.377492661854867073e+00
2.492316171402751301e+00 4.203351551489251214e+00
2.335894339406003439e+00 4.032822331222611467e+00
2.208269164532403295e+00 3.840160470841877505e+00
2.069202767941757060e+00 3.655642447063432776e+00
1.976806166577402157e+00 3.449967860455239510e+00
1.856141022628060577e+00 3.252367744131070104e+00
1.788304070733716777e+00 3.036054782305440014e+00
1.659616710370716453e+00 2.844414499667242247e+00
1.571403125328548978e+00 2.631528722279524501e+00
1.505961550788019521e+00 2.409413247043876716e+00
1.453291300396001295e+00 2.183938082532805858e+00
1.416895521298697114e+00 1.955799111791218792e+00
1.366976526231212130e+00 1.731324289028613350e+00
1.309990579288585977e+00 1.507464991449720237e+00
1.283162564822182050e+00 1.277902347358572221e+00
1.269031817119844030e+00 1.046778558044549889e+00
1.241131978148078963e+00 8.169291823456474866e-01
1.187837439386437710e+00 5.922239905020325601e-01
1.252218436027971338e+00 6.029540873671930257e-01
1.323001401684009926e+00 6.334125565619106446e-01
1.393784367340051844e+00 6.638710257566273754e-01
1.464567332996093763e+00 6.943294949513432179e-01
1.535350298652132794e+00 7.247879641460626132e-01
1.606107274510131466e+00 7.553047915359472064e-01
1.675969733003670914e+00 7.878186315332960099e-01
1.745786022502429091e+00 8.204320075219198038e-01
1.815602312001187046e+00 8.530453835105449301e-01
1.885418601499945224e+00 8.856587594991691681e-01
1.955234890998702069e+00 9.182721354877911857e-01
2.025051180497460024e+00 9.508855114764154237e-01
2.094703880104386684e+00 9.838391478335286600e-01
2.161448886109047507e+00 1.022323734398174366e+00
2.228002049192093992e+00 1.061164731506785142e+00
2.294555212275139588e+00 1.100005728615395029e+00
2.361156238627101445e+00 1.138763075121794088e+00
2.433319469283796721e+00 1.164943150834548469e+00
2.506902052887076238e+00 1.187824365029082951e+00
2.598056737152241169e+00 1.349761869879725573e+00
2.641566076329699975e+00 1.507170128803756448e+00
2.686734572889218242e+00 1.661236634222070130e+00
2.718950834943082207e+00 1.815598597224879818e+00
2.814241797027718484e+00 1.946514185197520064e+00
2.890419010071974881e+00 2.091448007727265690e+00
2.969427624360072571e+00 2.234488776582844061e+00
3.070427613433846403e+00 2.360247393106456926e+00
3.144132828616312381e+00 2.506311532889814231e+00
3.221919453216810503e+00 2.646868958885810308e+00
3.341864560614466129e+00 2.757711007809616532e+00
3.454982518630920652e+00 2.870848530198927051e+00
3.576867752737325823e+00 2.967552603160600988e+00
3.700318996400937088e+00 3.075025031031647593e+00
3.803325274194635064e+00 3.202028747135618580e+00
3.913173629852582103e+00 3.312599148751869116e+00
4.029939167545093071e+00 3.426689602370291965e+00
4.173330198429186844e+00 3.503784697481300725e+00
4.328116136098471678e+00 3.556497353178082577e+00
4.205195213422869394e+00 3.482517831208818748e+00
4.063522001504900061e+00 3.408600909113197019e+00
3.951908610690397339e+00 3.295624551889786424e+00
3.832283391411240636e+00 3.196577763165006303e+00
3.740032241838100902e+00 3.065633661474309157e+00
3.620036838657549438e+00 2.960250315660532650e+00
3.491723095876278826e+00 2.867067942623552135e+00
3.395420714848019550e+00 2.744769479301170989e+00
3.278244477625702480e+00 2.636843799579542846e+00
3.186332899842645006e+00 2.507084601194557116e+00
3.111746497996510818e+00 2.365177436357486229e+00
3.037160096150374855e+00 2.223270271520416230e+00
2.944447172616650121e+00 2.092555157672920885e+00
2.864885513956122232e+00 1.954580958695765425e+00
2.786744056698306160e+00 1.817164641081272514e+00
2.734416959791591495e+00 1.675066311545449160e+00
2.706297376083595552e+00 1.520092201091029160e+00
2.642391283466657192e+00 1.374311594291811822e+00
2.603199963197888600e+00 1.219323994057841976e+00
2.676010165418506226e+00 1.227717566051874876e+00
2.754326924973564239e+00 1.252070917927401883e+00
2.832643684528623140e+00 1.276424269802931555e+00
2.910960444083681153e+00 1.300777621678459006e+00
2.989277203638739167e+00 1.325130973553986458e+00
3.067593963193798068e+00 1.349484325429514797e+00
3.145910722748856969e+00 1.373837677305043137e+00
3.223132061202033327e+00 1.401180887697466737e+00
3.297823387548184826e+00 1.435060178472673087e+00
3.372514713894333660e+00 1.468939469247882990e+00
3.447206040240481606e+00 1.502818760023092892e+00
3.521897366586630440e+00 1.536698050798301907e+00
3.598613485445948612e+00 1.565380359977492475e+00
3.676930245001006625e+00 1.589733711853019926e+00
3.755247004556066415e+00 1.614087063728548266e+00
3.833282824393132948e+00 1.639144860786464264e+00
3.905643331196221091e+00 1.677727139317644500e+00
3.977663146951152306e+00 1.716966745755573953e+00
4.054443976311556952e+00 1.745203042005680771e+00
4.113593341221379873e+00 1.847427072259218761e+00
4.125209035682700254e+00 1.946872854651583218e+00
4.156812481995953767e+00 2.042634121617046716e+00
4.188415928309207281e+00 2.138395388582507550e+00
4.215905166166551865e+00 2.235119102524161683e+00
4.228492210029813236e+00 2.335171910563166087e+00
4.267499269211252333e+00 2.427298455901746088e+00
4.314415771939002830e+00 2.516561213205687153e+00
4.361332274666752440e+00 2.605823970509628218e+00
4.454384244240896962e+00 2.638855429237696448e+00
4.552118214878732694e+00 2.663696303881478045e+00
4.650502025338389522e+00 2.685728897800808923e+00
4.749296890414709260e+00 2.705942079248992549e+00
4.846630617003510721e+00 2.730600191120900355e+00
4.932213783778207628e+00 2.782350702486983351e+00
5.006810532595439511e+00 2.850205865412171136e+00
5.088290883647850649e+00 2.907813655712849332e+00
5.181715040807298500e+00 2.945735173466188961e+00
5.277885115678961014e+00 2.976047925009249973e+00
5.213834630390855374e+00 2.924822873822745528e+00
5.126317156088351368e+00 2.885125761656528454e+00
5.046624102657713884e+00 2.833393891216932303e+00
4.977307967915769460e+00 2.766832322071794081e+00
4.903065007132711983e+00 2.708201190560154181e+00
4.809926583135177403e+00 2.684528358074752319e+00
4.716788159137639269e+00 2.660855525589352233e+00
4.622842897771233694e+00 2.640678510040425309e+00
4.528693463626626503e+00 2.621415772102191788e+00
4.437037167281420835e+00 2.595246806416335872e+00
4.376662273099828582e+00 2.524466503217666968e+00
4.331951830098065948e+00 2.439400967839271850e+00
4.290886763375975299e+00 2.352939352014796093e+00
4.272176104679022757e+00 2.258687520425496587e+00
4.248546931247040526e+00 2.165968253200381888e+00
4.210492412242651916e+00 2.077724145147942458e+00
4.173045996983200112e+00 1.989235683800133714e+00
4.158890031083251060e+00 1.894418713544954613e+00
4.142389900914512424e+00 1.799872656663256798e+00
4.233490481090711910e+00 1.785050851330707289e+00
4.340455636249913596e+00 1.801089244600600381e+00
4.447372742788176403e+00 1.817386073378765232e+00
4.552333353767122226e+00 1.843472632709893588e+00
4.657161195716296831e+00 1.870116544381994927e+00
4.761989037665474100e+00 1.896760456054095378e+00
4.866816879614652258e+00 1.923404367726193165e+00
4.971901607126540945e+00 1.949009477793257616e+00
5.077223738434338607e+00 1.973571448321116861e+00
5.184184395878085994e+00 1.989585061675644972e+00
5.291210082838608386e+00 2.005214046008816808e+00
5.397843530118185740e+00 2.023308995006617650e+00
5.504412527617201789e+00 2.041797457597279930e+00
5.610102286538216632e+00 2.063946227839100089e+00
5.713384865611804919e+00 2.096062942129641726e+00
5.817062302448889000e+00 2.126678055692166502e+00
5.924942514746113886e+00 2.133583785305685154e+00
6.032637162737295888e+00 2.133903512863931873e+00
6.137725156823007566e+00 2.108304919622237428e+00
5.803717859400089552e+00 2.079334778172754028e+00
5.475424532058632998e+00 2.001946585144048107e+00
5.144565373822332255e+00 1.936204982180153245e+00
4.814965380576352594e+00 1.864433072753794107e+00
4.485487940642548743e+00 1.792062241291215052e+00
4.154903365414083005e+00 1.725044992243090825e+00
3.844797576471780332e+00 1.594814008172853015e+00
3.523910604536908409e+00 1.491380386967598781e+00
3.215594278042762433e+00 1.355476667793232615e+00
2.896803816235199669e+00 1.245605090124333181e+00
2.572605740165363919e+00 1.154227573748920488e+00
2.262477936230155251e+00 1.030668085734804951e+00
1.960790923376015238e+00 8.797584402985214602e-01
1.654359290417824369e+00 7.388400541670749888e-01
1.346470325557725056e+00 6.010091528700605146e-01
1.058015020716050802e+00 4.482524261049447567e-01
7.736028186168797394e-01 2.668614910170323817e-01
4.887144113103288889e-01 8.622174794759551730e-02
2.245216668604224086e-01 -1.188891449621438667e-01
3.049920945248033588e-01 -2.011125524135963794e-01
4.075724391934700819e-01 -2.711100511512762878e-01
5.101527838621366939e-01 -3.411075498889557522e-01
6.147491120944921228e-01 -4.078683633334914127e-01
7.235672259708437748e-01 -4.677097790442443781e-01
8.323853398471966480e-01 -5.275511947549946790e-01
9.412034537235476339e-01 -5.873926104657480884e-01
1.050021567599904060e+00 -6.472340261765006098e-01
1.158839681476255601e+00 -7.070754418872531311e-01
1.267657795352608030e+00 -7.669168575980038760e-01
1.376529078838476972e+00 -8.266604010418425741e-01
1.486408405426336010e+00 -8.845293145308317229e-01
1.596336037318928813e+00 -9.423072747610179434e-01
1.706263669211517398e+00 -1.000085234991203942e+00
1.816191301104110423e+00 -1.057863195221390606e+00
1.926118932996699451e+00 -1.115641155451575717e+00
2.036046564889291588e+00 -1.173419115681763270e+00
2.145974196781881282e+00 -1.231197075911947936e+00
2.255901828674473641e+00 -1.288975036142135489e+00
2.543546085740198137e+00 -1.212374418614270866e+00
2.811979335937407676e+00 -1.128902509992355752e+00
3.080494812721816800e+00 -1.045701735733333804e+00
3.359906422015807692e+00 -1.015278102491274037e+00
3.631446344114451108e+00 -9.525497691355770957e-01
3.910845819025267289e+00 -9.752534809534996185e-01
4.191511167176459551e+00 -9.901294965328539810e-01
4.472621940059122281e+00 -9.892912186945330699e-01
4.748408637818828382e+00 -9.885632457412893981e-01
5.020000308677133205e+00 -1.060205446343276181e+00
5.297424079000050412e+00 -1.105592900559606795e+00
5.577470225825591932e+00 -1.099344342782132111e+00
5.858293331739832688e+00 -1.088465426363716348e+00
6.133414022428659074e+00 -1.133873851445677206e+00
6.412948951919959839e+00 -1.162309845055983892e+00
6.693599780140576883e+00 -1.178405868151910063e+00
6.974134046956685928e+00 -1.196063179975015212e+00
7.253923484650669273e+00 -1.223299917946151227e+00
7.532078787013136711e+00 -1.261474276708953957e+00
7.276955843191891482e+00 -1.271722018585637937e+00
7.000017118300933205e+00 -1.241252009943207835e+00
6.722373996483491432e+00 -1.218934257245594566e+00
6.444308040489331368e+00 -1.201533024876764388e+00
6.166687942779145892e+00 -1.178409466771627834e+00
5.890571463828742971e+00 -1.142361705333977850e+00
5.612416378323181299e+00 -1.139841880790850137e+00
5.336051186022974235e+00 -1.160738005973577680e+00
5.061738654237570856e+00 -1.111992609510087604e+00
4.792036780991016265e+00 -1.043150000820650014e+00
4.519443409541890055e+00 -1.030161677407808396e+00
4.241919980842177473e+00 -1.031831325289907841e+00
3.963679601933414176e+00 -1.017486628862048548e+00
3.685761710350948128e+00 -9.978873908898737710e-01
3.412393076012803839e+00 -1.046108273170548886e+00
3.138302052654617036e+00 -1.096026363244809954e+00
2.868175259885788364e+00 -1.162198236901032411e+00
2.602254634965363245e+00 -1.245308927047887870e+00
2.339702385307323773e+00 -1.338525799675835071e+00
2.402987660671552561e+00 -1.418448646224537812e+00
2.483814358178560333e+00 -1.494484208004673853e+00
2.564641055685572546e+00 -1.570519769784811226e+00
2.645467753192583871e+00 -1.646555331564948377e+00
2.726294450699593419e+00 -1.722590893345083307e+00
2.807121148206605632e+00 -1.798626455125220014e+00
2.887947845713614292e+00 -1.874662016905356943e+00
2.968774543220624729e+00 -1.950697578685494094e+00
3.048331613165423448e+00 -2.028022145527690334e+00
3.125192798894970814e+00 -2.108064133342581581e+00
3.208985934545941276e+00 -2.179665771051652712e+00
3.304311835339811765e+00 -2.236475403359458713e+00
3.399637736133679589e+00 -2.293285035667261162e+00
3.494963636927551853e+00 -2.350094667975065832e+00
3.590289537721422342e+00 -2.406904300282870057e+00
3.685615438515292830e+00 -2.463713932590676059e+00
3.780941339309159765e+00 -2.520523564898480728e+00
3.876267240103031142e+00 -2.577333197206285398e+00
3.971593140896902518e+00 -2.634142829514090067e+00
4.183533946004602377e+00 -2.633078042086791637e+00
4.384812480654796119e+00 -2.613678343823198080e+00
4.586115244917579936e+00 -2.594693976278302561e+00
4.788143295015683698e+00 -2.602489398406817589e+00
4.987323830042882378e+00 -2.629589852237787628e+00
5.181539198184427875e+00 -2.685890718850059589e+00
5.375754566325969819e+00 -2.742191585462327996e+00
5.569969934467512651e+00 -2.798492452074597736e+00
5.758725278163344896e+00 -2.869842472046115756e+00
5.943404146322658121e+00 -2.952202125147873168e+00
6.128083014481974011e+00 -3.034561778249634134e+00
6.312761882641287237e+00 -3.116921431351391103e+00
6.497440750800597797e+00 -3.199281084453148516e+00
6.677001683635284124e+00 -3.290951314171009390e+00
6.845162789588504992e+00 -3.403251088205676123e+00
7.026275834273296717e+00 -3.491518993638874857e+00
7.213051457508631081e+00 -3.569006175602720710e+00
7.399827080743970775e+00 -3.646493357566568339e+00
7.572328563643505817e+00 -3.751495559792412227e+00
7.408761720720349331e+00 -3.694577785016643023e+00
7.225293255224630506e+00 -3.624089927249453780e+00
7.041938716800846265e+00 -3.553320321147185545e+00
6.861889959285092822e+00 -3.474506230776265969e+00
6.696941035993417835e+00 -3.368503926844386598e+00
6.528690514193322691e+00 -3.268144099066686792e+00
6.350365266322208768e+00 -3.185504387694568784e+00
6.171152209354693774e+00 -3.104821100912561249e+00
5.991478996170161331e+00 -3.025154593596693253e+00
5.811509301241416736e+00 -2.946225290477145098e+00
5.625713542707771353e+00 -2.882126926534501976e+00
5.439856285306092332e+00 -2.818202785593165505e+00
5.251167774507750075e+00 -2.763478732430078910e+00
5.061498225513630267e+00 -2.711955163955737103e+00
4.869639088459503107e+00 -2.672789711907545218e+00
4.673598193011727631e+00 -2.658747517064971699e+00
4.477558949952229916e+00 -2.667882339245061019e+00
4.281563631122118352e+00 -2.682546953820473590e+00
4.088350075387350735e+00 -2.712047986780186104e+00
4.121445224000408913e+00 -2.801191876093079625e+00
4.182899977366862920e+00 -2.880686641139829529e+00
4.244354730733316039e+00 -2.960181406186578101e+00
4.305809484099770046e+00 -3.039676171233328006e+00
4.367264237466223165e+00 -3.119170936280076578e+00
4.428718990832679836e+00 -3.198665701326826927e+00
4.492848384066704170e+00 -3.275936451062895216e+00
4.560314322057005931e+00 -3.350397525405523602e+00
4.627780260047301475e+00 -3.424858599748151988e+00
4.695246198037603236e+00 -3.499319674090780374e+00
4.762712136027903220e+00 -3.573780748433411425e+00
4.830178074018204093e+00 -3.648241822776039367e+00
4.897644012008505854e+00 -3.722702897118669085e+00
4.965109949998804062e+00 -3.797163971461295251e+00
5.043118897877724827e+00 -3.860489851273135820e+00
5.121165907299111808e+00 -3.923773093142905566e+00
5.199212916720497013e+00 -3.987056335012675312e+00
5.277259926141878665e+00 -4.050339576882445058e+00
5.357504591501711211e+00 -4.110760634171827022e+00
5.489125456615651544e+00 -4.113813355692559348e+00
5.603500734136901862e+00 -4.074159973384590572e+00
5.717876011658151292e+00 -4.034506591076623572e+00
5.834067164527126259e+00 -4.000838313335350449e+00
5.951240356433534551e+00 -3.970432097934733839e+00
6.067333442499603713e+00 -3.977734889829409148e+00
6.181960643286129375e+00 -4.016654032630478710e+00
6.296587844072654150e+00 -4.055573175431546495e+00
6.412181455581930756e+00 -4.091500188997079235e+00
6.527981762733172211e+00 -4.126776012165406904e+00
6.643782069884411001e+00 -4.162051835333731908e+00
6.723158730644848369e+00 -4.249284643330095257e+00
6.792244479462220319e+00 -4.348689140949002940e+00
6.861330228279591381e+00 -4.448093638567910624e+00
6.930415977096965108e+00 -4.547498136186816531e+00
7.028170472496560350e+00 -4.616765350583262872e+00
7.132035970413287629e+00 -4.678942944449820729e+00
7.232902018171746938e+00 -4.745419404501900473e+00
7.325287307757637478e+00 -4.823643781167076483e+00
7.203470976670065085e+00 -4.779482546464637771e+00
7.105108019266299202e+00 -4.721937122892509109e+00
7.006745061862535096e+00 -4.664391699320378670e+00
6.908382104458769213e+00 -4.606846275748247344e+00
6.839340442318595947e+00 -4.518502606948343825e+00
6.777611545211849275e+00 -4.422709650916620383e+00
6.715882648105104380e+00 -4.326916694884897829e+00
6.654094059198198963e+00 -4.231165225144703612e+00
6.552438459118276270e+00 -4.187942967761312474e+00
6.443124864666250673e+00 -4.155736054974006777e+00
6.333811270214225075e+00 -4.123529142186699303e+00
6.224480894554889510e+00 -4.091388587151858047e+00
6.112936722197821027e+00 -4.068051419483142972e+00
6.001376695976024855e+00 -4.044789850569999956e+00
5.889969070100510073e+00 -4.060142295314626892e+00
5.778657190360167561e+00 -4.084563855297180801e+00
5.667345310619820609e+00 -4.108985415279733822e+00
5.556763895769839756e+00 -4.135984673843859483e+00
5.458339954703118835e+00 -4.193425730486350034e+00
5.490595140061129698e+00 -4.287884084041131416e+00
5.581133080227917986e+00 -4.390510132741563432e+00
5.671671020394704499e+00 -4.493136181441996335e+00
5.762208960561494564e+00 -4.595762230142427462e+00
5.852746900728284629e+00 -4.698388278842862142e+00
5.943561925494953435e+00 -4.800765923412091851e+00
6.036867886569989849e+00 -4.900881966628809927e+00
6.130173847645031593e+00 -5.000998009845528003e+00
6.220349370881520734e+00 -5.103854535842605955e+00
6.306613996901510255e+00 -5.210097835768482177e+00
6.392878622921501552e+00 -5.316341135694357511e+00
6.479143248941491962e+00 -5.422584435620232846e+00
6.561385276097474240e+00 -5.531911539202233108e+00
6.641262220174310116e+00 -5.643037136102556417e+00
6.721139164251151321e+00 -5.754162733002889496e+00
6.801016108327990750e+00 -5.865288329903217246e+00
6.880893052404828403e+00 -5.976413926803543220e+00
6.960769996481666944e+00 -6.087539523703872746e+00
7.040646940558507261e+00 -6.198665120604202272e+00
6.727950569679043369e+00 -5.837728378873190849e+00
6.424478285455991866e+00 -5.452336652531950101e+00
6.121523523567262259e+00 -5.066573717560400425e+00
5.796601424126373026e+00 -4.698886930840375342e+00
5.473689134031712200e+00 -4.329454009856659624e+00
5.120037217672086527e+00 -3.992100990518780534e+00
4.765698203424308055e+00 -3.654878602192761505e+00
4.439430945528460626e+00 -3.288391827759011399e+00
4.135901945372200572e+00 -2.902862737353200107e+00
3.768910232492512336e+00 -2.588732164423697579e+00
3.351122341395663007e+00 -2.331436845687245629e+00
2.967022605289617587e+00 -2.029790066424124184e+00
2.607008413135040392e+00 -1.696387066234658958e+00
2.237921743830367127e+00 -1.375428152383132430e+00
1.806622166009263619e+00 -1.141443926408569620e+00
1.375322588188161888e+00 -9.074597004340116957e-01
9.480207332936383402e-01 -6.664029496897692084e-01
5.252209410368514630e-01 -4.173883326465479549e-01
8.218155085206305110e-02 -2.282615416506512673e-01
4.728509781857179184e-02 -3.567525865002427743e-01
4.806029868115613279e-02 -4.983204292074412400e-01
4.883549954373933577e-02 -6.398882719146423703e-01
4.961070040632403755e-02 -7.814561146218417242e-01
5.038590126890749032e-02 -9.230239573290421884e-01
5.116110213149183128e-02 -1.064591800036241320e+00
5.193630299407991924e-02 -1.206159642743442006e+00
5.271150385666423244e-02 -1.347727485450641360e+00
5.348670471924782399e-02 -1.489295328157842047e+00
5.426190558183227597e-02 -1.630863170865041178e+00
5.503710644441561772e-02 -1.772431013572242087e+00
5.581230730700009746e-02 -1.913998856279440774e+00
5.632357630072401533e-02 -2.055567413525372977e+00
5.625700734926691871e-02 -2.197137362998144106e+00
5.619043839781071026e-02 -2.338707312470913013e+00
5.612386944635014419e-02 -2.480277261943681921e+00
5.605730049489307532e-02 -2.621847211416453050e+00
5.599073154343250924e-02 -2.763417160889221957e+00
7.221954679856301684e-02 -2.903916764993849764e+00
3.491562587130482287e-01 -3.120603355330041850e+00
6.205164173000973227e-01 -3.308357533559346919e+00
8.566076286664476847e-01 -3.537959022482256355e+00
1.086945876223043284e+00 -3.774247530081562552e+00
1.315110877183248483e+00 -4.012626539751847687e+00
1.542236755793585656e+00 -4.252004488561739848e+00
1.769362634403921941e+00 -4.491382437371632896e+00
1.964290949348356241e+00 -4.757466576302629591e+00
2.156888823305814995e+00 -5.025410648933503310e+00
2.349486697263270862e+00 -5.293354721564375254e+00
2.542244864138693217e+00 -5.561180476395754191e+00
2.744241177679552557e+00 -5.821732357472415131e+00
2.923218266296037093e+00 -6.098960005554847186e+00
3.102195354912518965e+00 -6.376187653637282793e+00
3.303869297488439827e+00 -6.637172725393105210e+00
3.508993977027681233e+00 -6.895652575584322541e+00
3.712309285345520848e+00 -7.155544608891430514e+00
3.913182352954402532e+00 -7.417342198300405087e+00
4.143574234873534934e+00 -7.653427294295803485e+00
3.937293621434124979e+00 -7.505593000457775332e+00
3.723664398958533184e+00 -7.252597819706209314e+00
3.518263095417791142e+00 -6.991310593542383600e+00
3.312403546281432298e+00 -6.730384497370960339e+00
3.108724792360564315e+00 -6.467814534208720545e+00
2.914740993903969901e+00 -6.197942349667643569e+00
2.723579536030699799e+00 -5.926068216655504095e+00
2.532999187917424067e+00 -5.653782132979040753e+00
2.339042069327232909e+00 -5.383890935002188627e+00
2.145058270870638495e+00 -5.114018750461111651e+00
1.951074472414041638e+00 -4.844146565920029346e+00
1.757090673957447668e+00 -4.574274381378950594e+00
1.537551550121861066e+00 -4.325081600554142369e+00
1.313161709443671388e+00 -4.079934834187497472e+00
1.074837078242896427e+00 -3.848284062085108204e+00
8.365124470421175795e-01 -3.616633289982717159e+00
5.956195160122806920e-01 -3.387667965586744323e+00
3.350515595806498048e-01 -3.182121012080041389e+00
6.726661217268570248e-02 -2.985266457301536391e+00
6.529109761159374026e-02 -3.140188753602588090e+00
6.352522157198811636e-02 -3.278670937650807193e+00
6.175934553237985569e-02 -3.417153121699022744e+00
5.999346949277498120e-02 -3.555635305747240515e+00
5.822759345316588786e-02 -3.694117489795457399e+00
5.646171741356015294e-02 -3.832599673843676058e+00
5.469584137395527845e-02 -3.971081857891893829e+00
5.710735244633030616e-02 -4.109538272723130881e+00
6.085070046661780752e-02 -4.247981116389933476e+00
6.459404848690483703e-02 -4.386423960056736959e+00
6.833739650719236614e-02 -4.524866803723539554e+00
7.208074452747648131e-02 -4.663309647390340373e+00
7.582409254776423246e-02 -4.801752491057142080e+00
7.956744056805079013e-02 -4.940195334723946452e+00
8.331078858833487755e-02 -5.078638178390747271e+00
8.705413660862287850e-02 -5.217081022057549866e+00
9.058749734235599371e-02 -5.355529181174809139e+00
9.379766554889745755e-02 -5.493985414104344045e+00
9.700783375543958753e-02 -5.632441647033877175e+00
2.968653949088720934e-01 -5.779029045330200454e+00
4.913334699249383153e-01 -5.906738278316406188e+00
6.565748707822234298e-01 -6.070997103038338949e+00
8.218162716395087664e-01 -6.235255927760271710e+00
9.840070670163691968e-01 -6.402121869654235908e+00
1.115284840991320303e+00 -6.594610383899867756e+00
1.246562614966270965e+00 -6.787098898145499604e+00
1.370058266634869071e+00 -6.984410358829625132e+00
1.483010824097120484e+00 -7.188193090725746970e+00
1.595963381559373229e+00 -7.391975822621866143e+00
1.700993110565295785e+00 -7.599835548567713595e+00
1.800945489712777237e+00 -7.810299806718753679e+00
1.886100103645350190e+00 -8.026395614210134255e+00
1.949247619247119312e+00 -8.250667933789777919e+00
2.007033252783837263e+00 -8.476313025578935623e+00
2.062747556323097697e+00 -8.702322256330015549e+00
2.145963006082165947e+00 -8.919947785571658017e+00
2.229178455841227979e+00 -9.137573314813302261e+00
2.281396444634001597e+00 -9.363586332792449340e+00
2.194694805080409594e+00 -9.183594348781497274e+00
2.098720551385278021e+00 -8.973768584637069168e+00
2.026424634483324105e+00 -8.754839066695893735e+00
1.964956608701609264e+00 -8.532554761665428700e+00
1.910617852635701164e+00 -8.308311125723756518e+00
1.855035391398298872e+00 -8.084434128926265117e+00
1.768414017002711613e+00 -7.870590513615048245e+00
1.676214135190624122e+00 -7.659433012245242089e+00
1.560424681999106777e+00 -7.459856682985631871e+00
1.444635228807583438e+00 -7.260280353726021652e+00
1.327815518388619997e+00 -7.061334609723679989e+00
1.202433496226314347e+00 -6.867640889666412285e+00
1.077051474064012471e+00 -6.673947169609146357e+00
9.496332402815357288e-01 -6.481609683567262081e+00
8.188944682175507417e-01 -6.291490557358631719e+00
6.536937432168533624e-01 -6.132020109541906905e+00
4.791888171177455247e-01 -5.981069987189266968e+00
2.925186939181807499e-01 -5.847001765974465748e+00
9.361549926311862890e-02 -5.730059781096738192e+00
7.192278210516006576e-02 -5.834335770952862710e+00
6.417125838627887879e-02 -5.932220469501443105e+00
5.641973466739769183e-02 -6.030105168050026165e+00
4.866821094852163965e-02 -6.127989866598607449e+00
4.091668722963973104e-02 -6.225874565147191397e+00
3.316516351075829427e-02 -6.323759263695772681e+00
2.541363979187832856e-02 -6.421643962244353077e+00
1.766211607299691955e-02 -6.519528660792936137e+00
9.910592354116953828e-03 -6.617413359341515644e+00
2.159068635239180800e-03 -6.715298057890099592e+00
-3.243660746242493786e-03 -6.813319140046344202e+00
-6.362016790725677495e-03 -6.911460752961004594e+00
-9.480372835212746985e-03 -7.009602365875663210e+00
-1.259872887969981647e-02 -7.107743978790322714e+00
-1.571708492418349978e-02 -7.205885591704983106e+00
-1.883544096867031947e-02 -7.304027204619641722e+00
-2.195379701315422483e-02 -7.402168817534303003e+00
-1.554552608417428261e-02 -7.500015247095614512e+00
-5.343707526279023456e-03 -7.597674978961019399e+00
1.259081799273844005e-01 -7.696416437866060889e+00
2.582585671989229281e-01 -7.780085964752544214e+00
3.857413487742898939e-01 -7.870072966451122198e+00
4.967896154661459729e-01 -7.980460906032715407e+00
6.078378821579994984e-01 -8.090848845614310392e+00
7.102938662722797503e-01 -8.207812822414931375e+00
7.877642479609588966e-01 -8.343884695707487253e+00
8.652346296496409295e-01 -8.479956569000041355e+00
9.424604501594824324e-01 -8.616161899116658418e+00
1.013102109025484365e+00 -8.755899146360643925e+00
1.084097021633787739e+00 -8.895451279089726881e+00
1.159010918424752568e+00 -9.032947180148365618e+00
1.221625251600066742e+00 -9.173908517460930057e+00
1.214726290370130579e+00 -9.330336197474036197e+00
1.207498481375498312e+00 -9.486746465103585990e+00
1.201172932554920969e+00 -9.642330845365851388e+00
1.280758421136647840e+00 -9.777015908143145140e+00
1.292925970977117256e+00 -9.927583308359530179e+00
1.281738997364162858e+00 -1.008376290485573534e+01
1.263814722875286956e+00 -9.992060049748229034e+00
1.242680925571546302e+00 -9.838004805101256522e+00
1.169892974429008969e+00 -9.702220979578797255e+00
1.140626446410202721e+00 -9.555713810579288037e+00
1.148632525348775912e+00 -9.400421961173906382e+00
1.156638604287344441e+00 -9.245130111768521175e+00
1.131020171298479093e+00 -9.096284833140586557e+00
1.061064878287814706e+00 -8.957411103546011333e+00
9.911095852771512060e-01 -8.818537373951436109e+00
9.211542922664901489e-01 -8.679663644356862662e+00
8.430475531667844802e-01 -8.545375264854673247e+00
7.603420729110759169e-01 -8.413695884056512142e+00
6.776365926553657992e-01 -8.282016503258351037e+00
5.949311123996537942e-01 -8.150337122460186379e+00
4.864439528408982527e-01 -8.041266759866655178e+00
3.663125523899871672e-01 -7.942534280826486714e+00
2.461811519390794678e-01 -7.843801801786317363e+00
1.185441355327791491e-01 -7.756200070605530072e+00
-1.909954362265545158e-02 -7.683854556713719752e+00
-4.981573172934687654e-02 -7.835682410947222287e+00
-6.495524926716925163e-02 -8.005098657586827926e+00
-7.832940989112417707e-02 -8.174646955210949528e+00
-8.806856789166095378e-02 -8.344459258705633431e+00
-9.780772589220161628e-02 -8.514271562200313781e+00
-1.075468838927413073e-01 -8.684083865694997684e+00
-1.172860418932824694e-01 -8.853896169189678034e+00
-1.313367247561771367e-01 -9.023348732253477777e+00
-1.505205528263516834e-01 -9.192354798290480744e+00
-1.697043808965296441e-01 -9.361360864327481934e+00
-1.888882089667119624e-01 -9.530366930364481348e+00
-1.933296172480719055e-01 -9.699967649740017350e+00
-1.863784654532354423e-01 -9.869916910125155596e+00
-1.794273136583990069e-01 -1.003986617051029029e+01
-1.724761618635630156e-01 -1.020981543089542498e+01
-1.652840935892554430e-01 -1.037975389314964403e+01
-1.566067643264790477e-01 -1.054962376562147242e+01
-1.479294350637089805e-01 -1.071949363809329725e+01
-1.392521058009354995e-01 -1.088936351056512386e+01
-1.732927958693361303e-01 -1.074348664534405984e+01
-2.060965239192908971e-01 -1.059996893622301783e+01
-2.389002519692485782e-01 -1.045645122710197583e+01
-2.472272252938352843e-01 -1.030988594159108018e+01
-2.503103756073150055e-01 -1.016269928598170935e+01
-2.533935259207903412e-01 -1.001551263037233852e+01
-2.564766762342715611e-01 -9.868325974762967689e+00
-2.595598265477464528e-01 -9.721139319153596858e+00
-2.513349500847791296e-01 -9.574252883511787715e+00
-2.397130144041881850e-01 -9.427493393132582611e+00
-2.280910787236015702e-01 -9.280733902753382836e+00
-2.166399496821302950e-01 -9.133961259587717763e+00
-2.057865370500232272e-01 -8.987142933621356633e+00
-1.949331244179147160e-01 -8.840324607654995503e+00
-1.840797117858071763e-01 -8.693506281688634374e+00
-1.732262991536991370e-01 -8.546687955722275021e+00
-1.623728865215920969e-01 -8.399869629755915668e+00
-1.506592993659279234e-01 -8.253121317679337210e+00
-1.375556130607628880e-01 -8.106486700993702499e+00
-2.600001462095733462e-01 -8.125840759944654934e+00
-3.878207612520446768e-01 -8.186249575042349846e+00
-5.087873156166118349e-01 -8.261275520602481492e+00
-6.251957304612107968e-01 -8.341915676428813597e+00
-7.200034151129086624e-01 -8.448091486823699370e+00
-8.148110997646059728e-01 -8.554267297218590471e+00
-9.074731082151926698e-01 -8.662205745753624342e+00
-9.914487669781615331e-01 -8.777140024875880187e+00
-1.075424425741124068e+00 -8.892074303998139584e+00
-1.159400084504093265e+00 -9.007008583120395429e+00
-1.205691900676678419e+00 -9.141202641636532178e+00
-1.248309675708162425e+00 -9.277016945129913594e+00
-1.290927450739654203e+00 -9.412831248623295011e+00
-1.333545225771138654e+00 -9.548645552116676427e+00
-1.376536664394455878e+00 -9.684341985032556721e+00
-1.419581315600127569e+00 -9.820021599509493271e+00
-1.462625966805801925e+00 -9.955701213986422715e+00
-1.506375753678109497e+00 -1.009115291186246921e+01
-1.551494835141640882e+00 -1.022614972417402157e+01
-1.541064398740493724e+00 -1.006760246778079093e+01
-1.504999909911997946e+00 -9.928962940776209223e+00
-1.467432957539814620e+00 -9.790670754801862330e+00
-1.429866005167630405e+00 -9.652378568827520766e+00
-1.392299052795447079e+00 -9.514086382853173873e+00
-1.351643572412124295e+00 -9.376703054184886810e+00
-1.308308636375122180e+00 -9.240108442538726763e+00
-1.264973700338112961e+00 -9.103513830892563163e+00
-1.215347456196504528e+00 -8.969881838559313536e+00
-1.126440312675741184e+00 -8.857491783647521544e+00
-1.037533169154979173e+00 -8.745101728735733104e+00
-9.486260256342183839e-01 -8.632711673823935783e+00
-8.586976876842835615e-01 -8.521158150195699221e+00
-7.655709197200629701e-01 -8.412238869530451524e+00
-6.724441517558393810e-01 -8.303319588865203826e+00
-5.612974353539768035e-01 -8.216180497841623520e+00
-4.354593323941394756e-01 -8.147618289187246177e+00
-3.096212294343026472e-01 -8.079056080532867057e+00
-1.887401625176061970e-01 -8.002535487838581929e+00
-1.440494069970140179e-01 -7.890619763072588277e+00
-1.286749498807557568e-01 -7.782221478871435671e+00
-1.180934883012322162e-01 -7.673352039695247484e+00
-1.124565649706520676e-01 -7.564014090909206622e+00
-1.068196416400709475e-01 -7.454676142123165761e+00
-1.011827183094864135e-01 -7.345338193337125787e+00
-9.554579497890675066e-02 -7.236000244551085814e+00
-8.990887164832173095e-02 -7.126662295765044952e+00
-8.427194831773769657e-02 -7.017324346979004979e+00
-7.790172461429621664e-02 -6.908027306240900778e+00
-7.130954034519809692e-02 -6.798742791985970868e+00
-6.471735607610021312e-02 -6.689458277731041846e+00
-5.812517180700572939e-02 -6.580173763476111048e+00
-5.153298753790809539e-02 -6.470889249221181139e+00
-4.494080326880972587e-02 -6.361604734966253005e+00
-3.834861899971184207e-02 -6.252320220711322207e+00
-3.175643473061395827e-02 -6.143035706456393186e+00
-2.460504923226661256e-02 -6.033819371846832702e+00
-2.665813774828718064e-03 -5.926561098260732408e+00
-1.933205696603309820e-01 -6.036013181614105605e+00
-3.817963201277326801e-01 -6.164707160977656919e+00
-5.518472661429754123e-01 -6.317555632078567740e+00
-7.216766617402443629e-01 -6.470645817394565569e+00
-8.845838581925741240e-01 -6.630847474471021741e+00
-1.024884956957608173e+00 -6.811389937741824774e+00
-1.165186055722645664e+00 -6.991932401012626030e+00
-1.281134633633881359e+00 -7.188938474650068855e+00
-1.397080900553214766e+00 -7.385983501732142464e+00
-1.519899995377288038e+00 -7.578844719464378876e+00
-1.637029699862749599e+00 -7.775026697317754198e+00
-1.743408295469402347e+00 -7.977421296443623078e+00
-1.849786891076055984e+00 -8.179815895569493733e+00
-1.979205271490533047e+00 -8.368258310696745639e+00
-2.107400260039320461e+00 -8.557473767970794398e+00
-2.219683083236580146e+00 -8.756653453113177221e+00
-2.331965906433840274e+00 -8.955833138255558268e+00
-2.446107269965037467e+00 -9.153945770776470425e+00
-2.561566405656711787e+00 -9.351301204813383450e+00
-2.521450542097672276e+00 -9.169100362809153637e+00
-2.405146464583079791e+00 -8.969528856535749384e+00
-2.285611663644290026e+00 -8.771318028093009644e+00
-2.165593995989067544e+00 -8.573400164808685275e+00
-2.044937066295303474e+00 -8.375870403850221635e+00
-1.925961655457747002e+00 -8.177379549252741242e+00
-1.818272467596809161e+00 -7.972491433527872928e+00
-1.710583279735874207e+00 -7.767603317803009055e+00
-1.592403646520734961e+00 -7.568648220980520591e+00
-1.472143605388918086e+00 -7.370876575757027815e+00
-1.346989844907015677e+00 -7.176260514185913486e+00
-1.216098879850862513e+00 -6.985358297294375518e+00
-1.085194181929078461e+00 -6.794465545326046296e+00
-9.447779290488402815e-01 -6.610484551253421159e+00
-7.966404612476202241e-01 -6.433505384649325087e+00
-6.205600245824005601e-01 -6.283266305275082786e+00
-4.444795879171826170e-01 -6.133027225900842261e+00
-2.680404890340861712e-01 -5.983220925489244557e+00
-7.309250054208880909e-02 -5.858470974199482484e+00
1.567960793949496612e-03 -5.713791698501438532e+00
1.994271602909100660e-02 -5.570029444953476627e+00
1.829973214017682759e-02 -5.423550417009629143e+00
1.665674825126214897e-02 -5.277071389065783436e+00
1.501376436235213330e-02 -5.130592361121935951e+00
1.337078047343842613e-02 -4.984113333178088467e+00
1.172779658452791085e-02 -4.837634305234242760e+00
1.008146994025366228e-02 -4.691155315387240066e+00
6.995853150012415478e-03 -4.544700247302603024e+00
3.768512745776053663e-03 -4.398247561095251612e+00
5.411723415389424474e-04 -4.251794874887901976e+00
-2.686168062698640613e-03 -4.105342188680552340e+00
-5.913508466934891405e-03 -3.958889502473201816e+00
-9.140848871172307932e-03 -3.812436816265852180e+00
-1.236818927540861424e-02 -3.665984130058500767e+00
-1.559552967964930592e-02 -3.519531443851149355e+00
-1.882287008388666694e-02 -3.373078757643799719e+00
-2.240427104974115902e-02 -3.226638598483535958e+00
-3.308696531154452225e-02 -3.080543411012032440e+00
-2.716722450882229634e-01 -3.314551730984951483e+00
-5.146167971326714996e-01 -3.569049113433319764e+00
-7.389787107513130504e-01 -3.840110862110473366e+00
-9.662478934254934426e-01 -4.108606361319703915e+00
-1.185185277436817897e+00 -4.382081356159920560e+00
-1.393463155151815958e+00 -4.662994063049483273e+00
-1.628251219274607697e+00 -4.923493523052123955e+00
-1.843199344573636100e+00 -5.202079314701606449e+00
-2.066185207926917400e+00 -5.474130784873616484e+00
-2.295179958865312564e+00 -5.741290182838944212e+00
-2.519892094455605580e+00 -6.012049649941380913e+00
-2.744190683951676313e+00 -6.279500271485064289e+00
-2.933343579829139181e+00 -6.569361889333499960e+00
-3.166801473205643980e+00 -6.832139482740235970e+00
-3.383072308327480293e+00 -7.109485240661618022e+00
-3.587208955220830831e+00 -7.396072474535751340e+00
-3.788285415560300962e+00 -7.684830153179770029e+00
-4.009944818883311335e+00 -7.957843529368669344e+00
-4.270334956066952792e+00 -8.185694360632258082e+00
-4.031226240700650720e+00 -7.905246440068262714e+00
-3.818528736749586372e+00 -7.624979023859451033e+00
-3.619696539000050173e+00 -7.334144922408172285e+00
-3.414145888733759904e+00 -7.048174496537714440e+00
-3.199592997665051008e+00 -6.768736253026645500e+00
-2.974056995335281783e+00 -6.498087199740174569e+00
-2.799241078017502105e+00 -6.195828486232583643e+00
-2.551197118912408968e+00 -5.950103072412610494e+00
-2.325084505114369371e+00 -5.679933119771129135e+00
-2.102619725304347043e+00 -5.406799741883185462e+00
-1.884664996304268092e+00 -5.130006581679786848e+00
-1.666710267304186477e+00 -4.853213421476390010e+00
-1.453561811948376636e+00 -4.573255448135639334e+00
-1.214153823834501322e+00 -4.317889109499926548e+00
-1.010540687466129350e+00 -4.034666190920296103e+00
-7.685288898983366757e-01 -3.778996191156869244e+00
-5.555808503508149476e-01 -3.498332959005333365e+00
-3.221207476987809626e-01 -3.235244533693502511e+00
-7.687684294437273358e-02 -2.982313427244154269e+00
-4.735116036357236990e-02 -2.820612541989126143e+00
-3.962818496174501381e-02 -2.678143105647259770e+00
-3.190520955991416052e-02 -2.535673669305395173e+00
-3.089979057631861425e-02 -2.393030675059456769e+00
-3.152996141022040844e-02 -2.250353460601973499e+00
-3.216013224411959359e-02 -2.107676246144493781e+00
-3.279030307802136002e-02 -1.964999031687010511e+00
-3.342047391192405625e-02 -1.822321817229529017e+00
-3.405064474582232548e-02 -1.679644602772047302e+00
-3.468081557972163553e-02 -1.536967388314567806e+00
-3.531098641362422075e-02 -1.394290173857086090e+00
-3.607394953785497682e-02 -1.251613935917593290e+00
-3.805784754262034331e-02 -1.108949123194438835e+00
-4.004174554738898495e-02 -9.662843104712823816e-01
-4.202564355215544778e-02 -8.236194977481299251e-01
-4.400954155692045344e-02 -6.809546850249752481e-01
-4.599343956168618075e-02 -5.382898723018212372e-01
-4.797733756645373993e-02 -3.956250595786627855e-01
-9.247958644976254916e-02 -2.616245344427743369e-01
-5.360963416882672528e-01 -4.514322977149478611e-01
-9.648776389990796343e-01 -6.927261073502766209e-01
-1.394982787179880113e+00 -9.314670214086413491e-01
-1.841962065058302400e+00 -1.137101718478854107e+00
-2.262926563432146487e+00 -1.391378380040092289e+00
-2.649018971540982648e+00 -1.692156994998540442e+00
-2.995877751266825761e+00 -2.041105534236033137e+00
-3.353114846252242209e+00 -2.377866351457587513e+00
-3.742315750553355969e+00 -2.678295037890144226e+00
-4.108542528044059061e+00 -3.006858655688354531e+00
-4.421126338893488494e+00 -3.385695143794535511e+00
-4.724265906035989282e+00 -3.772788374172293402e+00
-5.080103729036656190e+00 -4.112120747774678620e+00
-5.444742516486503092e+00 -4.442440057647479179e+00
-5.761617446909543361e+00 -4.816788474429998246e+00
-6.066585073955311103e+00 -5.202725921949507892e+00
-6.387102984472368128e+00 -5.575927395856179913e+00
-6.698027338061598002e+00 -5.956449825092063222e+00
-6.794039417803369396e+00 -6.427907913704011378e+00
-6.834139934039840547e+00 -6.398452276494175806e+00
-6.853695769976149599e+00 -6.272733750076534776e+00
-6.829409207885651867e+00 -6.146424253303326424e+00
-6.780471978956353674e+00 -6.025396591299148064e+00
-6.731534750027059033e+00 -5.904368929294964374e+00
-6.654975246587042648e+00 -5.799533717324202087e+00
-6.572754946475386717e+00 -5.698131697644978289e+00
-6.490534646363729898e+00 -5.596729677965752714e+00
-6.408314346252074856e+00 -5.495327658286528028e+00
-6.325672744350335108e+00 -5.394274996099685637e+00
-6.240506860387258214e+00 -5.295334005836476621e+00
-6.155340976424177768e+00 -5.196393015573271157e+00
-6.070175092461097321e+00 -5.097452025310062140e+00
-5.986463122621160871e+00 -4.997286637909523321e+00
-5.903573103619259577e+00 -4.896431335146897545e+00
-5.820683084617356506e+00 -4.795576032384269993e+00
-5.737793065615457877e+00 -4.694720729621641553e+00
-5.659724304422443453e+00 -4.590146952691921634e+00
-5.583255366553673049e+00 -4.484340294646699476e+00
-5.692781336466228304e+00 -4.424335049087058991e+00
-5.817293722675336731e+00 -4.401259985940916053e+00
-5.946368376346128137e+00 -4.402553892696300153e+00
-6.075113984045642290e+00 -4.410064329750897016e+00
-6.203599714710276380e+00 -4.422448086470921247e+00
-6.332085445374912247e+00 -4.434831843190949918e+00
-6.460571176039549002e+00 -4.447215599910975925e+00
-6.589056906704186645e+00 -4.459599356631000155e+00
-6.706195854614080964e+00 -4.513129581546333924e+00
-6.810227777195358989e+00 -4.587861180613064249e+00
-6.906578391962743702e+00 -4.673759372962340564e+00
-7.002929006730132855e+00 -4.759657565311615102e+00
-7.095568146409217292e+00 -4.849130294750004566e+00
-7.175424678329714645e+00 -4.950544666140634043e+00
-7.255281210250215551e+00 -5.051959037531265295e+00
-7.335137742170712016e+00 -5.153373408921895660e+00
-7.424139198514537519e+00 -5.246372901190722970e+00
-7.519159487687784527e+00 -5.333701581762162469e+00
-7.605347468523861565e+00 -5.429789735661900707e+00
-7.561852229151689642e+00 -5.317074843867318990e+00
-7.463009220568975977e+00 -5.228954640544106525e+00
-7.370031002020636102e+00 -5.135388629481159484e+00
-7.293150040593291195e+00 -5.027571987215631921e+00
-7.216269079165945399e+00 -4.919755344950099918e+00
-7.131544141273278292e+00 -4.818680094069462960e+00
-7.035089908985938223e+00 -4.727951423555307287e+00
-6.938635676698600818e+00 -4.637222753041151613e+00
-6.842181444411261637e+00 -4.546494082526995939e+00
-6.733925821338059947e+00 -4.473821307559373572e+00
-6.610600846694222987e+00 -4.425592050790243093e+00
-6.487275872050382475e+00 -4.377362794021117054e+00
-6.356184015311258761e+00 -4.363480820706386432e+00
-6.224025442517197249e+00 -4.355160831737457272e+00
-6.091866869723134847e+00 -4.346840842768529889e+00
-5.959622902810291833e+00 -4.343729862390439678e+00
-5.827316948567898613e+00 -4.349229412500713821e+00
-5.695010994325505393e+00 -4.354728962610987963e+00
-5.568018823063266787e+00 -4.387237869412296654e+00
-5.473871144713038817e+00 -4.366220611987046141e+00
-5.399153944416009487e+00 -4.303159805278231609e+00
-5.324436744118981935e+00 -4.240098998569411748e+00
-5.249719543821951717e+00 -4.177038191860593663e+00
-5.175002343524922388e+00 -4.113977385151777355e+00
-5.100285143227891282e+00 -4.050916578442961935e+00
-5.026546068248822330e+00 -3.986726338769941425e+00
-4.953565822189022860e+00 -3.921663222889709921e+00
-4.880585576129222503e+00 -3.856600107009480194e+00
-4.807605330069426586e+00 -3.791536991129246914e+00
-4.736217605380725892e+00 -3.724912877375751386e+00
-4.679865092337077925e+00 -3.645049501554772142e+00
-4.623993353695285968e+00 -3.564814383407316267e+00
-4.568121615053492235e+00 -3.484579265259860392e+00
-4.512249876411700278e+00 -3.404344147112401853e+00
-4.455635492872154657e+00 -3.324631932327664074e+00
-4.398870815605310902e+00 -3.245026048262576346e+00
-4.342106138338463595e+00 -3.165420164197489949e+00
-4.285341461071617175e+00 -3.085814280132403997e+00
-4.473454171901860121e+00 -3.029979010790976091e+00
-4.669580345390574649e+00 -3.017076349302459271e+00
-4.865706518879287401e+00 -3.004173687813947780e+00
-5.061337202676136293e+00 -2.985823132081361742e+00
-5.254995419034011128e+00 -2.988127460921999656e+00
-5.444270968747271233e+00 -3.041105955441530284e+00
-5.633697343926282741e+00 -3.093529199278454378e+00
-5.823839148843769742e+00 -3.143309201523664331e+00
-6.013980953761256742e+00 -3.193089203768877393e+00
-6.203004229371424039e+00 -3.246798327655988636e+00
-6.390689517200316416e+00 -3.305160878434706628e+00
-6.566155662773000223e+00 -3.392952186387875102e+00
-6.739442209823053531e+00 -3.485708464947771645e+00
-6.912728756873107727e+00 -3.578464743507670853e+00
-7.098192788774502660e+00 -3.637004303890864154e+00
-7.287238492080232000e+00 -3.688810427938175707e+00
-7.473278478673578640e+00 -3.752222398331469755e+00
-7.661094555416657848e+00 -3.809475437555504218e+00
-7.852703216819818977e+00 -3.853271276126089440e+00
-7.736575081302991208e+00 -3.807878878251667043e+00
-7.543858482043236613e+00 -3.742757482269317038e+00
-7.351178654143601499e+00 -3.677527479249567133e+00
-7.158543607124898678e+00 -3.612165238582370375e+00
-6.967575055381904470e+00 -3.542942421342532011e+00
-6.788154335836209974e+00 -3.447084770408248122e+00
-6.608733616290512813e+00 -3.351227119473962901e+00
-6.425135161164144293e+00 -3.265101692148180579e+00
-6.230888003845712397e+00 -3.204698664751843395e+00
-6.036640846527280502e+00 -3.144295637355502659e+00
-5.842393689208847718e+00 -3.083892609959160147e+00
-5.645412587542653071e+00 -3.033156393428328546e+00
-5.448259200310275219e+00 -2.983046257250751676e+00
-5.251105813077895590e+00 -2.932936121073177027e+00
-5.050708504037090485e+00 -2.919855639038645201e+00
-4.848138957471095800e+00 -2.938458398215237910e+00
-4.645569410905100227e+00 -2.957061157391831951e+00
-4.444624654296217336e+00 -2.988418418735559356e+00
-4.243694382900057960e+00 -3.015747827034516604e+00
-4.131958765532793620e+00 -2.935432400986982771e+00
-4.029021609662286174e+00 -2.861441298376553810e+00
-3.931347517622842069e+00 -2.781123828161366163e+00
-3.840858224846566138e+00 -2.692340782386476672e+00
-3.750368932070289318e+00 -2.603557736611586293e+00
-3.659879639294015163e+00 -2.514774690836692805e+00
-3.563771945101663619e+00 -2.432617969355544307e+00
-3.460834789231152619e+00 -2.358626866745114015e+00
-3.357897633360643397e+00 -2.284635764134682390e+00
-3.254960477490135951e+00 -2.210644661524250765e+00
-3.165226678444313713e+00 -2.121582259825494532e+00
-3.078364891042304485e+00 -2.029247157001353052e+00
-2.991503103640297923e+00 -1.936912054177206688e+00
-2.904641316238289583e+00 -1.844576951353064542e+00
-2.817779528836279468e+00 -1.752241848528920398e+00
-2.725202880356834001e+00 -1.665745935946908451e+00
-2.630920768048549796e+00 -1.581001469325748143e+00
-2.536638655740270032e+00 -1.496257002704586281e+00
-2.442356543431986715e+00 -1.411512536083425529e+00
-2.704590439364526588e+00 -1.295848026844638179e+00
-2.992913085188139810e+00 -1.248677480241442428e+00
-3.282346676218057091e+00 -1.211557734665030139e+00
-3.574023158197124239e+00 -1.194829362900588166e+00
-3.865640167641902103e+00 -1.177096878397973390e+00
-4.157504371943905319e+00 -1.176862223683766029e+00
-4.449478892094792748e+00 -1.187152420194636848e+00
-4.736453209641418027e+00 -1.236807933549140870e+00
-5.021971156207138520e+00 -1.298591252390997042e+00
-5.310000143132564077e+00 -1.345510280090937316e+00
-5.601871152871646942e+00 -1.358406877916103150e+00
-5.890963740131424764e+00 -1.394523430092076133e+00
-6.178970366801568304e+00 -1.426174726935930170e+00
-6.464565613541126687e+00 -1.458023884051141472e+00
-6.745676532203799702e+00 -1.537595612511698961e+00
-7.031896098091205083e+00 -1.595958810711290532e+00
-7.318470469592177174e+00 -1.652791297858829278e+00
-7.602337547414319552e+00 -1.721853481819259901e+00
-7.886096439687440451e+00 -1.791394114671598370e+00
-7.630828727669089595e+00 -1.690254371055118554e+00
-7.347198695405119828e+00 -1.612790013936207911e+00
-7.060822660894194414e+00 -1.544251212510216575e+00
-6.773826772212212077e+00 -1.478361098408684349e+00
-6.486766306626424061e+00 -1.412747917257445529e+00
-6.199578143809786113e+00 -1.369019852799332471e+00
-5.911470253262244512e+00 -1.341101527160207585e+00
-5.622948146158032401e+00 -1.295905793855865351e+00
-5.328712641530998440e+00 -1.284318375679658342e+00
-5.038399917604174938e+00 -1.237712080648752710e+00
-4.749082312699301589e+00 -1.182902191621132637e+00
-4.458330855949310667e+00 -1.141226377985428364e+00
-4.163986623204278814e+00 -1.132843473187342465e+00
-3.869675543026960263e+00 -1.128141971770425744e+00
-3.575695061391864549e+00 -1.145002483646165858e+00
-3.281714579756767058e+00 -1.161862995521907305e+00
-2.988334729157126723e+00 -1.185338700151141289e+00
-2.696174034494153382e+00 -1.222093685352657833e+00
-2.417828468043260237e+00 -1.315069046779107520e+00
-2.288660088202576048e+00 -1.273330143633783829e+00
-2.171379423784805418e+00 -1.213801633839505678e+00
-2.054098759367030347e+00 -1.154273124045228860e+00
-1.936818094949259716e+00 -1.094744614250950487e+00
-1.819537057433134430e+00 -1.035216839619284457e+00
-1.702225961387166420e+00 -9.757483260914536771e-01
-1.584911721682948471e+00 -9.162860112422763770e-01
-1.467597481978730967e+00 -8.568236963930988548e-01
-1.350283242274509909e+00 -7.973613815439248853e-01
-1.232969002570293293e+00 -7.378990666947495836e-01
-1.115654762866075345e+00 -6.784367518455720614e-01
-1.001020141425900123e+00 -6.139966940242453930e-01
-8.868914321798324618e-01 -5.486282348835520573e-01
-7.727627229337690196e-01 -4.832597757428565011e-01
-6.586340136877053553e-01 -4.178913166021609449e-01
-5.445053044416416910e-01 -3.525228574614658328e-01
-4.303765951955769720e-01 -2.871543983207680562e-01
-3.171151350484050502e-01 -2.205990650875349068e-01
-2.222482038174207475e-01 -1.295020668745467951e-01
-5.184073549937930903e-01 8.072604825966545050e-02
-8.390894906085636373e-01 2.775521655384225461e-01
-1.174886401841658934e+00 4.366622061728104853e-01
-1.540464456954161898e+00 5.257140908560642423e-01
-1.897518605078929665e+00 6.439092801309840297e-01
-2.242212361475026228e+00 7.935027236129417183e-01
-2.593294820877457774e+00 9.233732689501654711e-01
-2.964846541661123602e+00 9.817100137788110636e-01
-3.337818308632418685e+00 1.030480236460411980e+00
-3.712769733354416957e+00 1.061928315009404766e+00
-4.066885833719172894e+00 1.187909018044408072e+00
-4.440977336371549455e+00 1.203166958267435582e+00
-4.817069947423978427e+00 1.212428529763970975e+00
-5.192994296861285441e+00 1.228504475945131791e+00
-5.566712313499130538e+00 1.269088563426924221e+00
-5.942976570024723237e+00 1.267426694983504909e+00
-6.318273556736786034e+00 1.282934163738173261e+00
-6.691893142166192021e+00 1.327498251623458358e+00
-7.050351733853267078e+00 1.434749004508566017e+00
-6.895315851664411078e+00 1.410953218475512472e+00
-6.744589704961214238e+00 1.386293918103620015e+00
-6.593863558258020063e+00 1.361634617731728447e+00
-6.441920847964359709e+00 1.346421653773827387e+00
-6.289830826624817739e+00 1.332454628186294343e+00
-6.137740805285280210e+00 1.318487602598762187e+00
-5.985400385756153518e+00 1.310545446355139809e+00
-5.832694275596842282e+00 1.313246615516313831e+00
-5.679988165437533709e+00 1.315947784677493182e+00
-5.527282055278222472e+00 1.318648953838668092e+00
-5.375533330660210218e+00 1.309186759969341196e+00
-5.225421243348144174e+00 1.281029813443860466e+00
-5.073165120836258701e+00 1.271266891681676725e+00
-4.920593750691691248e+00 1.264307767668240601e+00
-4.768022380547124683e+00 1.257348643654803144e+00
-4.615451010402557230e+00 1.250389519641365244e+00
-4.462763136670973907e+00 1.246913651264093481e+00
-4.310064512358186661e+00 1.243818085434090115e+00
-4.157365888045402968e+00 1.240722519604087193e+00
-4.197480268130213688e+00 1.360147970450710453e+00
-4.254740346906167758e+00 1.477973130987571437e+00
-4.331259681211155232e+00 1.584427587869118526e+00
-4.407779015516144483e+00 1.690882044750668278e+00
-4.484298349821133733e+00 1.797336501632216255e+00
-4.590826982653103627e+00 1.872038221532033475e+00
-4.702845059607741796e+00 1.940153640842261495e+00
-4.806039579778141224e+00 2.020631387445953386e+00
-4.906093236307906835e+00 2.105348715823606831e+00
-5.015946114877416484e+00 2.171727519499753178e+00
-5.143792776009726175e+00 2.200761829371764122e+00
-5.268029166937418850e+00 2.239598689828290468e+00
-5.384078020596006375e+00 2.300593964046476536e+00
-5.500126874254590348e+00 2.361589238264663493e+00
-5.617097083706239502e+00 2.420549228379782036e+00
-5.748006982625298633e+00 2.427645585010136386e+00
-5.878916881544360429e+00 2.434741941640492513e+00
-6.009826780463422224e+00 2.441838298270851304e+00
-6.137139319410128913e+00 2.469020209442212455e+00
-6.023306853833575225e+00 2.478528460907670095e+00
-5.888060375438882943e+00 2.479595842182544807e+00
-5.752813897044187108e+00 2.480663223457415079e+00
-5.617682637229762577e+00 2.481196869406931071e+00
-5.495518441312113644e+00 2.423159946450136104e+00
-5.373467372401078634e+00 2.364882285218537383e+00
-5.251416303490035631e+00 2.306604623986936886e+00
-5.123285200613786117e+00 2.264449635368911196e+00
-4.992764572462057515e+00 2.228993819938580145e+00
-4.871980686292916474e+00 2.173907740774677855e+00
-4.768760933208314512e+00 2.086509618402937249e+00
-4.664966387107950752e+00 1.999851486721752281e+00
-4.552685650786407301e+00 1.924455634682363581e+00
-4.440209694764167381e+00 1.849342995680426149e+00
-4.349642155348513839e+00 1.751474128320840151e+00
-4.273006054812825028e+00 1.640030612064234283e+00
-4.196576891813113441e+00 1.528456872227089924e+00
-4.152477257059533855e+00 1.401024010731314107e+00
-4.094084997170790885e+00 1.280734535748558667e+00
-4.009256132785349536e+00 1.217039117571581119e+00
-3.936040181666866644e+00 1.187877180404828259e+00
-3.862824230548384641e+00 1.158715243238075843e+00
-3.789608279429901749e+00 1.129553306071324759e+00
-3.712933111642290562e+00 1.114402323435801812e+00
-3.634313020076554324e+00 1.108936495072520234e+00
-3.555692928510816309e+00 1.103470666709234660e+00
-3.477072836945080070e+00 1.098004838345949086e+00
-3.398452745379344719e+00 1.092539009982666176e+00
-3.319832653813607592e+00 1.087073181619381046e+00
-3.241755534852004850e+00 1.076851336090570044e+00
-3.163979677515586175e+00 1.064126946396477980e+00
-3.086203820179170165e+00 1.051402556702387248e+00
-3.008427962842755043e+00 1.038678167008298736e+00
-2.930652105506336369e+00 1.025953777314207116e+00
-2.852876248169922135e+00 1.013229387620114608e+00
-2.775098649543563667e+00 1.000515813282831346e+00
-2.696997986794033686e+00 9.900251440139196113e-01
-2.618804468057270185e+00 9.801880862695870889e-01
-2.696743270577416141e+00 1.179114980461813289e+00
-2.777191020247170350e+00 1.369812822106872829e+00
-2.858883663010732157e+00 1.559936391578842674e+00
-2.963096497179922295e+00 1.738753499163017580e+00
-3.067420519396389267e+00 1.917510332944527107e+00
-3.181090134188205631e+00 2.090340318835999689e+00
-3.298700108969685907e+00 2.260650039835449654e+00
-3.427958708367658147e+00 2.422096758857771981e+00
-3.561294421076684813e+00 2.580397406207642241e+00
-3.697898106870106893e+00 2.735774346848326211e+00
-3.841253231567995918e+00 2.885062040439808406e+00
-3.984608356265884943e+00 3.034349734031288826e+00
-4.127963480963773080e+00 3.183637427622770133e+00
-4.293530679022572905e+00 3.305495906780533844e+00
-4.470374776452239907e+00 3.413030424212381675e+00
-4.647280163224270844e+00 3.520463405658393441e+00
-4.826886906943075317e+00 3.623315450532473392e+00
-5.006540827769564217e+00 3.726086925011930617e+00
-5.181454232289817163e+00 3.836577170956549487e+00
-5.013431416817155650e+00 3.765043588614252812e+00
-4.820417519337618195e+00 3.676892495611339129e+00
-4.628675158785392263e+00 3.586296071025802945e+00
-4.450252136075610210e+00 3.471447454208040462e+00
-4.271829113365824604e+00 3.356598837390280643e+00
-4.103076789880204522e+00 3.229774234767726959e+00
-3.953696483963425656e+00 3.079074188244642407e+00
-3.804316178046652119e+00 2.928374141721556079e+00
-3.656504116937162152e+00 2.776246249733362426e+00
-3.520812378128875153e+00 2.613112158149072606e+00
-3.385120639320582825e+00 2.449978066564781010e+00
-3.249428900512290497e+00 2.286843974980488525e+00
-3.125454601299969326e+00 2.115132343329757525e+00
-3.011938217361474379e+00 1.935858780316753958e+00
-2.898421833422981209e+00 1.756585217303750390e+00
-2.796891966641737781e+00 1.570837258498507083e+00
-2.709820375013786808e+00 1.377333982688446312e+00
-2.624115456031682392e+00 1.183265737654639604e+00
-2.551542252429821467e+00 9.838713798186877746e-01
-2.467746104271515861e+00 9.337448923916888965e-01
-2.393727686345231476e+00 9.056054797591595040e-01
-2.319709268418943537e+00 8.774660671266292233e-01
-2.245690850492659152e+00 8.493266544940998308e-01
-2.171672432566370325e+00 8.211872418615659974e-01
-2.097654014640085940e+00 7.930478292290370490e-01
-2.023633818875901547e+00 7.649130972398929806e-01
-1.949342072160694439e+00 7.375056298657733933e-01
-1.874993284497564749e+00 7.102510796284766670e-01
-1.800644496834437946e+00 6.829965293911834934e-01
-1.726295709171307591e+00 6.557419791538885434e-01
-1.651946921508181676e+00 6.284874289165935934e-01
-1.577598133845054429e+00 6.012328786793008639e-01
-1.502546151324845036e+00 5.761631532741264827e-01
-1.425789268118091480e+00 5.566969359734037504e-01
-1.349032384911337479e+00 5.372307186726827943e-01
-1.272275501704583922e+00 5.177645013719605060e-01
-1.195518618497831032e+00 4.982982840712386619e-01
-1.118761735291076587e+00 4.788320667705172617e-01
-1.130636581019660580e+00 7.184292711958026878e-01
-1.165134422712378326e+00 9.699019888235276277e-01
-1.201097899726679019e+00 1.221127282377702183e+00
-1.256415510581848638e+00 1.468854129372140882e+00
-1.311733121437022032e+00 1.716580976366580913e+00
-1.370018611220195526e+00 1.963529996618084361e+00
-1.445388932764139600e+00 2.205909747057126502e+00
-1.516451190890216294e+00 2.449457552125632098e+00
-1.573710581509317308e+00 2.696742794262036114e+00
-1.630969972128416323e+00 2.944028036398441905e+00
-1.733571435427627705e+00 3.173655358913965330e+00
-1.860201941828455885e+00 3.393640230305612349e+00
-1.977850526554558064e+00 3.617984305636230857e+00
-2.069176775904193910e+00 3.854813663977331828e+00
-2.195357926797180781e+00 4.074411166898206815e+00
-2.329144309681121072e+00 4.290118914898508606e+00
-2.461000785899682519e+00 4.506950563996031001e+00
-2.582442046618148801e+00 4.729842127290021736e+00
-2.700339679933651205e+00 4.954613823951500073e+00
-2.572900855969704637e+00 4.774106397869783969e+00
-2.428587911837944979e+00 4.561765107675959996e+00
-2.291361772308895262e+00 4.344840338506251065e+00
-2.156933783543858674e+00 4.126107247270065059e+00
-2.031218740359970631e+00 3.902930553992150386e+00
-1.934325538719228188e+00 3.665176990736074281e+00
-1.821582975984204378e+00 3.434968167331127198e+00
-1.697118415433905181e+00 3.210416118727301260e+00
-1.574634215632810141e+00 2.984993480829575496e+00
-1.512096776163420975e+00 2.736021159145338721e+00
-1.450389814432314850e+00 2.486807796263112103e+00
-1.388682852701203618e+00 2.237594433380883707e+00
-1.325051783952938100e+00 1.988867050700214634e+00
-1.260951503033579613e+00 1.740258516351103069e+00
-1.196852007715575761e+00 1.491649781041343381e+00
-1.141571559448240514e+00 1.240945164065530903e+00
-1.087051365733570751e+00 9.900615299989206086e-01
-1.031640876624499770e+00 7.393783065946912814e-01
-9.730667303984180672e-01 4.894100710945781252e-01
-9.265585794373758510e-01 4.404443065209719954e-01
-8.836361248191428874e-01 4.164224673546201849e-01
-8.407136702009133655e-01 3.924006281882688185e-01
-7.977912155826821783e-01 3.683787890219156758e-01
-7.548687609644514351e-01 3.443569498555669739e-01
-7.119463063462202479e-01 3.203351106892129430e-01
-6.690238517279905039e-01 2.963132715228633529e-01
-6.261013971097583175e-01 2.722914323565110983e-01
-5.831789424915263531e-01 2.482695931901575115e-01
-5.402564878732968312e-01 2.242477540238070333e-01
-4.973340332550646448e-01 2.002259148574547787e-01
-4.544115786368356225e-01 1.762040756911043005e-01
-4.114836150846338803e-01 1.521921617048684894e-01
-3.681377628708915051e-01 1.289477533214431482e-01
-3.245982279974081730e-01 1.060633750168240574e-01
-2.810586931239238417e-01 8.317899671220496671e-02
-2.375191582504436738e-01 6.029461840758765234e-02
-1.939796233769598144e-01 3.741024010296856162e-02
-1.504400885034752333e-01 1.452586179834991498e-02
