1.293205019149639146e-01 1.271240572714438244e-02
1.068093363047656341e+00 5.584861099448414912e-01
2.779819317619736552e+00 4.564305186941180814e+00
1.183308826083835585e+00 5.689282738349872304e-01
2.530237093717916608e+00 1.203542776093101008e+00
4.344006687808399825e+00 3.561439942782159918e+00
2.596761896930677160e+00 1.207304995364613998e+00
4.085037999905137163e+00 1.754715279511182224e+00
5.290598619328457985e+00 2.980000042351590217e+00
4.126273485182866629e+00 1.771769563577890949e+00
6.136504693900000085e+00 2.096479712631859726e+00
2.004521736885950256e-01 -1.344014609452286457e-01
2.275112835542990375e+00 -1.295846327236184203e+00
7.553000634462930130e+00 -1.275057020210305536e+00
2.314797705601654876e+00 -1.355432347791193815e+00
3.987729339024886244e+00 -2.667181388060349878e+00
7.592178800485731571e+00 -3.754855090176921539e+00
4.066417002848912610e+00 -2.718868287265993722e+00
5.373624790849437005e+00 -4.144345223787242460e+00
7.307250691290036571e+00 -4.825017984010911754e+00
5.406108850370890728e+00 -4.180782671542162987e+00
7.054425820929582258e+00 -6.202511744038187835e+00
6.558992416455125540e-02 -2.313402820970362761e-01
7.987629365103599000e-02 -2.930421148316143309e+00
4.184284291515663057e+00 -7.721176410009069180e+00
6.820873746780201086e-02 -3.001743989051710582e+00
1.013612366594279779e-01 -5.652647475177461800e+00
2.292428262058921362e+00 -9.392571094450342883e+00
7.666060908506375227e-02 -5.736483960940814697e+00
-1.009526571266222694e-02 -7.620813810484817985e+00
1.270213402086224797e+00 -1.014621743722116420e+01
-3.401906843979682349e-02 -7.666330941397402121e+00
-1.580807538546953883e-01 -1.088652074683214721e+01
-1.442309389765119576e-01 -8.060225569516834554e+00
-1.567749331412324976e+00 -1.020369046307854788e+01
-1.506518901910999797e-01 -7.998759236786158411e+00
-1.611543692112493709e-02 -5.900722970597398032e+00
-2.591374459557238552e+00 -9.388123646826013413e+00
-5.580030697978918819e-02 -5.841136950042388420e+00
-2.755573743806324916e-02 -3.061137245724584233e+00
-4.266117141158813020e+00 -8.165785954690248261e+00
-4.597250223727453178e-02 -2.961094159659256153e+00
-9.300336420449188679e-02 -2.383468891968978376e-01
-6.771646803423495342e+00 -6.448693231554596395e+00
-5.571038730452523069e+00 -4.459162194516248512e+00
-7.622422416530473477e+00 -5.427064747244779497e+00
-5.552430796691356640e+00 -4.423758970092441345e+00
-4.282815971511790387e+00 -3.064322553053288267e+00
-7.866782682658520542e+00 -3.865705801403534814e+00
-4.238144929443757647e+00 -3.003890443653726372e+00
-2.431934994373497361e+00 -1.397211109167050935e+00
-7.906270888132514330e+00 -1.779477214312837896e+00
-2.392579821271434426e+00 -1.346892906256266009e+00
-2.082896861581861325e-01 -1.261168205849911850e-01
-7.044026036826544157e+00 1.420636252598503901e+00
-4.134087059947527898e+00 1.246640297116909490e+00
-6.153443424564253306e+00 2.488744288324889808e+00
-4.080334895166620512e+00 1.250659914872307432e+00
-2.608370519063779369e+00 9.933667816281324114e-01
-5.200497344679610556e+00 3.859711173107842619e+00
-2.537309706207670601e+00 9.689251474578339796e-01
-1.080379179081046193e+00 4.742560811677729582e-01
-2.722097471568284632e+00 4.964632779112737815e+00
-9.707369834947106035e-01 4.618117001373107655e-01
-1.293205019149639423e-01 -1.271240572714393835e-02
2.656349581172916530e+00 3.138186199152314337e+00
4.287166161366382511e+00 2.900671513979765415e+00
5.152441013611423593e+00 2.594339728322875516e+00
2.770178625771674064e+00 -7.149217839494115267e-02
5.772117397137721539e+00 -2.010767924957633124e+00
6.922537838422520018e+00 -4.009626355785437468e+00
6.953951812040541469e+00 -4.981417088817615024e+00
1.969522012161008417e+00 -3.007063116625091848e+00
2.277569902924270195e+00 -7.099829957158735994e+00
1.615573620681483025e+00 -9.120725585455206286e+00
8.429886256007848022e-01 -9.915212206802829442e+00
-1.046588548689469267e+00 -9.961243190773561906e+00
-1.801719277157423749e+00 -9.138342307479865312e+00
-2.423699026883211260e+00 -7.546327051008010045e+00
-1.772603883606124420e+00 -3.163768855826040838e+00
-7.212319670871369048e+00 -5.494160022868007864e+00
-7.123664468487690193e+00 -4.146561651876527144e+00
-6.011811228847326660e+00 -2.375018754800278131e+00
-3.557625238594415151e+00 -3.214526738655067994e-01
-5.805379001283993645e+00 2.008888332559570777e+00
-4.892028714590312966e+00 2.813299928449319864e+00
-2.669248734761859865e+00 2.781016725741908502e+00
