6.116979390035490183e-02 1.413297613610531300e-03
4.461238775203910656e-01 2.413830209603631261e-01
3.303642285076176854e+00 3.143002998456786656e+00
5.164860996302579332e-01 2.453958664295377012e-01
1.546760786278706057e+00 3.104007746559056535e-01
4.184266866628278514e+00 2.009767022148938764e+00
1.615531408559995441e+00 3.060198117577965782e-01
2.591454668537006345e+00 2.682617557524462626e-01
4.671369684832604285e+00 1.368997174019880969e+00
2.677016028546186810e+00 2.606865593811273918e-01
5.582018428663429788e+00 7.344819028068405586e-02
1.811353207204992044e-01 -9.970932163286505556e-02
1.632206197998287145e+00 -9.325641703326530418e-01
6.279324014800228504e+00 -1.886220596629014423e+00
1.710187323911058543e+00 -1.025699768347275498e+00
3.073413672290677301e+00 -2.320343683593216966e+00
6.343636874783244117e+00 -3.377468256690201898e+00
3.117808285022576342e+00 -2.407089856295539398e+00
4.150755428085078691e+00 -3.517102920497490182e+00
6.185545174528821022e+00 -4.391401741811901793e+00
4.196747157553582852e+00 -3.595453724335866852e+00
6.084675203604632543e+00 -5.607621653995575883e+00
8.279606845259732117e-02 -1.593021138982013696e-01
1.694709586627846098e-01 -1.533002015551425012e+00
3.968758424578534783e+00 -6.623207537114352839e+00
1.702886122928661261e-01 -1.620160013114271935e+00
2.567219488267236671e-01 -3.681118692409148352e+00
2.468506203731072990e+00 -7.512312383531027926e+00
2.523364273864644458e-01 -3.749885837462014315e+00
2.840120292963883020e-01 -5.870028961390125311e+00
1.625079771431498399e+00 -8.195766777411261472e+00
2.828212205122789813e-01 -5.922002849852555428e+00
4.422829115180573756e-02 -9.782943538745707102e+00
2.192592902093591367e-01 -5.936011178967760316e+00
-1.128340860575369975e+00 -8.263567707758809888e+00
2.052519194600318508e-01 -5.872444210939750775e+00
1.552703610407548673e-01 -4.122923389884988410e+00
-1.728978591718491442e+00 -7.670798051512450755e+00
1.576469408838842845e-01 -4.018974654594249962e+00
6.834833941631847376e-02 -1.652967542371559961e+00
-2.842972969917701320e+00 -7.032571577182294753e+00
7.231747745390255944e-02 -1.540619960988452553e+00
-4.232688632668624162e-02 -2.225014436802110751e-01
-5.083657241436759122e+00 -6.188705265778707165e+00
-3.763257176566086937e+00 -3.821174838174091537e+00
-5.655714267407544682e+00 -4.713968120062585143e+00
-3.728484892326193734e+00 -3.775589416658083231e+00
-2.670940876951159559e+00 -2.332460894814674113e+00
-5.840964925836873434e+00 -4.087120746682227690e+00
-2.634570996791722575e+00 -2.278477585572174835e+00
-1.490647967777426475e+00 -9.300822576629326210e-01
-6.147948499007138246e+00 -2.636710386175879606e+00
-1.447477795811044077e+00 -8.860944320664683183e-01
-1.151093957112678950e-01 -1.477532209471470459e-01
-6.339189892213796362e+00 -3.035103240275378589e-01
-3.183697989182050048e+00 3.229057460322093398e-01
-5.512767217892014848e+00 1.296688881287440420e+00
-3.122139483568231455e+00 3.720972258819537082e-01
-1.887161559811516787e+00 4.155582366941712458e-01
-4.582228535140785652e+00 2.163673730336213019e+00
-1.806803854055615721e+00 4.263713739702885697e-01
-6.685238792156722454e-01 2.359276767506877093e-01
-3.446615978989808760e+00 3.148247047179053126e+00
-5.661717814786001446e-01 2.251582469061572667e-01
-6.116979390035490183e-02 -1.413297613610975390e-03
3.174262891471787196e+00 2.462910111188474360e+00
3.962075326640740247e+00 1.573530619126891850e+00
4.462735979393251284e+00 1.095484644923829798e+00
5.147504747764720889e+00 -2.440958718434180774e-01
5.801645199660224961e+00 -2.247753442715459737e+00
5.896301594194228279e+00 -3.579470503957987049e+00
5.883325376507825055e+00 -4.516609592591812827e+00
4.086419612413553892e+00 -5.410179339541345556e+00
3.106735676106712862e+00 -6.398315965652213499e+00
1.990701783204340103e+00 -7.325714258641887078e+00
1.319215245370270129e+00 -8.111479561690153162e+00
-7.769295827046286407e-01 -8.199918362592717003e+00
-1.264855092264127512e+00 -7.471989558534937181e+00
-2.219731175688139935e+00 -6.820532178516493182e+00
-3.532575235433905281e+00 -5.535472880421940189e+00
-5.388223046194853261e+00 -4.817055494291654583e+00
-5.372417235235753097e+00 -4.002253953778942552e+00
-5.486654811880907090e+00 -2.727711437206641776e+00
-5.432725825533005093e+00 -7.978558320053688036e-01
-5.215622470692085066e+00 8.921561344188075893e-01
-4.452596972397058650e+00 1.747509713378443408e+00
-3.367688596014740909e+00 2.419824520305605020e+00
