6.116979390036437342e-02 1.413297613600761338e-03
8.453074905166133024e-02 3.499352923567844442e-03
1.038231634594951602e-01 1.668189639496997501e-02
1.229958927165895749e-01 3.019086767968603979e-02
1.421686219736872925e-01 4.369983896440299276e-02
1.613413512307818320e-01 5.720881024911950163e-02
1.805140804878764271e-01 7.071778153383601051e-02
1.996868097449713275e-01 8.422675281855429574e-02
2.188595390020658948e-01 9.773572410327036053e-02
2.380322682591608507e-01 1.112446953879882017e-01
2.572049975162552515e-01 1.247536666727038224e-01
2.763777267733500964e-01 1.382626379574216635e-01
2.955504560304448303e-01 1.517716092421390606e-01
3.147231852875396196e-01 1.652805805268569017e-01
3.338959145446342980e-01 1.787895518115734106e-01
3.530686438017289763e-01 1.922985230962903636e-01
3.728470507913481113e-01 2.048700003620047561e-01
3.936462105546284507e-01 2.156762538821954678e-01
4.147087494119350848e-01 2.259939720999839530e-01
5.556195715309740768e-01 4.282556227399720861e-01
6.745027789816777641e-01 6.095785932104202942e-01
7.932769256344959219e-01 7.909718935405405382e-01
9.066276623033170390e-01 9.758020691903617205e-01
1.022065803751567081e+00 1.159139414418848713e+00
1.159377607647317898e+00 1.326939010794013996e+00
1.296684506141428495e+00 1.494742620074898554e+00
1.433856428526333771e+00 1.662656586906897438e+00
1.571026819779188344e+00 1.830571804792396229e+00
1.716247083645843219e+00 1.991036739835608138e+00
1.874298699085287900e+00 2.139464916038694042e+00
2.042072154369873438e+00 2.276575127689235423e+00
2.212656537971223969e+00 2.410411612645094515e+00
2.383240921572581161e+00 2.544248097600957159e+00
2.571602877509973961e+00 2.651220662089269986e+00
2.753632523238166652e+00 2.767985007374238471e+00
2.926241222526496433e+00 2.899200378287805080e+00
3.098849921814826214e+00 3.030415749201375242e+00
3.284943314344716647e+00 3.141180665856573739e+00
3.158483181117419214e+00 3.019889270821284555e+00
2.988423938527055679e+00 2.890612237711799537e+00
2.818173791365415237e+00 2.761587004247162191e+00
2.642044392405863640e+00 2.641227810045200464e+00
2.459035655637085149e+00 2.531109001357001453e+00
2.290800936713143443e+00 2.399466391885062500e+00
2.122566083824586336e+00 2.267823953615510923e+00
1.955194696318480307e+00 2.135162140350684190e+00
1.800298469597318318e+00 1.988057224635587872e+00
1.653268897787321556e+00 1.833466053219356517e+00
1.514489678431933273e+00 1.671068314457052395e+00
1.379201743973726080e+00 1.505795826410357030e+00
1.246735563566952365e+00 1.338208809226928420e+00
1.114740879616875180e+00 1.170251236873621981e+00
9.832621556592473500e-01 1.001888407168030959e+00
8.725291527435597994e-01 8.193456792988400572e-01
7.624504765620747637e-01 6.363003593778309153e-01
6.474446502980925056e-01 4.562827013402461773e-01
5.398957150625663948e-01 2.718840789196690366e-01
5.695386326257687593e-01 2.460260299805354656e-01
6.225992950020012850e-01 2.486731542026547892e-01
6.756599573782278156e-01 2.513202784247750010e-01
7.287206197544601194e-01 2.539674026468943246e-01
7.817812821306869830e-01 2.566145268690158687e-01
8.348419445069195088e-01 2.592616510911356364e-01
8.879026068831461505e-01 2.619087753132567364e-01
9.409632692593786762e-01 2.645558995353769483e-01
9.940239316356052068e-01 2.672030237574976042e-01
1.047084594011832070e+00 2.698501479796178160e-01
1.100145256388064263e+00 2.724972722017384719e-01
1.153109698204335842e+00 2.766269807403998193e-01
1.206064858038135679e+00 2.808922129062429995e-01
1.259020017871929964e+00 2.851574450720866238e-01
1.311975177705730022e+00 2.894226772379306922e-01
1.364930337539524086e+00 2.936879094037738724e-01
1.417885497373323922e+00 2.979531415696166086e-01
1.470814000225105111e+00 3.025145448753856492e-01
1.523656528452315140e+00 3.080016542244132793e-01
1.638276792856788733e+00 4.558147244453172320e-01
1.729792799434871853e+00 6.012286742347296986e-01
1.827072880220669271e+00 7.424398920158163939e-01
1.939430036319768291e+00 8.724255286326392245e-01
2.052940805811853231e+00 1.001322349078261897e+00
2.177598670773306822e+00 1.119562547368706973e+00
2.302280364895470388e+00 1.237777907640475128e+00
2.427671703141091264e+00 1.355103018631734546e+00
2.572356985981573363e+00 1.447762234400757464e+00
2.717193169146976839e+00 1.540189915857318681e+00
2.870782072447679578e+00 1.616040279216205633e+00
3.029324329988518194e+00 1.682257715192026382e+00
3.187866587529355922e+00 1.748475151167845354e+00
3.348643977762099322e+00 1.808735279715889988e+00
3.511866441679037276e+00 1.862389948909179971e+00
3.675088905595973898e+00 1.916044618102465513e+00
3.839575775320993589e+00 1.965221873492112969e+00
4.007082519638982099e+00 2.003456502578119469e+00
4.176679319579239547e+00 2.009954825635544395e+00
4.023262669239579203e+00 1.965161817726073679e+00
3.861725464833251298e+00 1.921446123422438923e+00
3.701471744550837606e+00 1.873118381810444433e+00
3.541218024268423470e+00 1.824790640198448166e+00
3.383684161832067439e+00 1.768460441438940656e+00
3.227304019226717724e+00 1.708777307536633927e+00
3.070923876621366677e+00 1.649094173634326310e+00
2.915440079935661899e+00 1.587381620210146060e+00
2.767806524662334677e+00 1.508507297195431640e+00
2.621240250221573476e+00 1.427957677105098355e+00
2.488616548450016008e+00 1.325841178917587904e+00
2.355992846678458985e+00 1.223724680730077452e+00
2.235242886175431654e+00 1.108549755650597213e+00
2.122094960493273508e+00 9.852032016351115473e-01
2.009666031611848869e+00 8.612238973080579285e-01
1.904527576739576622e+00 7.309828485532898767e-01
1.799389121867310370e+00 6.007417997985213809e-01
1.703261415268476187e+00 4.639831823624507301e-01
1.623106985711645578e+00 3.174737209689766360e-01
1.663314325906732893e+00 2.958763736798002419e-01
1.713189724941349690e+00 2.941129355918046251e-01
1.763065123975959825e+00 2.923494975038085641e-01
1.812940523010570404e+00 2.905860594158125032e-01
1.862815922045180983e+00 2.888226213278173304e-01
1.912691321079797113e+00 2.870591832398203813e-01
1.962566720114407914e+00 2.852957451518247645e-01
2.012442119149018271e+00 2.835323070638304799e-01
2.062317518183629073e+00 2.817688689758348630e-01
2.112192917218245203e+00 2.800054308878370257e-01
2.162068316252855560e+00 2.782419927998418530e-01
2.211943715287466361e+00 2.764785547118471243e-01
2.261819114322076274e+00 2.747151166238515074e-01
2.311709383057649170e+00 2.736737213644580002e-01
2.361615353647278592e+00 2.734303240368705090e-01
2.411521324236908015e+00 2.731869267092821296e-01
2.461427294826537437e+00 2.729435293816937502e-01
2.511333265416166416e+00 2.727001320541058149e-01
2.561238290735141643e+00 2.730077529635681621e-01
2.676867270027849965e+00 3.613315713995510770e-01
2.754592410613070808e+00 4.632261532691175354e-01
2.835008137883712198e+00 5.629046215794977215e-01
2.920926463923343430e+00 6.579927099182216743e-01
3.016499550641250860e+00 7.424664869408830192e-01
3.120415116342207362e+00 8.174682102438555198e-01
3.224330682043159424e+00 8.924699335468355699e-01
3.329297732391449216e+00 9.658806681671641137e-01
3.440790903089720132e+00 1.029070668808184319e+00
3.552284073787985719e+00 1.092260669449207189e+00
3.666891945087574545e+00 1.148129529655788961e+00
3.790515072560813437e+00 1.181908600796083952e+00
3.914138200034046999e+00 1.215687671936382053e+00
4.037761327507285003e+00 1.249466743076680153e+00
4.162331102502972335e+00 1.279549896532623077e+00
4.286993145891381474e+00 1.309266528771027005e+00
4.411655189279790612e+00 1.338983161009431377e+00
4.537305552630046535e+00 1.362749745388801337e+00
4.664938316476421321e+00 1.374307465159646746e+00
4.554796754579516715e+00 1.331477862665957357e+00
4.436980529179267663e+00 1.297416174515087395e+00
4.317694730572635642e+00 1.268397597127040033e+00
4.198408931965999180e+00 1.239379019738993115e+00
4.079188924823430540e+00 1.210095322159272069e+00
3.960234654144710209e+00 1.179746334200168612e+00
3.841280383465988546e+00 1.149397346241063822e+00
3.722326112787267327e+00 1.119048358281960809e+00
3.612175616053723726e+00 1.067757867380425107e+00
3.508566584283462131e+00 1.001906913564421853e+00
3.404957552513199204e+00 9.360559597484177097e-01
3.301727209434065280e+00 8.696169728294234069e-01
3.198987231837699063e+00 8.024181887158219340e-01
3.096247254241332847e+00 7.352194046022195728e-01
3.003297747406388218e+00 6.554857398967603999e-01
2.916745256993622970e+00 5.686664315872222986e-01
2.842289985971207855e+00 4.710570457689149393e-01
2.767834714948792296e+00 3.734476599506075800e-01
2.701467975474319605e+00 2.703675643187528621e-01
2.830483679261751817e+00 2.451655182750083206e-01
2.984133153227050528e+00 2.313079656930403516e-01
3.137782627192348794e+00 2.174504131110732708e-01
3.291658361058669158e+00 2.150621273583421811e-01
3.445647190606135446e+00 2.244233766326999557e-01
3.599636020153600846e+00 2.337846259070572863e-01
3.753628599444280400e+00 2.430662470807130049e-01
3.902294822951745790e+00 2.050261248832065952e-01
4.055231643022408683e+00 1.961596549702351311e-01
4.209501740518317270e+00 1.971238292167525330e-01
4.363771838014226745e+00 1.980880034632703790e-01
4.517736289718163434e+00 2.045792938712938103e-01
4.671026721605220366e+00 2.219642329064064334e-01
4.824317153492276411e+00 2.393491719415195007e-01
4.977641609637378117e+00 2.564001844837191513e-01
5.130773588586030165e+00 2.388299563047624474e-01
5.283883694323856517e+00 2.199225996855345144e-01
5.431742043970933409e+00 1.817293752812179086e-01
5.550897822033450169e+00 9.583730319760608296e-02
5.311257402738384314e+00 1.684557941517055291e-01
5.021661116881975140e+00 2.015702344951786351e-01
4.731240271551068410e+00 1.846532253035375604e-01
4.441435148664470312e+00 1.488240299700214209e-01
4.149645590368497672e+00 1.400655257009817412e-01
3.859032436505848374e+00 1.529551070175654282e-01
3.575231726782335251e+00 1.916572946434418334e-01
3.283493303025695642e+00 1.790325918812176731e-01
2.992054522493494684e+00 1.722405281341981009e-01
2.702356839078471573e+00 2.086826267527195355e-01
2.411029282706291355e+00 2.246603067781345331e-01
2.119030650013638439e+00 2.219145837072677985e-01
1.827482505797519474e+00 2.362147752371490661e-01
1.536106991672884892e+00 2.392531648564122371e-01
1.244633590475581864e+00 2.219125583328711571e-01
9.529704593426144843e-01 2.076521786999556696e-01
6.612709564047540844e-01 1.941595768696746660e-01
3.903133217303734748e-01 1.072811144695426933e-01
1.898227897942099118e-01 -8.528811794752044761e-02
2.539270650459651835e-01 -1.465970479727114473e-01
3.298020427281175837e-01 -1.890124975927509610e-01
4.056770204102702060e-01 -2.314279472127891424e-01
4.815519980924227728e-01 -2.738433968328277679e-01
5.574269757745808906e-01 -3.162588464528672816e-01
6.333019534567334574e-01 -3.586742960729059071e-01
7.091769311388859132e-01 -4.010897456929440885e-01
7.850519088210385910e-01 -4.435051953129818259e-01
8.609268865031910467e-01 -4.859206449330217836e-01
9.368018641853433914e-01 -5.283360945530604091e-01
1.010643911150598484e+00 -5.741919939607713630e-01
1.084305968130118814e+00 -6.203437432914691296e-01
1.157968025109633814e+00 -6.664954926221648979e-01
1.231630082089154143e+00 -7.126472419528626645e-01
1.305292139068674473e+00 -7.587989912835602091e-01
1.378954196048189251e+00 -8.049507406142570876e-01
1.453766625500865883e+00 -8.491918205093167415e-01
1.529084210669731325e+00 -8.925893316023287838e-01
1.608247040823210572e+00 -9.246632045836844505e-01
1.881271970449857500e+00 -9.081805668251008434e-01
2.131031168117516472e+00 -8.877386310197725727e-01
2.381588483788782185e+00 -8.834477580219666226e-01
2.631693200694220192e+00 -8.866235309813847998e-01
2.879080582387278042e+00 -9.266024791214297895e-01
3.126467964080335005e+00 -9.665814272614754454e-01
3.371084599623592748e+00 -1.020289168311859784e+00
3.614560242056158668e+00 -1.079605645427273775e+00
3.858035884488718814e+00 -1.138922122542687765e+00
4.099249310307802041e+00 -1.206062383884625611e+00
4.336448432164512035e+00 -1.286904263537055115e+00
4.573647554021222028e+00 -1.367746143189482400e+00
4.810846675877926693e+00 -1.448588022841909018e+00
5.049618572951935391e+00 -1.524653635552781328e+00
5.288466871448030737e+00 -1.600484521218534795e+00
5.528938592035448352e+00 -1.670602422572484258e+00
5.772080280252507301e+00 -1.731273275263791600e+00
6.013616679187250291e+00 -1.797851253533947702e+00
6.251537577238335253e+00 -1.876247721437563687e+00
6.036072472505073172e+00 -1.849857761171628034e+00
5.798207274012987078e+00 -1.783598630202158031e+00
5.558907176796382466e+00 -1.722680997818547999e+00
5.321207775966129816e+00 -1.655786009643659629e+00
5.084774111939145413e+00 -1.584718270626558123e+00
4.848609184129833771e+00 -1.512950894350845843e+00
4.611390536217092162e+00 -1.445145312238311996e+00
4.379694718658708297e+00 -1.359744892197343180e+00
4.143995205916432667e+00 -1.286377162250055495e+00
3.907702537801639675e+00 -1.214700012607747404e+00
3.670835618209331574e+00 -1.145616454580197008e+00
3.428957372042088281e+00 -1.095906318307183325e+00
3.187079125874839658e+00 -1.046196182034166977e+00
2.944598165796810108e+00 -9.995292788771705794e-01
2.701408410500132362e+00 -9.577664438961519533e-01
2.455166149846209400e+00 -9.393020813220720466e-01
2.208575141544256049e+00 -9.381567897499119013e-01
1.961813221480798175e+00 -9.473621373161367210e-01
1.724733978445863958e+00 -1.012148963781498656e+00
1.783960341912499192e+00 -1.088696639966969304e+00
1.853490697731131398e+00 -1.157474942576594001e+00
1.923021053549758053e+00 -1.226253245186214036e+00
1.992551409368390036e+00 -1.295031547795838067e+00
2.062081765187022686e+00 -1.363809850405459656e+00
2.131612121005655780e+00 -1.432588153015083021e+00
2.201930994595334923e+00 -1.500559367543446987e+00
2.272309134354776994e+00 -1.568469917048849860e+00
2.342687274114231055e+00 -1.636380466554253399e+00
2.413065413873679343e+00 -1.704291016059655384e+00
2.483443553633127188e+00 -1.772201565565060033e+00
2.553965494497780320e+00 -1.839961822710386663e+00
2.625117321248358948e+00 -1.907061322262784131e+00
2.696269147998937576e+00 -1.974160821815179157e+00
2.767420974749510432e+00 -2.041260321367575514e+00
2.838572801500089060e+00 -2.108359820919972094e+00
2.909824851925807199e+00 -2.175352601784660500e+00
2.981296942668974381e+00 -2.242110863707264201e+00
3.057069820137392480e+00 -2.303370435013929907e+00
3.254957084994853922e+00 -2.295124473421370936e+00
3.437228026731677488e+00 -2.277888942648685244e+00
3.620907199186036429e+00 -2.290282310773752883e+00
3.803388251526645281e+00 -2.313934641029375516e+00
3.985517136888535816e+00 -2.340780554756342724e+00
4.164923981001048325e+00 -2.380495980090368224e+00
4.342020570724103301e+00 -2.430779495037750593e+00
4.516873247851352247e+00 -2.487848092243193143e+00
4.688995522943368854e+00 -2.553159319334308286e+00
4.861117798035389903e+00 -2.618470546425426537e+00
5.032009284792305692e+00 -2.686714152215214035e+00
5.199118296036370879e+00 -2.763955412743715367e+00
5.366227307280435177e+00 -2.841196673272217144e+00
5.533336318524499475e+00 -2.918437933800718476e+00
5.700639160755284429e+00 -2.995253826508257333e+00
5.868605449072112457e+00 -3.070612700942986439e+00
6.036571737388939596e+00 -3.145971575377711993e+00
6.198756350861400755e+00 -3.230887651120275539e+00
6.339742004281249343e+00 -3.349271262725842302e+00
6.199942761756643606e+00 -3.278779755267315466e+00
6.039261801765081650e+00 -3.195231302007031537e+00
5.875624526523487212e+00 -3.117852091257599323e+00
5.709636100258191682e+00 -3.045418963384971089e+00
5.544066397884331643e+00 -2.972043374602570509e+00
5.379061719427525645e+00 -2.897396393720518049e+00
5.214057040970715207e+00 -2.822749412838464256e+00
5.046993986433299106e+00 -2.752946426470139762e+00
4.878620869476178790e+00 -2.686244034057388319e+00
4.710441711134634168e+00 -2.619057397254545005e+00
4.542620704805291787e+00 -2.550977844508893977e+00
4.371937406626668299e+00 -2.491242040476460140e+00
4.197449319773704168e+00 -2.442738193063771934e+00
4.020478319925826050e+00 -2.404812165211025032e+00
3.842564931825100949e+00 -2.370966308714818283e+00
3.663809306670590349e+00 -2.344391215543869755e+00
3.482828960093203641e+00 -2.337695708082108581e+00
3.301923641436968815e+00 -2.333460245831260327e+00
3.134235673624488072e+00 -2.383583326584995721e+00
3.171189061713769686e+00 -2.463271067258616664e+00
3.220321273723124378e+00 -2.524541170872044216e+00
3.269453485732476405e+00 -2.585811274485472211e+00
3.318585697741824436e+00 -2.647081378098901983e+00
3.367717909751177796e+00 -2.708351481712330422e+00
3.416850121760531156e+00 -2.769621585325756641e+00
3.467185037753341526e+00 -2.829854507085357795e+00
3.522731710987515363e+00 -2.885375376552144822e+00
3.578278384221696751e+00 -2.940896246018927407e+00
3.633825057455872809e+00 -2.996417115485711768e+00
3.689371730690053752e+00 -3.051937984952497018e+00
3.744918403924228478e+00 -3.107458854419280936e+00
3.800465077158409422e+00 -3.162979723886064853e+00
3.855419964089674245e+00 -3.219082860444052230e+00
3.909987132467303450e+00 -3.275566698742979010e+00
3.964554300844933099e+00 -3.332050537041909788e+00
4.019121469222561416e+00 -3.388534375340837457e+00
4.074041946158341254e+00 -3.444646792219378639e+00
4.133289815472396711e+00 -3.496199579103084876e+00
4.269835457639575615e+00 -3.488761190009737057e+00
4.388366925629705761e+00 -3.456701120112700476e+00
4.507751835113277039e+00 -3.438164094170628626e+00
4.627465666658363119e+00 -3.465479941631266492e+00
4.747179498203449199e+00 -3.492795789091903025e+00
4.866893329748536168e+00 -3.520111636552539558e+00
4.983899794546970519e+00 -3.555948844996406510e+00
5.096676535035448374e+00 -3.604518010013864071e+00
5.209453275523923566e+00 -3.653087175031321188e+00
5.322230016012396092e+00 -3.701656340048776528e+00
5.425607974818045243e+00 -3.765992042256733896e+00
5.521151888512031647e+00 -3.843121268505499621e+00
5.616695802206026933e+00 -3.920250494754262682e+00
5.711333963342536180e+00 -3.998428393179098705e+00
5.801068822336153730e+00 -4.082244931326974857e+00
5.906804404274035747e+00 -4.139156664258723417e+00
6.022577533211038059e+00 -4.179251379256792021e+00
6.106303002250220935e+00 -4.268628739796895388e+00
6.169385164387038323e+00 -4.373565250165320606e+00
6.093289594666575049e+00 -4.320329810619854882e+00
6.010155849003941064e+00 -4.235250481833221059e+00
5.904450116810388671e+00 -4.186481593471609308e+00
5.794238741050159014e+00 -4.143371699093171934e+00
5.709968535237963216e+00 -4.059139479157299668e+00
5.625425673197461229e+00 -3.975191849998378490e+00
5.530634576674364311e+00 -3.903095275717057167e+00
5.435075927396143314e+00 -3.831925907228390216e+00
5.337178144571758764e+00 -3.764515283178723859e+00
5.227973638481794971e+00 -3.716861213965254152e+00
5.118769132391834731e+00 -3.669207144751784888e+00
5.009461096683835102e+00 -3.621802107333461418e+00
4.894580301721521032e+00 -3.590544722278626644e+00
4.779186471071285247e+00 -3.560866475854365554e+00
4.663792640421051239e+00 -3.531188229430101799e+00
4.546921263697845106e+00 -3.508967571976776334e+00
4.428838384187065991e+00 -3.500409246762828275e+00
4.312228053108197123e+00 -3.524874837878335665e+00
4.216616876768211952e+00 -3.577171124970726090e+00
4.292679483189616896e+00 -3.703199922274765576e+00
4.389916303523730079e+00 -3.809842441942992153e+00
4.487153123857849479e+00 -3.916484961611217841e+00
4.585867316997858545e+00 -4.021752554875859254e+00
4.685343654575911287e+00 -4.126309163906251243e+00
4.784819992153963142e+00 -4.230865772936647673e+00
4.885093213126974199e+00 -4.334646727612604167e+00
4.987164726221083200e+00 -4.436671393476087744e+00
5.089236239315193977e+00 -4.538696059339572209e+00
5.191307752409303866e+00 -4.640720725203056674e+00
5.288014277073381564e+00 -4.747762377316188775e+00
5.382685974250225769e+00 -4.856688480631847327e+00
5.477357671427064645e+00 -4.965614583947504102e+00
5.572029368603904409e+00 -5.074540687263166205e+00
5.666701065780744173e+00 -5.183466790578822980e+00
5.769486331837151205e+00 -5.284599241503098455e+00
5.874953437775705112e+00 -5.383109727213109430e+00
5.978998679872017163e+00 -5.483008439202359696e+00
6.067934070378110611e+00 -5.596666358175944822e+00
5.755833181194409676e+00 -5.335937930504367266e+00
5.454677960522593239e+00 -5.030419782712755250e+00
5.182848705887220575e+00 -4.698820673933378878e+00
4.879494818617589935e+00 -4.395616727717150951e+00
4.583732221841829713e+00 -4.084943762343987927e+00
4.291805040717353137e+00 -3.770599847137290794e+00
4.000780966960183704e+00 -3.455416100631082621e+00
3.707021917342811168e+00 -3.142789812111789427e+00
3.403532758738797792e+00 -2.839718018185601434e+00
3.140854339239290471e+00 -2.501506792116567013e+00
2.843471648095700743e+00 -2.192417493441446652e+00
2.533200865061588480e+00 -1.896161106567998411e+00
2.222086100321107427e+00 -1.600791228691565760e+00
1.910937500503821829e+00 -1.305456919137756744e+00
1.592146323202035862e+00 -1.018641377004675386e+00
1.228244165991448700e+00 -7.914766148116929578e-01
8.654238254288860732e-01 -5.625722547790057426e-01
4.899836677251107608e-01 -3.554678859033661986e-01
1.070754067538261939e-01 -1.713131364358249087e-01
8.692219508472268097e-02 -2.290688647275112011e-01
8.063385577390111414e-02 -2.995270323355412323e-01
8.524790545405366848e-02 -3.705173528359639867e-01
8.986195513421199599e-02 -4.415076733363885175e-01
9.447600481437037900e-02 -5.124979938368126042e-01
9.909005449452268355e-02 -5.834883143372364689e-01
1.037041041746754599e-01 -6.544786348376578911e-01
1.083181538548336625e-01 -7.254689553380828659e-01
1.129322035349862169e-01 -7.964592758385060645e-01
1.175462532151444195e-01 -8.674495963389301512e-01
1.221603028952970016e-01 -9.384399168393533497e-01
1.267743525754552736e-01 -1.009430237339777436e+00
1.313276662146241058e-01 -1.080424446205299205e+00
1.357676689268740855e-01 -1.151425864748303995e+00
1.402076716391179589e-01 -1.222427283291309230e+00
1.446476743513735730e-01 -1.293428701834315353e+00
1.490876770636173632e-01 -1.364430120377321032e+00
1.541882971854363904e-01 -1.435373457744565151e+00
1.663485511565898634e-01 -1.505450921886589244e+00
4.623434448469528335e-01 -1.689320205215855797e+00
7.267317169875596727e-01 -1.897994340166985205e+00
9.592555166179100867e-01 -2.139519656440383333e+00
1.170581462472999545e+00 -2.401692605165348660e+00
1.374416374396966178e+00 -2.669829476415915614e+00
1.570202849457514427e+00 -2.943815863250203613e+00
1.762035004606707478e+00 -3.220666865224029340e+00
1.958473096897244581e+00 -3.494225996757199582e+00
2.153674595445358886e+00 -3.768420506569166051e+00
2.323658976201886883e+00 -4.059188515337832648e+00
2.498607271674305519e+00 -4.347006421233889029e+00
2.678547449569388395e+00 -4.631710511203344538e+00
2.868564665289479176e+00 -4.909590643253639364e+00
3.064747470799936035e+00 -5.182852547874295723e+00
3.207447656993017482e+00 -5.487947139605376279e+00
3.363359901612054337e+00 -5.786483767925975741e+00
3.534525249234580002e+00 -6.076131048878535168e+00
3.737498336262472520e+00 -6.343810080691811848e+00
3.949069600773126965e+00 -6.605013834714498877e+00
3.720262589229978989e+00 -6.403048793818798323e+00
3.513547264829341987e+00 -6.142851772511884079e+00
3.346313189666219046e+00 -5.855112911542116549e+00
3.195295288910315445e+00 -5.558033859581003711e+00
3.042001697605677180e+00 -5.262122094368515413e+00
2.861949105302656449e+00 -4.982461565550331706e+00
2.669325057713471061e+00 -4.710508123990186036e+00
2.480611999548134605e+00 -4.435839159906872275e+00
2.305375790474200048e+00 -4.152515052367338200e+00
2.132036357330461929e+00 -3.867964415216147422e+00
1.948171800854117341e+00 -3.590013838750104824e+00
1.755120111657936466e+00 -3.318406889378972657e+00
1.563934335583582635e+00 -3.045475564458719475e+00
1.376475114443737935e+00 -2.769936568133901211e+00
1.173697756376395951e+00 -2.505530106297873871e+00
9.613056803379906867e-01 -2.248945397476229680e+00
7.349703071824180700e-01 -2.004679300691082577e+00
4.832349714640878369e-01 -1.786763464458215545e+00
1.895644538477151420e-01 -1.637332929689282901e+00
1.633097849195098428e-01 -1.725245912403282400e+00
1.666090984416573884e-01 -1.832760602246657378e+00
1.699084119638163970e-01 -1.940275292090035020e+00
1.732077254859696880e-01 -2.047789981933411330e+00
1.777353020950780405e-01 -2.155253881846056263e+00
1.834018366925775356e-01 -2.262669822876661296e+00
1.890683712900773084e-01 -2.370085763907264997e+00
1.947349058875710859e-01 -2.477501704937868698e+00
2.004014404850766318e-01 -2.584917645968473288e+00
2.060679750825704093e-01 -2.692333586999077433e+00
2.117345096800699600e-01 -2.799749528029682466e+00
2.174010442775698437e-01 -2.907165469060285723e+00
2.230675788750695054e-01 -3.014581410090889424e+00
2.274051022146019729e-01 -3.122052442766941827e+00
2.305116954574744637e-01 -3.229572873756862528e+00
2.336182887003409592e-01 -3.337093304746784117e+00
2.367248819432136719e-01 -3.444613735736703930e+00
2.398314751860806116e-01 -3.552134166726623299e+00
2.594406771745815243e-01 -3.657493315500969899e+00
4.499385419600170355e-01 -3.822741607624717375e+00
6.492149054245098805e-01 -3.957687540901285939e+00
7.999198032106360490e-01 -4.144607311826526086e+00
9.467472100764514620e-01 -4.335298650215502647e+00
1.095952878972765054e+00 -4.524092913494891732e+00
1.249310612079371552e+00 -4.709573046231312787e+00
1.374379084832360709e+00 -4.914344979196112462e+00
1.489958843252072507e+00 -5.125443992427250350e+00
1.606366808108084410e+00 -5.336084457404401959e+00
1.723995991083978607e+00 -5.546048381105452840e+00
1.839344902714644681e+00 -5.757150804208635009e+00
1.930023138674247685e+00 -5.980083375778546539e+00
2.020701374633839364e+00 -6.203015947348458070e+00
2.105253993241468002e+00 -6.428337624431934572e+00
2.215476531200278654e+00 -6.640731159847997667e+00
2.330511689703803846e+00 -6.851150549830804515e+00
2.432793084128014982e+00 -7.068725858366607717e+00
2.528237119500846397e+00 -7.288144064604004768e+00
2.483644213867581385e+00 -7.507386338906359313e+00
2.485203987216440424e+00 -7.285275335823246046e+00
2.393013660848862134e+00 -7.072293612292704701e+00
2.286926950321471974e+00 -6.863835745625388007e+00
2.173442311606609056e+00 -6.659525402472404210e+00
2.071598716464501777e+00 -6.450109278754771580e+00
1.986816326535385091e+00 -6.232254327891323165e+00
1.886676507087452270e+00 -6.020868263285243493e+00
1.792715505622308969e+00 -5.806756744838251549e+00
1.688666716877614382e+00 -5.597591157987279686e+00
1.576767157975765388e+00 -5.392187797580776376e+00
1.463919362245291955e+00 -5.187310255282645777e+00
1.348862029379878980e+00 -4.983658930949586008e+00
1.224930902728260662e+00 -4.785613846252811499e+00
1.087744341042659491e+00 -4.596212487823272852e+00
9.421443978125925156e-01 -4.413147722562143827e+00
7.952752598478378676e-01 -4.231108992765726384e+00
6.460293570424835430e-01 -4.051035455833519094e+00
4.619023969072172942e-01 -3.906871516202309103e+00
2.719939356418856202e-01 -3.770928879582640114e+00
2.448213555019405074e-01 -3.859693148181641664e+00
2.391008299406910953e-01 -3.969617736000120800e+00
2.383665771049534032e-01 -4.079697485124035516e+00
2.376323242692214843e-01 -4.189777234247950233e+00
2.368980714334891213e-01 -4.299856983371867614e+00
2.361638185977570359e-01 -4.409936732495783218e+00
2.370755045386739313e-01 -4.519998974216623111e+00
2.406054289458639528e-01 -4.630024561822827067e+00
2.441353533530483677e-01 -4.740050149429031023e+00
2.476652777602384448e-01 -4.850075737035234980e+00
2.511952021674224156e-01 -4.960101324641439824e+00
2.547251265746128812e-01 -5.070126912247642892e+00
2.586343847488193348e-01 -5.180138507406992332e+00
2.632814900426566074e-01 -5.290122573101978531e+00
2.679285953364883288e-01 -5.400106638796964731e+00
2.725757006303259344e-01 -5.510090704491950042e+00
2.772228059241633180e-01 -5.620074770186937130e+00
2.831161591731736205e-01 -5.729982184123683098e+00
2.921051859742595513e-01 -5.839679712567465764e+00
4.150993097663305820e-01 -5.934574844205353195e+00
5.452260418223501270e-01 -6.001337284358495339e+00
6.571068050680688444e-01 -6.094820243978831265e+00
7.662462765391858666e-01 -6.192179196200934044e+00
8.753857480102984479e-01 -6.289538148423032382e+00
9.629276008554337185e-01 -6.405950287238750818e+00
1.045195426242890413e+00 -6.526872554488409861e+00
1.122462131474690983e+00 -6.650810067396404790e+00
1.189376701073871390e+00 -6.780858635962675685e+00
1.256274637115188275e+00 -6.910915744950020034e+00
1.321918432497375617e+00 -7.041609962000634937e+00
1.387483487837454454e+00 -7.172344094227198319e+00
1.434832739247752231e+00 -7.309242421214623420e+00
1.460114365520613022e+00 -7.453294596428255758e+00
1.491980840960962507e+00 -7.595230796285942887e+00
1.562963336139623349e+00 -7.723104465150924192e+00
1.621203099159739258e+00 -7.855856167178197680e+00
1.652013078971595217e+00 -7.998827964938362456e+00
1.643887568179155378e+00 -8.142643873526541398e+00
1.616587582252976274e+00 -8.056220616417963498e+00
1.594226430786249038e+00 -7.915476883416031839e+00
1.544892604691993077e+00 -7.783690283952304334e+00
1.476852928158024492e+00 -7.658472785608859468e+00
1.418280172939759387e+00 -7.530382081937399441e+00
1.399275512417571310e+00 -7.389145959246800288e+00
1.364313283368998153e+00 -7.252533137088251536e+00
1.300551460226702316e+00 -7.125084130094047730e+00
1.236789637084412030e+00 -6.997635123099846588e+00
1.171610802023111964e+00 -6.870914535547602675e+00
1.104951101671087788e+00 -6.744956987845151630e+00
1.038291401319057394e+00 -6.618999440142698809e+00
9.628986882090126986e-01 -6.498597030838899613e+00
8.753953294208988156e-01 -6.386116002771785816e+00
7.801647756315779336e-01 -6.280780429393830744e+00
6.743176116599070014e-01 -6.185359271606936105e+00
5.640670507419562885e-01 -6.095337953316827040e+00
4.486082305648462221e-01 -6.011803048531183080e+00
3.259532339391599809e-01 -5.942193836332067214e+00
2.892682424576306643e-01 -6.123273264147039541e+00
2.798004891774340530e-01 -6.328533567139717597e+00
2.740094713353077860e-01 -6.533908021246945808e+00
2.709792221718446692e-01 -6.739364215913418832e+00
2.679489730083816634e-01 -6.944820410579891856e+00
2.626406906765026972e-01 -7.150184094677284108e+00
2.478117753596950634e-01 -7.355126851581126779e+00
2.316893576203032379e-01 -7.559965971035320642e+00
2.187586527885579946e-01 -7.764638638070650245e+00
2.381606479678254895e-01 -7.969199125261810401e+00
2.327800178015967947e-01 -8.174249038540548185e+00
2.170679381548685782e-01 -8.378993844737026464e+00
1.864294950964779374e-01 -8.582137474744371275e+00
1.814974163837577703e-01 -8.786982048222967023e+00
1.430963256000792883e-01 -8.988840381128607504e+00
1.138237334147951529e-01 -9.192133182590874085e+00
8.864084383600645545e-02 -9.396062710637409054e+00
9.360422141038185484e-02 -9.600923255775386522e+00
5.776755885598185841e-02 -9.801743337068359097e+00
4.683260796450733343e-02 -9.582556140447728410e+00
4.952837761125767485e-02 -9.379501127879722233e+00
6.970440693477467087e-02 -9.177552183938377794e+00
1.020821301346264975e-01 -8.976884065468203389e+00
1.282710455515703452e-01 -8.775318950320311728e+00
1.440135653521841252e-01 -8.572848914844220403e+00
1.652323966986656567e-01 -8.370850528755131137e+00
1.849389626878040205e-01 -8.168861318380676195e+00
1.830274835151634027e-01 -7.965606728154342342e+00
1.760150504968662211e-01 -7.762595144451226226e+00
1.752454995451044328e-01 -7.560479590197836330e+00
2.016685474374945719e-01 -7.358940748430849332e+00
2.235717684857264631e-01 -7.157041705071176985e+00
2.276564092387958205e-01 -6.953819172091636247e+00
2.317410499918647893e-01 -6.750596639112096398e+00
2.358607171579908401e-01 -6.547374814376292207e+00
2.399963978960078514e-01 -6.344153313679305128e+00
2.441320786340300253e-01 -6.140931812982319826e+00
2.299560723524303185e-01 -5.938225432704781426e+00
9.185822782850708301e-02 -6.000756002662242850e+00
-2.736472389668150040e-02 -6.081867721767332924e+00
-1.296053816212315302e-01 -6.183070919817163613e+00
-2.280860136263040405e-01 -6.288382611576144754e+00
-3.022736080420477811e-01 -6.410093586316966352e+00
-3.674567623435278652e-01 -6.537189470819145143e+00
-4.488432615851068452e-01 -6.654985949515787702e+00
-5.136708102121340103e-01 -6.783790499642174510e+00
-5.816066057033030257e-01 -6.910967456300303624e+00
-6.507441860587710458e-01 -7.037510801351875678e+00
-6.955382405075506425e-01 -7.173979803357897644e+00
-7.338469577471898875e-01 -7.312996584279134460e+00
-7.821786132339100250e-01 -7.448582574307550885e+00
-8.344648205033239341e-01 -7.582773553553116663e+00
-8.679663989512851341e-01 -7.723026423169908838e+00
-9.014679773992462231e-01 -7.863279292786701014e+00
-9.549229389290966319e-01 -7.996158827657081858e+00
-1.022570425675211281e+00 -8.123493108621484993e+00
-1.104148314326826030e+00 -8.242383031356622425e+00
-1.061838219260267557e+00 -8.135243829178424591e+00
-1.002117319764302961e+00 -8.001708673416258577e+00
-9.513823211112473199e-01 -7.864646121184903471e+00
-9.046659533321894653e-01 -7.726025038219268559e+00
-8.717596478906388668e-01 -7.583504874618930636e+00
-8.344435426088847585e-01 -7.442184996975807820e+00
-7.901786055937152220e-01 -7.302761759988295687e+00
-7.459136685785507925e-01 -7.163338523000777336e+00
-6.930045757189544631e-01 -7.027280200975384972e+00
-6.278068420076378109e-01 -6.896374561200382836e+00
-5.578054336836554272e-01 -6.767929917506328330e+00
-4.895648963627410866e-01 -6.638550363741430260e+00
-4.223509155196064624e-01 -6.508628298087512754e+00
-3.443652883567664413e-01 -6.384899733390108523e+00
-2.582355535986394779e-01 -6.267176488472168572e+00
-1.599743069498369419e-01 -6.158811590705150607e+00
-6.161560173611088653e-02 -6.050540221868255131e+00
5.522556956812711693e-02 -5.962843619135806073e+00
1.783666280748984478e-01 -5.884519286186732145e+00
2.126570855321210374e-01 -5.785822934345150159e+00
2.096916951997971346e-01 -5.694247205814459534e+00
2.067263048674670145e-01 -5.602671477283772461e+00
2.037609145351375606e-01 -5.511095748753080059e+00
2.007955242028079401e-01 -5.419520020222389434e+00
1.978301338704838153e-01 -5.327944291691700585e+00
1.948647435381541948e-01 -5.236368563161009071e+00
1.918993532058242413e-01 -5.144792834630319334e+00
1.889339628735003940e-01 -5.053217106099629596e+00
1.859685725411762136e-01 -4.961641377568940747e+00
1.830031822088464266e-01 -4.870065649038251010e+00
1.800707000868448926e-01 -4.778488900069564949e+00
1.795382551699438722e-01 -4.686869576078932731e+00
1.792457303487158260e-01 -4.595246314704002799e+00
1.789532055274935529e-01 -4.503623053329073755e+00
1.786606807062716684e-01 -4.411999791954142935e+00
1.783681558850433446e-01 -4.320376530579214780e+00
1.770614180702693163e-01 -4.228794089933120226e+00
1.634778340943355279e-01 -4.138203432099150980e+00
-3.376946117982025652e-03 -4.242792124705506041e+00
-1.461201651116322275e-01 -4.404597418400658881e+00
-2.770214024019320154e-01 -4.576206348155503534e+00
-4.019125328661818930e-01 -4.752176706115704974e+00
-5.225410957899989661e-01 -4.931115147513835950e+00
-6.373688263933025011e-01 -5.113870040691091745e+00
-7.535254370954500569e-01 -5.295767228027123963e+00
-8.729811196243690841e-01 -5.475531236124641765e+00
-9.726228633451843297e-01 -5.666311858868864348e+00
-1.066317942935954832e+00 -5.860617694145625833e+00
-1.170100140788778775e+00 -6.049863603228411435e+00
-1.231466274379612313e+00 -6.255493069634534109e+00
-1.280080888171180709e+00 -6.465781866344273432e+00
-1.360148789845925021e+00 -6.665341851159691799e+00
-1.444209586658064204e+00 -6.864099391233983383e+00
-1.530834376341178915e+00 -7.061559596874845468e+00
-1.627589140986315464e+00 -7.254034303179283327e+00
-1.694094595774312761e+00 -7.458316312060131459e+00
-1.721127777953526117e+00 -7.672451703242904486e+00
-1.729680568159127407e+00 -7.451904363044145718e+00
-1.671315474652589117e+00 -7.240045524006457178e+00
-1.570080682595880628e+00 -7.047732399363491496e+00
-1.476825886678754252e+00 -6.850754016788926037e+00
-1.404004022278470432e+00 -6.643455412199900323e+00
-1.319021556311941179e+00 -6.440766313802972931e+00
-1.271565513014696780e+00 -6.226755123065416342e+00
-1.210209567329990188e+00 -6.017678399383573407e+00
-1.109385750362211764e+00 -5.822385163292921106e+00
-1.008561933394433785e+00 -5.627091927202269694e+00
-9.015022990363608102e-01 -5.435188617070375372e+00
-7.858243882404392089e-01 -5.248426425447724419e+00
-6.648668129465753474e-01 -5.064921234486432056e+00
-5.438106364542061311e-01 -4.881481497495751221e+00
-4.196650247474280060e-01 -4.700118105312952821e+00
-2.953459940326223498e-01 -4.518874522798535409e+00
-1.549758501637393260e-01 -4.349781688420449655e+00
-1.413725881004793822e-02 -4.181053489453820937e+00
1.376705891301982232e-01 -4.022575757976225574e+00
1.643157993247232052e-01 -3.895730334463776146e+00
1.683448684510578386e-01 -3.772275902740175990e+00
1.723739375773807314e-01 -3.648821471016575835e+00
1.764030067037153926e-01 -3.525367039292975235e+00
1.804320758300382299e-01 -3.401912607569375524e+00
1.835804061918029362e-01 -3.278451947724206672e+00
1.744245226107540847e-01 -3.155277711769835847e+00
1.650497953047961042e-01 -3.032113818529322380e+00
1.556750679988501418e-01 -2.908949925288807581e+00
1.463003406928923833e-01 -2.785786032048292782e+00
1.369256133869343472e-01 -2.662622138807778871e+00
1.290461152035067838e-01 -2.539356002278884361e+00
1.216773224023343092e-01 -2.416055836006186563e+00
1.143085296011561031e-01 -2.292755669733487878e+00
1.069397367999779247e-01 -2.169455503460789192e+00
9.957094399879971858e-02 -2.046155337188090506e+00
9.220215119762750766e-02 -1.922855170915391820e+00
8.675266823753777223e-02 -1.799468207222412852e+00
8.296397678765515815e-02 -1.676006164766767892e+00
-1.461801065845096947e-01 -1.824575886501712763e+00
-3.476124676752916920e-01 -2.082206058859711995e+00
-5.395066280801948944e-01 -2.346781897664806937e+00
-7.228608535929602619e-01 -2.617566019471399219e+00
-8.968461970184824494e-01 -2.894474086502065724e+00
-1.064500708497446047e+00 -3.174706867408721767e+00
-1.203792001760542796e+00 -3.469472661011845371e+00
-1.376922884104935019e+00 -3.746915763092633966e+00
-1.515867535124253207e+00 -4.042845306587497411e+00
-1.632740191373476035e+00 -4.347369962157512369e+00
-1.724041563515192443e+00 -4.661397089582192343e+00
-1.844784994594517391e+00 -4.964912669916305532e+00
-1.971326414967001339e+00 -5.266465592936835804e+00
-2.080947360983155470e+00 -5.574185131540744464e+00
-2.220656406869498500e+00 -5.869007374625621054e+00
-2.364957267410912056e+00 -6.162359153295804859e+00
-2.522803318831164709e+00 -6.448756466793110320e+00
-2.690460550196016154e+00 -6.729529092302719562e+00
-2.821045905594474767e+00 -7.028869728615221746e+00
-2.744843331383648000e+00 -6.725124528169070359e+00
-2.573448440972473605e+00 -6.443529912412252258e+00
-2.414747291755910297e+00 -6.154962206444239747e+00
-2.269237570288835659e+00 -5.859160487313226362e+00
-2.129548748108792910e+00 -5.560900807938096158e+00
-2.022762244867418957e+00 -5.249022019291337493e+00
-1.893619055180140842e+00 -4.945846471705355185e+00
-1.761066478940799929e+00 -4.644016137552871903e+00
-1.678037784775397334e+00 -4.325386726943516891e+00
-1.570556569480920484e+00 -4.017203633007899732e+00
-1.405551769204790968e+00 -3.732090264359333442e+00
-1.256202305084500370e+00 -3.438328034591975779e+00
-1.093650797261362939e+00 -3.153288860024703322e+00
-9.358467891571441433e-01 -2.864785978113767229e+00
-7.627248582770423946e-01 -2.584249825130532141e+00
-5.863903530002612108e-01 -2.305830743772255165e+00
-3.962970705949376837e-01 -2.036505141449230116e+00
-1.901197482851014198e-01 -1.779743330683128288e+00
5.665766804528075268e-02 -1.563392299975580269e+00
7.703483441500130757e-02 -1.474399386648878041e+00
7.327522381519448180e-02 -1.405124076097864716e+00
6.951561321539936888e-02 -1.335848765546852945e+00
6.575600261559845505e-02 -1.266573454995840287e+00
6.199639201580331438e-02 -1.197298144444828072e+00
5.823678141599646779e-02 -1.128022833893815413e+00
5.447717081620123691e-02 -1.058747523342803420e+00
5.071756021640035778e-02 -9.894722127917905397e-01
4.695794961660521710e-02 -9.201969022407781029e-01
4.319833901680428939e-02 -8.509215916897656662e-01
3.905073635410172966e-02 -7.816728087583570961e-01
3.330674951656582145e-02 -7.125337477753797000e-01
2.755813217333165019e-02 -6.433950703043540553e-01
2.180951483010326250e-02 -5.742563928333290768e-01
1.606089748686895594e-02 -5.051177153623034322e-01
1.031228014363496509e-02 -4.359790378912777875e-01
4.563662800406487197e-03 -3.668403604202534751e-01
-8.173035053073221534e-03 -2.993162377857978562e-01
-3.777415470773873296e-02 -2.365709029871729818e-01
-4.276838877926406046e-01 -3.729831836388077804e-01
-8.013261241708727889e-01 -5.657795224645409959e-01
-1.156212288841996783e+00 -7.902692129390838094e-01
-1.494432427849543776e+00 -1.036942708363570942e+00
-1.783319784561451682e+00 -1.342375686351845676e+00
-2.061767333728910412e+00 -1.657427355834767413e+00
-2.327443192707347563e+00 -1.983120391364654012e+00
-2.578070204752323402e+00 -2.320340674499488554e+00
-2.813287949122386333e+00 -2.668581944058641131e+00
-3.073010444863899959e+00 -2.999240101809428793e+00
-3.328511554058231070e+00 -3.333166579737181667e+00
-3.579901839706740141e+00 -3.670177462587595585e+00
-3.800934565857884806e+00 -4.027047814489773003e+00
-4.049190296975474723e+00 -4.362697225261345402e+00
-4.317530516550739605e+00 -4.684259327393131223e+00
-4.553953628447856339e+00 -5.031949852045755733e+00
-4.777735934971404141e+00 -5.387869624251386824e+00
-4.962637140318375550e+00 -5.757384162747297474e+00
-5.072830514297864468e+00 -6.155340112765806282e+00
-5.111603522895483920e+00 -6.047780044280200329e+00
-5.072350800769965140e+00 -5.908069538820939215e+00
-5.025394940546381584e+00 -5.769460805575421958e+00
-4.962540084542149899e+00 -5.639185283828600959e+00
-4.907874478639481453e+00 -5.508472680164402391e+00
-4.842605973829862798e+00 -5.380146505938513180e+00
-4.762576292980719828e+00 -5.257621063990940868e+00
-4.686235570349278845e+00 -5.132804068665594244e+00
-4.612124725989069418e+00 -5.006610501121603107e+00
-4.527824365702500131e+00 -4.887037338327477443e+00
-4.442242823076541391e+00 -4.768323256167759538e+00
-4.357060396328319207e+00 -4.649340230326339807e+00
-4.285054056388174715e+00 -4.521952735085092989e+00
-4.192712672044434541e+00 -4.411148434871055457e+00
-4.080695846667972582e+00 -4.316970600037999262e+00
-3.989850468062773547e+00 -4.205539564610861092e+00
-3.917236611828913251e+00 -4.078817670970603437e+00
-3.830224670196103798e+00 -3.961147981778560201e+00
-3.761720078872105688e+00 -3.833254138874092387e+00
-3.861024385225135358e+00 -3.797505337467335984e+00
-3.973035229566911131e+00 -3.804672720429317145e+00
-4.084507224357784239e+00 -3.822383659462889938e+00
-4.193075622770849442e+00 -3.851876640394563456e+00
-4.299481293843840923e+00 -3.889526556033427340e+00
-4.404155540388045686e+00 -3.931515260277878010e+00
-4.506974734739163324e+00 -3.978075933137005471e+00
-4.609802888462044557e+00 -4.024616456901805250e+00
-4.713336326445337399e+00 -4.069566426596322728e+00
-4.816888359872424807e+00 -4.114473657163600251e+00
-4.905575692755382633e+00 -4.182427339307002612e+00
-4.987482893800595285e+00 -4.260086166242814443e+00
-5.070799109994426068e+00 -4.336184995197196912e+00
-5.156538174951769804e+00 -4.409591369064510324e+00
-5.242537830994958625e+00 -4.482682775235497630e+00
-5.344122485259354960e+00 -4.531295809262967822e+00
-5.439979656927540930e+00 -4.590870917762461367e+00
-5.537370290505824855e+00 -4.647880760940537925e+00
-5.635516812875641435e+00 -4.703620720850988590e+00
-5.585197884238111143e+00 -4.634572738493631050e+00
-5.498248813008919100e+00 -4.560038882617577727e+00
-5.397390132746211044e+00 -4.503533907079774856e+00
-5.296532084260465290e+00 -4.447027803965220905e+00
-5.197839305672724564e+00 -4.386828257933294672e+00
-5.111380805750990852e+00 -4.310532566678134003e+00
-5.027108044544664089e+00 -4.231391001344083413e+00
-4.942835283338338215e+00 -4.152249436010032824e+00
-4.843515516803323706e+00 -4.093853807663163202e+00
-4.741318913431261883e+00 -4.039806320238077397e+00
-4.636318464246240723e+00 -3.991459068412216205e+00
-4.531120242059694547e+00 -3.943515146027287699e+00
-4.425922019873147484e+00 -3.895571223642357417e+00
-4.319549145543244428e+00 -3.850590605903067676e+00
-4.209309520136939931e+00 -3.815769482498732490e+00
-4.099069894730634545e+00 -3.780948359094393751e+00
-3.988813411958646693e+00 -3.746221751809003297e+00
-3.873358641641850397e+00 -3.750251508156660307e+00
-3.757966384883657085e+00 -3.757211597021081317e+00
-3.671716867325715672e+00 -3.701767622878685771e+00
-3.614873209806875209e+00 -3.628003827166949691e+00
-3.558029552288031638e+00 -3.554240031455216275e+00
-3.501185894769188067e+00 -3.480476235743482860e+00
-3.444342237250344052e+00 -3.406712440031748113e+00
-3.387498579731501369e+00 -3.332948644320016029e+00
-3.330654922212658686e+00 -3.259184848608280838e+00
-3.273811264693814227e+00 -3.185421052896547867e+00
-3.217136007492546135e+00 -3.111528086962536577e+00
-3.160656349540151844e+00 -3.037485212926592126e+00
-3.104176691587755776e+00 -2.963442338890649896e+00
-3.047697033635364594e+00 -2.889399464854705002e+00
-2.991217375682968971e+00 -2.815356590818764104e+00
-2.934737717730575568e+00 -2.741313716782821430e+00
-2.878258059778181277e+00 -2.667270842746876980e+00
-2.822432249061891163e+00 -2.592741987916657109e+00
-2.768293100498185666e+00 -2.516970941000841844e+00
-2.714153951934479725e+00 -2.441199894085025246e+00
-2.683927215666848110e+00 -2.354996569667591189e+00
-2.861888219378716514e+00 -2.336304814506991789e+00
-3.054950047042970684e+00 -2.355051169167167835e+00
-3.244244938719408999e+00 -2.391901136214378276e+00
-3.427516830879999254e+00 -2.455464871116381342e+00
-3.609672662947538413e+00 -2.522025172776095392e+00
-3.789778594570954784e+00 -2.594072297943422534e+00
-3.964436628278017682e+00 -2.677488758565595983e+00
-4.132910316249645000e+00 -2.773642548465182323e+00
-4.299637923554564090e+00 -2.872373316986394531e+00
-4.449816752441250856e+00 -2.995154537852198207e+00
-4.600193539202611426e+00 -3.117682556830543739e+00
-4.763641668999644807e+00 -3.222077957669128967e+00
-4.925500103282616671e+00 -3.328700391551744797e+00
-5.075828411499818671e+00 -3.451298656626621941e+00
-5.233443454726972810e+00 -3.564158902531376238e+00
-5.393827042643868808e+00 -3.673273702525322371e+00
-5.554210630560765694e+00 -3.782388502519267170e+00
-5.703250657591726558e+00 -3.905536307775405280e+00
-5.829039830646115306e+00 -4.052579114901301516e+00
-5.759791509267045306e+00 -3.911669626095854113e+00
-5.604511472465808275e+00 -3.786210248709381609e+00
-5.449231435664571244e+00 -3.660750871322909106e+00
-5.284189383974046805e+00 -3.549275467990708144e+00
-5.112249284657019111e+00 -3.447842990696476484e+00
-4.955206448148156362e+00 -3.325630834884157672e+00
-4.804532592817872150e+00 -3.194675367174315994e+00
-4.639128656930878059e+00 -3.083119462966088076e+00
-4.473007678584488112e+00 -2.972472620710086666e+00
-4.312987850239130339e+00 -2.853117688932986784e+00
-4.152968021893769901e+00 -2.733762757155886902e+00
-3.985350430725269621e+00 -2.627173604096367576e+00
-3.802685269341322005e+00 -2.546641722088244020e+00
-3.619854888012639549e+00 -2.466501182106270562e+00
-3.429465776611162031e+00 -2.406549358601160815e+00
-3.238868754763223556e+00 -2.347180002314512848e+00
-3.042945226703849482e+00 -2.310305581264895380e+00
-2.845442104130346817e+00 -2.282202923355021174e+00
-2.646176552740464150e+00 -2.278525296434997571e+00
-2.574377691315145711e+00 -2.209521882992079522e+00
-2.519733128560980973e+00 -2.135091737415696578e+00
-2.465088565806818455e+00 -2.060661591839311413e+00
-2.410444003052653716e+00 -1.986231446262928468e+00
-2.353578271682238654e+00 -1.913541982934715113e+00
-2.293844340337088283e+00 -1.843130817235173691e+00
-2.234110408991939689e+00 -1.772719651535628937e+00
-2.174376477646791539e+00 -1.702308485836085294e+00
-2.114642546301644277e+00 -1.631897320136541873e+00
-2.054908614956496127e+00 -1.561486154436998453e+00
-1.995174683611348199e+00 -1.491074988737455032e+00
-1.935440752266200493e+00 -1.420663823037911611e+00
-1.875706820921053009e+00 -1.350252657338367746e+00
-1.815952669756619509e+00 -1.279859071044274321e+00
-1.751981180369232005e+00 -1.213299587873853058e+00
-1.687306735820004011e+00 -1.147397455652169551e+00
-1.622632291270776239e+00 -1.081495323430485156e+00
-1.553723568853044856e+00 -1.020275417758884418e+00
-1.504644020888353362e+00 -9.458278250140397247e-01
-1.752699215202493388e+00 -8.963893762511110364e-01
-2.017186656942108414e+00 -9.045043260061818025e-01
-2.278013839920068229e+00 -9.484157880595978085e-01
-2.539126464068628408e+00 -9.911555742848170425e-01
-2.800792681753898616e+00 -1.030440561421826606e+00
-3.058709786408731368e+00 -1.089585672791114623e+00
-3.317149458129790673e+00 -1.146365190300719039e+00
-3.567106881800572449e+00 -1.228277398913674823e+00
-3.798226861463770199e+00 -1.357027235425120271e+00
-4.040423310038659288e+00 -1.462988980450285581e+00
-4.277101010225157651e+00 -1.581029868788978110e+00
-4.507847048183593053e+00 -1.710419038885428566e+00
-4.736052899962152729e+00 -1.844308873355732015e+00
-4.958532656006702233e+00 -1.987023053542891216e+00
-5.193318376266587322e+00 -2.109062975383731775e+00
-5.426003825217089016e+00 -2.235066709829177434e+00
-5.651873375100037400e+00 -2.372308185245386891e+00
-5.877117592423791059e+00 -2.509906251681029321e+00
-6.115126410583089367e+00 -2.625380507898808613e+00
-5.926702651600249894e+00 -2.489178677585168309e+00
-5.697206163264029399e+00 -2.349209058992726806e+00
-5.475323419198266706e+00 -2.196428947355965278e+00
-5.235583000653178054e+00 -2.073308713048172436e+00
-4.996650892108276842e+00 -1.948757509418079348e+00
-4.771363739198402953e+00 -1.800839679896123036e+00
-4.539461632198726448e+00 -1.663772325673073205e+00
-4.304580965521799030e+00 -1.531616611450867138e+00
-4.063108623219192417e+00 -1.412564379694867922e+00
-3.816756643210176492e+00 -1.303272283339189874e+00
-3.572032698752944935e+00 -1.190429266138549602e+00
-3.318051700842843843e+00 -1.104583112948420931e+00
-3.055574878933736471e+00 -1.043427750626919615e+00
-2.792777249484884816e+00 -9.837869125693958772e-01
-2.527658388425969793e+00 -9.353508733939772668e-01
-2.262539527367054326e+00 -8.869148342185579903e-01
-1.996798781072021578e+00 -8.454358487428088598e-01
-1.727362009802074772e+00 -8.515910634268502033e-01
-1.460588981266820685e+00 -8.836001886249342796e-01
-1.378248008159954408e+00 -8.487520836914168587e-01
-1.311641669678791811e+00 -8.061180741091542590e-01
-1.245035331197631434e+00 -7.634840645268907711e-01
-1.178428992716471058e+00 -7.208500549446277272e-01
-1.111822654235307795e+00 -6.782160453623666818e-01
-1.045216315754147862e+00 -6.355820357801038600e-01
-9.786099772729845991e-01 -5.929480261978417044e-01
-9.120036387918246668e-01 -5.503140166155793267e-01
-8.427326036739627435e-01 -5.122598449668704923e-01
-7.725130107466432472e-01 -4.758830409834424735e-01
-7.022934178193205312e-01 -4.395062370000140106e-01
-6.320738248919981483e-01 -4.031294330165859918e-01
-5.618542319646755434e-01 -3.667526290331579730e-01
-4.916346390373557695e-01 -3.303758250497286220e-01
-4.214150461100334422e-01 -2.939990210663006032e-01
-3.512421191565098799e-01 -2.575328406113657209e-01
-2.816013517559666224e-01 -2.200603505911162827e-01
-2.119710189336320716e-01 -1.825681371405067921e-01
-1.379333461476731082e-01 -1.552944385122771997e-01
-3.806248947118858195e-01 5.391504006615521760e-02
-6.862768252778311817e-01 1.858752067581175282e-01
-1.016917210858757192e+00 2.388295201616741359e-01
-1.347818843682073942e+00 2.901139052316961120e-01
-1.679140572358068573e+00 3.383664461851547678e-01
-2.012722914465268964e+00 3.365806038575853698e-01
-2.347085819571381293e+00 3.362401933120962028e-01
-2.681562663066772156e+00 3.357951104018890298e-01
-3.015216031220174564e+00 3.091880986981347945e-01
-3.345696681099293635e+00 2.554027098203435209e-01
-3.675119555581811692e+00 1.953366471873914101e-01
-4.005171905948570199e+00 1.388714415775753608e-01
-4.335439076548389004e+00 8.363596261214478744e-02
-4.664346594825111936e+00 2.081904045657756441e-02
-4.993221716450366721e+00 -4.217712203389689662e-02
-5.322011659407582584e+00 -1.055997025231865116e-01
-5.649598607756135316e+00 -1.749838028937413803e-01
-5.977191261354469987e+00 -2.443408263454118767e-01
-6.306712279586180081e+00 -2.958184460957662409e-01
-6.180023247141856579e+00 -2.539614531200600211e-01
-6.017088484631457845e+00 -2.114091517148599664e-01
-5.853341702259389656e+00 -1.721455456947480478e-01
-5.689281179172038350e+00 -1.341642351130638566e-01
-5.525220656084680826e+00 -9.618292453138055365e-02
-5.361148203372600562e+00 -5.825546551143512275e-02
-5.195693521802496662e+00 -2.692468742339704235e-02
-5.030153862917351226e+00 3.979301403105317547e-03
-4.864614204032205791e+00 3.488329022960723336e-02
-4.699074545147059467e+00 6.578727905610870508e-02
-4.533437726402647527e+00 9.615072631607457510e-02
-4.367431168180561762e+00 1.244395547904999511e-01
-4.201424609958474221e+00 1.527283832649257711e-01
-4.035418051736385792e+00 1.810172117393507030e-01
-3.869411493514297362e+00 2.093060402137765230e-01
-3.703404935292209377e+00 2.375948686882018990e-01
-3.537820185863362443e+00 2.680256802427827267e-01
-3.373513058188134295e+00 3.049255851791832228e-01
-3.207161770888911079e+00 3.290339274645925904e-01
-3.257002773187423372e+00 4.340801565015510732e-01
-3.354540952526865905e+00 5.281062844936275091e-01
-3.460190141192805324e+00 6.116358135827559828e-01
-3.577364530354288696e+00 6.796414876009539974e-01
-3.694537350353255700e+00 7.476496548886490956e-01
-3.802919177733516065e+00 8.288959952532604092e-01
-3.920171127122725085e+00 8.957534062461718349e-01
-4.042361183546123726e+00 9.541909378002904063e-01
-4.173760277848606037e+00 9.868511293230453063e-01
-4.305627049082905167e+00 1.017927870115429290e+00
-4.437481516406791116e+00 1.049056315386521554e+00
-4.569183963271854054e+00 1.080822235411436516e+00
-4.700884462257929997e+00 1.112596245873676004e+00
-4.833654545006646153e+00 1.138980826774481869e+00
-4.967592864927125262e+00 1.159355704219908301e+00
-5.099619818011497330e+00 1.189338539836692021e+00
-5.231050751501761908e+00 1.222209787088867294e+00
-5.362810398321724570e+00 1.253712772982729096e+00
-5.494831347069060179e+00 1.284127872290306005e+00
-5.376528749810184138e+00 1.290667407594614069e+00
-5.242389207154071862e+00 1.265182030595617846e+00
-5.109079338326221631e+00 1.232064952366969113e+00
-4.974563665630986620e+00 1.204679594789150876e+00
-4.839095960184080170e+00 1.181947177886160549e+00
-4.703628254737175496e+00 1.159214760983168890e+00
-4.570235582997264068e+00 1.126989495559409082e+00
-4.437809885486056594e+00 1.090497076675870591e+00
-4.304695736680718809e+00 1.056768846081592717e+00
-4.170475989056114940e+00 1.027557181546882248e+00
-4.036518724903242372e+00 9.972928086248162849e-01
-3.913619604346785241e+00 9.360578480066452656e-01
-3.790922093712735474e+00 8.743036345349390892e-01
-3.673000619579647186e+00 8.040354192760905683e-01
-3.556691695648450224e+00 7.309567205242153420e-01
-3.440382771717248378e+00 6.578780217723392276e-01
-3.332276892307882044e+00 5.735842627838740881e-01
-3.228142720673622623e+00 4.840056029627533007e-01
-3.129220696152487324e+00 3.893252316777524591e-01
-3.057117449473675475e+00 3.654849580667569597e-01
-2.991858814460773175e+00 3.641909956088675848e-01
-2.926533047395422749e+00 3.664724464981454766e-01
-2.861207280330069214e+00 3.687538973874224801e-01
-2.795881513264718787e+00 3.710353482766999278e-01
-2.730555746199367029e+00 3.733167991659769314e-01
-2.665229979134015270e+00 3.755982500552543790e-01
-2.599904212068663067e+00 3.778797009445322708e-01
-2.534578445003311753e+00 3.801611518338092743e-01
-2.469252677937957774e+00 3.824426027230862779e-01
-2.403926910872605571e+00 3.847240536123632815e-01
-2.338577588818697262e+00 3.857303921205912367e-01
-2.273212531592009089e+00 3.854655250051011173e-01
-2.207847474365324913e+00 3.852006578896096656e-01
-2.142482417138637629e+00 3.849357907741199902e-01
-2.077117359911952121e+00 3.846709236586289826e-01
-2.011752302685264393e+00 3.844060565431393073e-01
-1.946417427323137161e+00 3.825426367364546110e-01
-1.885777503548360379e+00 3.912898528381600904e-01
-1.986242024647172810e+00 5.502120915210815255e-01
-2.101810416525872860e+00 6.742517546430959463e-01
-2.233451780247122098e+00 7.806604011102540319e-01
-2.368665887256749425e+00 8.829238265523264850e-01
-2.505101810023171893e+00 9.835574700704214912e-01
-2.641537732789590365e+00 1.084191113588517830e+00
-2.777220400530106215e+00 1.185829713105873040e+00
-2.912015279262743839e+00 1.288651072250285079e+00
-3.048800598210923418e+00 1.388584140147347767e+00
-3.193285921188151466e+00 1.477273951698721888e+00
-3.343688558245814235e+00 1.555030729847882043e+00
-3.497354955920063624e+00 1.626644481702332889e+00
-3.651021353594312568e+00 1.698258233556782848e+00
-3.804687751268561957e+00 1.769871985411231030e+00
-3.956702415570231945e+00 1.844897225783965311e+00
-4.106677090379175610e+00 1.923813928179456845e+00
-4.252725651503668658e+00 2.009905211259197522e+00
-4.400859468526080676e+00 2.091905444174527950e+00
-4.557958824216727933e+00 2.155636783956740743e+00
-4.413065785590290169e+00 2.144425400405032711e+00
-4.259799102365277257e+00 2.062751030350806758e+00
-4.106533902879431430e+00 1.981073879054591202e+00
-3.953523126876002269e+00 1.898921187330902427e+00
-3.800532799300354814e+00 1.816730320570373536e+00
-3.646689830742950278e+00 1.736252010649202759e+00
-3.487917147731359524e+00 1.665877199531499819e+00
-3.329144464719771879e+00 1.595502388413798656e+00
-3.171689138823728715e+00 1.522554310783482912e+00
-3.024911757150902769e+00 1.429722316622951794e+00
-2.879019862541856600e+00 1.335592313184402968e+00
-2.740936537173068288e+00 1.230262478068000931e+00
-2.602853211804280864e+00 1.124932642951597117e+00
-2.464769886435495660e+00 1.019602807835194191e+00
-2.326741859607396989e+00 9.142008941902433072e-01
-2.190417618870515337e+00 8.066040527028492946e-01
-2.054093378133631020e+00 6.990072112154561701e-01
-1.927547456740191567e+00 5.813421889455629987e-01
-1.817460155176332748e+00 4.470284966805242455e-01
-1.747715078734881855e+00 4.164059586528638945e-01
-1.688591356996181458e+00 4.066460117228736237e-01
-1.629467635257481062e+00 3.968860647928824648e-01
-1.570343913518779999e+00 3.871261178628921940e-01
-1.511220191780079825e+00 3.773661709329014791e-01
-1.452095772672777230e+00 3.676105140670800075e-01
-1.392924205408282212e+00 3.581449630434643261e-01
-1.333752327772823376e+00 3.486813520304599123e-01
-1.274580450137361431e+00 3.392177410174546104e-01
-1.215408572501899265e+00 3.297541300044493084e-01
-1.156236694866437764e+00 3.202905189914440065e-01
-1.097064817230975375e+00 3.108269079784378164e-01
-1.037892939595513875e+00 3.013632969654329585e-01
-9.787210619600545947e-01 2.918996859524289889e-01
-9.195491843245922059e-01 2.824360749394236869e-01
-8.604678322659907730e-01 2.724426774462949119e-01
-8.015997192052084497e-01 2.612437354884820095e-01
-7.427316061444259043e-01 2.500447935306704395e-01
-6.838634930836434700e-01 2.388458515728579812e-01
-7.334089296425654325e-01 4.179795617883352854e-01
-8.464803126696399671e-01 5.979470008731579966e-01
-9.800030521295219899e-01 7.638431373653800094e-01
-1.113525791589407232e+00 9.297392738576024662e-01
-1.265712777847304071e+00 1.077994195936393673e+00
-1.420739297420255731e+00 1.223753013280783897e+00
-1.563027048163897925e+00 1.382195577146160925e+00
-1.704935333921797636e+00 1.540969611576345599e+00
-1.842797364359678447e+00 1.703277684756527854e+00
-1.989330684149776873e+00 1.857338054000437388e+00
-2.153769200909473991e+00 1.992197831006192743e+00
-2.324410484051007142e+00 2.119600352738419069e+00
-2.491748113031070133e+00 2.251293559139697642e+00
-2.657690613353226095e+00 2.384654789569241373e+00
-2.804655690030063653e+00 2.538765019523548716e+00
-2.951442292210796570e+00 2.693048989773711988e+00
-3.106226210815404176e+00 2.839175060007406159e+00
-3.263537569985730080e+00 2.982712463954612758e+00
-3.414509595742460490e+00 3.132886494795809718e+00
-3.270027632466070422e+00 3.027966982674477059e+00
-3.104459208723276298e+00 2.887472039836047166e+00
-2.942862420612247565e+00 2.742192471682827204e+00
-2.790244056579938015e+00 2.587563948816378634e+00
-2.638533028139269376e+00 2.431990636271757822e+00
-2.471270993055948217e+00 2.293322838918606443e+00
-2.302626856682302936e+00 2.156345901877554816e+00
-2.125298929364406675e+00 2.030749400956053385e+00
-1.951704208082735370e+00 1.900917923079096461e+00
-1.810378954128340601e+00 1.735851731975913026e+00
-1.666042339653034832e+00 1.573508912829361783e+00
-1.515937463935220775e+00 1.416384118044054397e+00
-1.365829859568507665e+00 1.259261933278779111e+00
-1.215404848421265172e+00 1.102443604490713991e+00
-1.064968690909130045e+00 9.456359600228192441e-01
-9.275379210046287293e-01 7.775088211088929668e-01
-7.933153589832508956e-01 6.066171048233921503e-01
-6.711258282313465884e-01 4.270916340973851533e-01
-5.594191959884583509e-01 2.409356136577449625e-01
-5.392189845693182715e-01 2.156097062785931051e-01
-5.132416622589643929e-01 2.037755336087143654e-01
-4.877001322819812246e-01 1.909202570350996275e-01
-4.621586023049973346e-01 1.780649804614871101e-01
-4.366170723280140553e-01 1.652097038878741486e-01
-4.110755423510328854e-01 1.523544273142625194e-01
-3.855340123740495506e-01 1.394991507406500020e-01
-3.599924823970658827e-01 1.266438741670365964e-01
-3.344509524200854345e-01 1.137885975934236349e-01
-3.089094224431018221e-01 1.009333210198111175e-01
-2.833678924661181542e-01 8.807804444619815598e-02
-2.578263624891348194e-01 7.522276787258519448e-02
-2.322848325121538160e-01 6.236749129897312116e-02
-2.063880603128377955e-01 5.026249563616991267e-02
-1.798912891373709022e-01 3.951312325336209241e-02
-1.533945179619072285e-01 2.876375087055693669e-02
-1.268977467864430553e-01 1.801437848775089279e-02
-1.004009756109765089e-01 7.265006104944404797e-03
-7.390420443551230789e-02 -3.484366277861639105e-03
