6.116979390036437342e-02 1.413297613600761338e-03
3.183670289199160841e-01 1.835672598076460993e-01
5.382859951062703985e-01 4.177099192025819363e-01
7.041985408763592469e-01 6.923078422092712181e-01
7.844378422348334823e-01 1.000239375606686743e+00
7.741896716675494838e-01 1.320405626393673870e+00
7.182569643615270838e-01 1.637921693178659766e+00
7.386633377591391714e-01 1.951587162504607065e+00
7.628255989712035001e-01 2.270582728095470237e+00
9.218670374293086445e-01 2.474169221299290733e+00
1.084750167077793481e+00 2.741757933978664852e+00
1.331883605643325863e+00 2.944334906102064053e+00
1.616714945931122527e+00 3.009996369257647686e+00
1.806998102005610285e+00 3.077414051277772344e+00
2.044399839834058152e+00 3.295973348464134922e+00
2.179967264988317055e+00 3.099624181966748715e+00
2.485498757666638525e+00 3.203638035332873280e+00
2.668194185328879531e+00 3.127841055051010066e+00
2.974649981312479596e+00 3.118877669052844581e+00
3.306762645087881758e+00 3.125088957501694686e+00
3.296773913147049040e+00 3.089155421928444945e+00
3.286785181206215878e+00 3.053221886355194314e+00
3.276796449265382272e+00 3.017288350781946349e+00
3.266807717324543336e+00 2.981354815208696607e+00
3.256818985383710618e+00 2.945421279635445977e+00
3.246830253442877456e+00 2.909487744062197123e+00
3.236841521502038521e+00 2.873554208488947381e+00
3.228088211215815129e+00 2.837330605578020304e+00
3.221118100474453350e+00 2.800691674086600358e+00
3.214147989733091126e+00 2.764052742595179524e+00
3.207177878991728903e+00 2.727413811103759578e+00
3.200207768250367568e+00 2.690774879612339632e+00
3.193237657509005345e+00 2.654135948120917909e+00
3.187127447810937486e+00 2.617376052038112633e+00
3.184031387159541815e+00 2.580208752526004012e+00
3.180935326508145700e+00 2.543041453013897168e+00
3.177839265856749584e+00 2.505874153501788548e+00
3.174743205205347696e+00 2.468706853989681704e+00
3.241528127541497994e+00 2.450113718789325823e+00
3.308793363611209681e+00 2.437317326390178174e+00
3.376058599680920036e+00 2.424520933991026972e+00
3.442886610973401762e+00 2.409740250358725078e+00
3.509284151998383727e+00 2.393015233534148578e+00
3.541231527371926813e+00 2.356509810169590935e+00
3.518355213323216102e+00 2.291972736347704931e+00
3.489442424043005531e+00 2.230002261864135527e+00
3.543062042516704313e+00 2.207009919490706018e+00
3.609604290763758883e+00 2.190870252822091580e+00
3.676146539010819225e+00 2.174730586153478029e+00
3.742688787257873795e+00 2.158590919484864479e+00
3.809231035504927476e+00 2.142451252816251817e+00
3.874493670175127580e+00 2.121801341620746406e+00
3.939568329912442657e+00 2.100502320469068707e+00
4.004642989649758178e+00 2.079203299317392784e+00
4.069717131481553452e+00 2.057902702529498029e+00
4.134703980692917114e+00 2.036337266537788793e+00
4.190799590719531231e+00 2.011628071164174081e+00
4.174189633380061437e+00 1.987905497814132616e+00
4.159932688690012981e+00 1.967543530035108290e+00
4.145675743999960972e+00 1.947181562256090182e+00
4.131418799309908962e+00 1.926819594477068520e+00
4.117161854619862282e+00 1.906457626698045082e+00
4.102904909929809385e+00 1.886095658919024309e+00
4.088670027325620460e+00 1.865718413953541877e+00
4.077705702591774006e+00 1.843459193448010680e+00
4.067276584628892522e+00 1.820895866959094889e+00
4.056847466666018143e+00 1.798332540470177321e+00
4.046418348703141987e+00 1.775769213981260641e+00
4.035989230740260503e+00 1.753205887492345738e+00
4.026193557771591713e+00 1.730385956708668793e+00
4.019017214136917815e+00 1.706587421128382687e+00
4.011840870502249246e+00 1.682788885548094804e+00
4.004664526867574459e+00 1.658990349967809586e+00
3.997488183232900116e+00 1.635191814387523479e+00
3.990311839598225330e+00 1.611393278807236484e+00
3.983135495963551431e+00 1.587594743226951266e+00
4.003538328106079902e+00 1.575192665523071689e+00
4.045250968861224372e+00 1.568790414474231731e+00
4.086963609616374171e+00 1.562388163425389997e+00
4.128676250371518641e+00 1.555985912376548264e+00
4.170388891126663999e+00 1.549583661327706530e+00
4.212101531881808469e+00 1.543181410278866572e+00
4.204526087684408608e+00 1.505521943254937156e+00
4.220020648979503797e+00 1.482084904445833295e+00
4.261813235557109891e+00 1.476227180961976693e+00
4.303605822134717762e+00 1.470369457478120090e+00
4.345398408712323857e+00 1.464511733994262599e+00
4.387190995289937057e+00 1.458654010510404220e+00
4.428983581867543151e+00 1.452796287026547617e+00
4.470776168445150134e+00 1.446938563542691014e+00
4.512568755022758005e+00 1.441080840058833523e+00
4.553475961123876203e+00 1.432193086916055513e+00
4.591023790066388166e+00 1.412929292924117508e+00
4.628571619008906346e+00 1.393665498932180391e+00
4.666119447951418309e+00 1.374401704940244162e+00
4.616180805752679639e+00 1.278405186133093618e+00
4.535233082792388792e+00 1.195623955567748808e+00
4.461477438970947951e+00 1.106437696824950301e+00
4.559683116547343040e+00 1.083925363277306264e+00
4.674740229426618043e+00 1.069555691707188227e+00
4.789797342305886829e+00 1.055186020137069747e+00
4.900503921958065057e+00 1.025589945759658672e+00
5.005755348244334435e+00 9.769405475120658267e-01
4.992120360072932250e+00 9.073195915956207003e-01
4.924460263394503379e+00 8.165007477643113631e-01
5.021093773612215649e+00 7.647824915312049221e-01
5.127431537633042602e+00 7.185558041288335751e-01
5.166613657003937377e+00 6.302314156094768194e-01
5.205484398372663968e+00 5.324635379247073530e-01
5.291380162755839223e+00 4.545755135167319771e-01
5.377275927139009148e+00 3.766874891087570454e-01
5.452423833740113857e+00 2.901359235805047732e-01
5.509938159285893811e+00 1.894607506331560387e-01
5.560964303995540092e+00 8.534088582215337837e-02
5.554628505108313519e+00 7.065596520145822623e-02
5.529659537874922925e+00 5.654892072783779255e-02
5.504690570641538550e+00 4.244187625421602661e-02
5.479721603408150621e+00 2.833483178059692520e-02
5.454752636174765357e+00 1.422778730697604743e-02
5.429887377265156800e+00 -5.894266513184476253e-05
5.405215918444554291e+00 -1.468006259987086892e-02
5.380544459623946452e+00 -2.930118253460411992e-02
5.355873000803350159e+00 -4.392230246934403226e-02
5.331201541982741432e+00 -5.854342240408128006e-02
5.306530083162139810e+00 -7.316454233881763969e-02
5.281858624341537300e+00 -8.778566227355621976e-02
5.258270879808534914e+00 -1.040329097469059327e-01
5.235440103220149410e+00 -1.213884180613811203e-01
5.212609326631768347e+00 -1.387439263758629693e-01
5.189778550043382843e+00 -1.560994346903408214e-01
5.173243452751788318e+00 -1.785305345700800572e-01
5.161210609444997210e+00 -2.045626053758571317e-01
5.154301501302531285e+00 -2.302032775528215502e-01
5.257041432848631679e+00 -3.129379982055127130e-01
5.315697107374143471e+00 -3.836346661540286362e-01
5.268044464306438357e+00 -4.667585412199737327e-01
5.392012935798756956e+00 -5.250721439120096257e-01
5.515981407291072003e+00 -5.833857466040421880e-01
5.630346698928104132e+00 -6.587962872444728113e-01
5.744558969481022181e+00 -7.344548322887134439e-01
5.796102869971944571e+00 -8.463385982255233753e-01
5.675504312934434026e+00 -9.113358768111388120e-01
5.636034197122723022e+00 -9.935309143289117184e-01
5.756328137100831022e+00 -1.059090247666047313e+00
5.867953827337470507e+00 -1.136924336428518867e+00
5.963733133784356433e+00 -1.233411606791410486e+00
5.945050704581435141e+00 -1.330688148348131428e+00
5.952755425542791912e+00 -1.427701387769582775e+00
6.029817992988744102e+00 -1.540971061035215195e+00
6.109144995599841366e+00 -1.652647113506851007e+00
6.187318287880183121e+00 -1.765044796014463291e+00
6.269572832844065857e+00 -1.873332264139387693e+00
6.256291911776339809e+00 -1.898472141887802334e+00
6.237832596363764637e+00 -1.923770030330254066e+00
6.219373280951186800e+00 -1.949067918772702468e+00
6.200913965538614292e+00 -1.974365807215154867e+00
6.182454650126033791e+00 -1.999663695657602602e+00
6.162595161840098257e+00 -2.023560421410861121e+00
6.135078401610089216e+00 -2.038512257137345518e+00
6.107561641380085504e+00 -2.053464092863833912e+00
6.080044881150071134e+00 -2.068415928590316533e+00
6.052528120920061205e+00 -2.083367764316801374e+00
6.025011360690053941e+00 -2.098319600043285771e+00
5.997494600460044012e+00 -2.113271435769772388e+00
5.969977840230036747e+00 -2.128223271496256785e+00
5.943329823181450422e+00 -2.144553876471718912e+00
5.918059735149737044e+00 -2.163051231310101130e+00
5.892789647118027219e+00 -2.181548586148482904e+00
5.867519559086308512e+00 -2.200045940986861126e+00
5.842249471054589804e+00 -2.218543295825242012e+00
5.816979383022879091e+00 -2.237040650663624231e+00
5.846727937263419328e+00 -2.297246705376494447e+00
5.885695256634698502e+00 -2.359757477836447848e+00
5.924662576005977677e+00 -2.422268250296403025e+00
5.963629895377254186e+00 -2.484779022756357314e+00
6.007930473106043223e+00 -2.543547795826902824e+00
6.053599307871475155e+00 -2.601344042968837034e+00
6.045319432434212104e+00 -2.652111397130141324e+00
5.984608230915470450e+00 -2.693810161202468301e+00
5.959588965939535576e+00 -2.746227245370493897e+00
6.004279252892016139e+00 -2.804783431248916603e+00
6.048969539844493148e+00 -2.863339617127339753e+00
6.093659826796975487e+00 -2.921895803005762460e+00
6.138350113749452497e+00 -2.980451988884183834e+00
6.178285829602378598e+00 -3.042290402075188638e+00
6.217035416813938120e+00 -3.104936376753989702e+00
6.251053608048641408e+00 -3.170255150635097774e+00
6.288006817064816900e+00 -3.233900139935614870e+00
6.327317627246237919e+00 -3.296195475679182696e+00
6.342355356877522610e+00 -3.351388737697014175e+00
6.328720215023577289e+00 -3.356403531399058338e+00
6.303045231907127288e+00 -3.365846391987652897e+00
6.277370248790675511e+00 -3.375289252576248789e+00
6.251695265674217517e+00 -3.384732113164838907e+00
6.226020282557766627e+00 -3.394174973753433022e+00
6.200345299441309521e+00 -3.403617834342028026e+00
6.174670316324858632e+00 -3.413060694930623917e+00
6.148995333208407743e+00 -3.422503555519216700e+00
6.123337637989667570e+00 -3.431991118518510131e+00
6.097995908764098694e+00 -3.442294956690900687e+00
6.072655446345541996e+00 -3.452601912523716621e+00
6.047314983926986187e+00 -3.462908868356529446e+00
6.021974521508434819e+00 -3.473215824189346268e+00
5.996634059089878122e+00 -3.483522780022160426e+00
5.971293596671321424e+00 -3.493829735854973251e+00
5.948771720344756098e+00 -3.509062980285580835e+00
5.927400598347203342e+00 -3.526140670957672363e+00
5.906029476349651475e+00 -3.543218361629762114e+00
5.911320674086342208e+00 -3.568095586462520785e+00
5.928864836905860969e+00 -3.613244325817294378e+00
5.904967970948682421e+00 -3.659880006209576209e+00
5.900061831203592178e+00 -3.702519383691427191e+00
5.944160044585689029e+00 -3.736157234548092898e+00
5.991875988441071499e+00 -3.759605117296759946e+00
6.047336662767854421e+00 -3.759084505188655889e+00
6.030442285957550830e+00 -3.788825216840733923e+00
5.990011858509677545e+00 -3.826792807890604831e+00
5.993440320130115850e+00 -3.874266080492227537e+00
6.016005328770503091e+00 -3.924931431757239686e+00
6.038570337410902766e+00 -3.975596783022253611e+00
6.061135346051290895e+00 -4.026262134287268424e+00
6.083700354691685241e+00 -4.076927485552279684e+00
6.106265363332086693e+00 -4.127592836817293609e+00
6.128830763436833529e+00 -4.178258013705851148e+00
6.152032196100498673e+00 -4.228634853283464778e+00
6.175266518524329840e+00 -4.278996780324169080e+00
6.188358087854801681e+00 -4.330887414354921638e+00
6.177992799963532455e+00 -4.385373359704887619e+00
6.169364364495286246e+00 -4.399680713272769772e+00
6.151548142834773358e+00 -4.403943712756520412e+00
6.133731921174260471e+00 -4.408206712240271052e+00
6.115915699513747583e+00 -4.412469711724026133e+00
6.098099477853241801e+00 -4.416732711207778550e+00
6.080283256192729802e+00 -4.420995710691530967e+00
6.062467034532216914e+00 -4.425258710175280719e+00
6.044650812871704026e+00 -4.429521709659033135e+00
6.026834591211192915e+00 -4.433784709142786440e+00
6.009018369550680028e+00 -4.438047708626537080e+00
5.991324053969995234e+00 -4.442675590368819982e+00
5.974578848698032907e+00 -4.450104521601160101e+00
5.957833643426070580e+00 -4.457533452833500220e+00
5.941088438154105589e+00 -4.464962384065839451e+00
5.924343232882149479e+00 -4.472391315298181347e+00
5.907598027610187152e+00 -4.479820246530521466e+00
5.890852822338223937e+00 -4.487249177762858920e+00
5.874107617066268716e+00 -4.494678108995202592e+00
5.876296064448820466e+00 -4.510546710816708327e+00
5.906365015215225611e+00 -4.574285177892814858e+00
5.933447271583006888e+00 -4.631692618519995364e+00
5.960529527950780171e+00 -4.689100059147179422e+00
5.984044947586096619e+00 -4.748007464853760240e+00
6.005955061798492700e+00 -4.807581030673956590e+00
5.997517661636643460e+00 -4.851700740354138119e+00
5.935215324014082583e+00 -4.863844939631899678e+00
5.934980748677162410e+00 -4.923816486180690788e+00
5.940127877796295586e+00 -4.987082353053473582e+00
5.945275006915422544e+00 -5.050348219926254600e+00
5.950422136034559273e+00 -5.113614086799038283e+00
5.965567778377244501e+00 -5.175159613442287920e+00
5.982049732220859894e+00 -5.236457313617993492e+00
5.998531686064468182e+00 -5.297755013793700840e+00
6.015013639908077359e+00 -5.359052713969406412e+00
6.032336186907706121e+00 -5.420100025428863155e+00
6.052248432264322631e+00 -5.480370792258159263e+00
6.068252770912172522e+00 -5.541775388094096755e+00
6.083613242836286794e+00 -5.603363688538271603e+00
5.950345326571855331e+00 -5.595726312078689091e+00
5.816175736821683095e+00 -5.582643111327628027e+00
5.683696144177491583e+00 -5.557440481389669173e+00
5.572212939924450659e+00 -5.483756924096718777e+00
5.457576796313971634e+00 -5.416165147709611105e+00
5.327145264238607680e+00 -5.381906857275991385e+00
5.194922917100180726e+00 -5.358657607198200168e+00
5.141908636613875316e+00 -5.474851136907757265e+00
5.037816286304522606e+00 -5.479994069939394308e+00
4.912060707593036035e+00 -5.431824951990494199e+00
4.795213127367187411e+00 -5.364499934216082622e+00
4.671879862182561460e+00 -5.314195589773254014e+00
4.645139790173219652e+00 -5.445846799385818393e+00
4.637294744357180143e+00 -5.579302701783076301e+00
4.537960975077073300e+00 -5.584888742083519375e+00
4.407378954557690243e+00 -5.551208615301732152e+00
4.291991842354583753e+00 -5.483727371236199133e+00
4.177188454506144843e+00 -5.413381517959070521e+00
4.096641382086100514e+00 -5.400510990002910461e+00
4.118744764038359207e+00 -5.471010380686785801e+00
4.141333562411240621e+00 -5.543058021405669500e+00
4.163922360784116705e+00 -5.615105662124555863e+00
4.144833563968730594e+00 -5.686416875675245564e+00
4.118720215231296500e+00 -5.757263254289860299e+00
4.115128792711780115e+00 -5.831886792836085576e+00
4.058800730685361735e+00 -5.855908240200462522e+00
3.983581881135313196e+00 -5.861455819375697374e+00
3.925265782263544168e+00 -5.872700838167676629e+00
3.936451807992009666e+00 -5.947373384484848202e+00
3.947637833720476053e+00 -6.022045930802018887e+00
3.946212778602131710e+00 -6.097299490255505106e+00
3.941709855409376129e+00 -6.172670837780995790e+00
3.937206932216620547e+00 -6.248042185306486473e+00
3.934819893052710515e+00 -6.323436845954661933e+00
3.938273543967825141e+00 -6.398863556345904868e+00
3.941727194882933549e+00 -6.474290266737149580e+00
3.973819233198783607e+00 -6.541302851455250256e+00
3.959332574206198885e+00 -6.604050888516979079e+00
3.922569386336153041e+00 -6.614833254581671262e+00
3.873283057506176519e+00 -6.619951092141209692e+00
3.824287911592502365e+00 -6.614117593569010189e+00
3.775402924721089182e+00 -6.606018672072682563e+00
3.726517937849677775e+00 -6.597919750576354048e+00
3.677632950978264148e+00 -6.589820829080027309e+00
3.628747964106849633e+00 -6.581721907583699682e+00
3.579862977235430677e+00 -6.573622986087372055e+00
3.530977990364018826e+00 -6.565524064591041764e+00
3.484146853662468679e+00 -6.550507546166913997e+00
3.438797416519352890e+00 -6.530538494571400676e+00
3.393447979376232659e+00 -6.510569442975882026e+00
3.348098542233116426e+00 -6.490600391380368706e+00
3.302782550675746887e+00 -6.470560119481765682e+00
3.259168815703034738e+00 -6.447045659314552424e+00
3.215628888332185298e+00 -6.423389598878316953e+00
3.172088960961329640e+00 -6.399733538442081482e+00
3.128549033590473538e+00 -6.376077478005846899e+00
3.097498953375605879e+00 -6.385805655570128359e+00
3.074352604675376632e+00 -6.458408484327589960e+00
3.051048297553526467e+00 -6.531506779060457291e+00
3.027743990431671861e+00 -6.604605073793321957e+00
2.997395192516841167e+00 -6.674819803083226866e+00
2.962372882319315615e+00 -6.743083184274836661e+00
2.901029513921343561e+00 -6.759387873130149771e+00
2.825658042542878778e+00 -6.745049368133890333e+00
2.764326896079481788e+00 -6.740187620672604574e+00
2.755034037043956996e+00 -6.816345970144139343e+00
2.745741178008431316e+00 -6.892504319615675890e+00
2.736448318972910521e+00 -6.968662669087212436e+00
2.717117049005866924e+00 -7.042798772824364839e+00
2.696013616897617204e+00 -7.116562561884683724e+00
2.674910184789368817e+00 -7.190326350944999056e+00
2.651056811778378819e+00 -7.262927946440005833e+00
2.612624695744072412e+00 -7.329331439423492967e+00
2.574192579709755346e+00 -7.395734932406972995e+00
2.526644145163767341e+00 -7.455701624488639823e+00
2.476126610682241047e+00 -7.513341588494332868e+00
2.448159009525219254e+00 -7.492846220004445890e+00
2.424777997064500923e+00 -7.475712020208092667e+00
2.401396984603781259e+00 -7.458577820411740333e+00
2.378015972143055379e+00 -7.441443620615387999e+00
2.354634959682336159e+00 -7.424309420819033001e+00
2.331253947221617384e+00 -7.407175221022682443e+00
2.306497021444330109e+00 -7.392430083991350820e+00
2.279537144014178285e+00 -7.381780316139370690e+00
2.252577266584031790e+00 -7.371130548287392337e+00
2.225617389153886183e+00 -7.360480780435412207e+00
2.198657511723734803e+00 -7.349831012583432965e+00
2.171697634293588308e+00 -7.339181244731452836e+00
2.144609153966050119e+00 -7.328893049874946719e+00
2.116132751002244738e+00 -7.323475760830373993e+00
2.087656348038434473e+00 -7.318058471785798602e+00
2.059179945074622431e+00 -7.312641182741223211e+00
2.030703542110817938e+00 -7.307223893696649597e+00
2.002227139147006785e+00 -7.301806604652073318e+00
1.981786418877037548e+00 -7.312920300890623615e+00
1.962140922448816438e+00 -7.364694481048069896e+00
1.942187128936706975e+00 -7.417281154227573836e+00
1.932023896844679900e+00 -7.472089994647562960e+00
1.927677942117898668e+00 -7.528166948462160946e+00
1.923331987391105447e+00 -7.584243902276758043e+00
1.920524210365113227e+00 -7.640416297144279056e+00
1.874238850700685299e+00 -7.639159332815529169e+00
1.819953505457172938e+00 -7.624441542104817948e+00
1.807213370772925654e+00 -7.672217224427355653e+00
1.801327088405153098e+00 -7.728153471633425475e+00
1.795440806037381876e+00 -7.784089718839496186e+00
1.786980759067414715e+00 -7.839499236602010868e+00
1.769960908711378567e+00 -7.893107414760477170e+00
1.752941058355336645e+00 -7.946715592918941695e+00
1.735921207999289173e+00 -8.000323771077406221e+00
1.717601935552639292e+00 -8.053478716527575187e+00
1.697375513022120863e+00 -8.105961131708554035e+00
1.662886898796761104e+00 -8.149181644501592103e+00
1.622589499564420334e+00 -8.188419785215963032e+00
1.609050193113830129e+00 -8.190744494951614385e+00
1.593689995993672337e+00 -8.183852986276864527e+00
1.578329798873513878e+00 -8.176961477602114670e+00
1.562969601753349869e+00 -8.170069968927363036e+00
1.547609404633191188e+00 -8.163178460252613178e+00
1.532249207513032729e+00 -8.156286951577865096e+00
1.516889010392868498e+00 -8.149395442903117015e+00
1.501528813272710039e+00 -8.142503934228365381e+00
1.486168616152552469e+00 -8.135612425553615523e+00
1.470808419032387793e+00 -8.128720916878865665e+00
1.455448221912229778e+00 -8.121829408204114031e+00
1.439422401354489844e+00 -8.116946498148877254e+00
1.422883677085310827e+00 -8.113800207168640810e+00
1.406344952816125149e+00 -8.110653916188400814e+00
1.389806228546946576e+00 -8.107507625208160817e+00
1.373267504277766449e+00 -8.104361334227922598e+00
1.356728780008587654e+00 -8.101215043247684378e+00
1.340168111692685793e+00 -8.098213405849978841e+00
1.323373546739570195e+00 -8.097150858788545236e+00
1.256340316266060242e+00 -8.162833383945701016e+00
1.218517865916098453e+00 -8.276760366345783382e+00
1.170751232134476405e+00 -8.386234230319193017e+00
1.110348626668234528e+00 -8.489971496150488406e+00
1.049946021201991098e+00 -8.593708761981787347e+00
9.939309026673561753e-01 -8.699864182873723095e+00
9.340375952761884593e-01 -8.803685526024914054e+00
8.297579418500116155e-01 -8.777428963663972183e+00
7.428251182316129020e-01 -8.818096437281756295e+00
6.711232831192879278e-01 -8.914370742840340256e+00
5.994214480069561812e-01 -9.010645048398929546e+00
5.242304452561088457e-01 -9.104202500062335446e+00
4.484191317868887472e-01 -9.197275266322584741e+00
3.726078183176625980e-01 -9.290348032582830484e+00
3.082357544950182215e-01 -9.391521115745360859e+00
2.458233402076992480e-01 -9.494061769205789147e+00
1.834109259203797748e-01 -9.596602422666219212e+00
1.202992323836748617e-01 -9.698713445122617571e+00
5.400472784653137515e-02 -9.787040218760427734e+00
-1.249778199044564858e-02 -9.695053336469335648e+00
-6.872765537578173767e-02 -9.604764309573539549e+00
-9.265174339949698579e-02 -9.499956159277331835e+00
-1.165758314232129694e-01 -9.395148008981127674e+00
-1.493822356369683968e-01 -9.293414207679091987e+00
-1.956344238876453479e-01 -9.196368623347282778e+00
-2.418866121383161372e-01 -9.099323039015470016e+00
-2.862089055204298238e-01 -9.001408488755549442e+00
-3.280740372425808293e-01 -8.902391211969300500e+00
-3.699391689647366643e-01 -8.803373935183046228e+00
-4.278169246297120476e-01 -8.713062216534659399e+00
-4.982454687298664697e-01 -8.686276176228005852e+00
-5.800019137378163991e-01 -8.755973815238689895e+00
-6.431664740333805641e-01 -8.703666717751909587e+00
-7.009177842763579802e-01 -8.612992043660971930e+00
-6.993549008087809327e-01 -8.507105949797320932e+00
-6.919898240318761440e-01 -8.399854534886614488e+00
-7.239895777748983630e-01 -8.297889716130601556e+00
-7.679231310447056646e-01 -8.199861052471478118e+00
-7.767130548019055558e-01 -8.181229724534786030e+00
-7.924312493847774919e-01 -8.175576818514477040e+00
-8.120534578794587066e-01 -8.179607752469749471e+00
-8.316756663741443623e-01 -8.183638686425016573e+00
-8.512978748688307951e-01 -8.187669620380283675e+00
-8.709200833635171168e-01 -8.191700554335554330e+00
-8.905422918581981095e-01 -8.195731488290826761e+00
-9.101645003528838762e-01 -8.199762422246092086e+00
-9.297875202145257090e-01 -8.203789061460302179e+00
-9.497078183841560772e-01 -8.205621807083838704e+00
-9.697072617246025317e-01 -8.206762754423909456e+00
-9.897067050650558695e-01 -8.207903701763981985e+00
-1.009706148405503212e+00 -8.209044649104054514e+00
-1.029705591745950333e+00 -8.210185596444127043e+00
-1.048762848436040507e+00 -8.215259267573433277e+00
-1.066595004865694696e+00 -8.224385805352291356e+00
-1.084427161295348219e+00 -8.233512343131145883e+00
-1.102259317725008403e+00 -8.242638880910003962e+00
-1.120091474154662148e+00 -8.251765418688860265e+00
-1.126507487125832929e+00 -8.214691884631065477e+00
-1.126222223913842191e+00 -8.165718321004870717e+00
-1.125936960701862777e+00 -8.116744757378675956e+00
-1.125651697489883585e+00 -8.067771193752477643e+00
-1.125366434277903949e+00 -8.018797630126279330e+00
-1.125081171065925201e+00 -7.969824066500084569e+00
-1.124926184786823047e+00 -7.920851472176293484e+00
-1.126202922809204532e+00 -7.871893722540803218e+00
-1.127479660831591568e+00 -7.822935972905311175e+00
-1.128756398853978604e+00 -7.773978223269819132e+00
-1.130140394876738563e+00 -7.725024453210150632e+00
-1.162295389877935570e+00 -7.688485178934053366e+00
-1.199201761975503766e+00 -7.665168733813074731e+00
-1.244851096170981108e+00 -7.682906535166646123e+00
-1.254833370726990971e+00 -7.657790987704139241e+00
-1.243026342116039906e+00 -7.610261150919974682e+00
-1.231219313505099722e+00 -7.562731314135804794e+00
-1.237085012496168090e+00 -7.517023546746105289e+00
-1.258629566083929285e+00 -7.473042601780663929e+00
-1.285329113712996074e+00 -7.464853227346459619e+00
-1.313665201005747463e+00 -7.466469646091029588e+00
-1.342001288298504624e+00 -7.468086064835600446e+00
-1.370337375591259121e+00 -7.469702483580169527e+00
-1.398673462884013396e+00 -7.471318902324739497e+00
-1.424438371740633702e+00 -7.482446033314958278e+00
-1.449524164862533437e+00 -7.495721937655746459e+00
-1.474609957984430508e+00 -7.508997841996535527e+00
-1.499695751106330022e+00 -7.522273746337321043e+00
-1.524781544228227315e+00 -7.535549650678111000e+00
-1.549992083360193673e+00 -7.548560234914165612e+00
-1.576689781501245280e+00 -7.558181223990153796e+00
-1.603446286241310581e+00 -7.567648858685014801e+00
-1.630202790981375660e+00 -7.577116493379876694e+00
-1.656959295721437853e+00 -7.586584128074740363e+00
-1.671759954099025114e+00 -7.609995644716064156e+00
-1.684213669249056577e+00 -7.635499597970065722e+00
-1.696667384399088041e+00 -7.661003551224067287e+00
-1.711694255634385708e+00 -7.664620990411708412e+00
-1.744152688116280769e+00 -7.619577979610102858e+00
-1.780471843775576213e+00 -7.569177390438722064e+00
-1.816790999434871656e+00 -7.518776801267340382e+00
-1.844698699709042433e+00 -7.463978676651406019e+00
-1.864499917252711914e+00 -7.405095638003466263e+00
-1.884301134796384281e+00 -7.346212599355528283e+00
-1.904102352340056648e+00 -7.287329560707588527e+00
-1.923903569883729237e+00 -7.228446522059649659e+00
-1.940566490989067194e+00 -7.168693293545830514e+00
-1.953549003113141058e+00 -7.107941710557607706e+00
-1.966531515237214256e+00 -7.047190127569384899e+00
-2.007998641012939345e+00 -7.042298742406136292e+00
-2.062559673400222948e+00 -7.071768578087233692e+00
-2.110534215319312512e+00 -7.095360927738491696e+00
-2.129772065150840721e+00 -7.036291429767999261e+00
-2.149009914982374259e+00 -6.977221931797506826e+00
-2.168247764813905576e+00 -6.918152433827015280e+00
-2.183000327893933612e+00 -6.857808590168901652e+00
-2.214085565456826554e+00 -6.822908446934059512e+00
-2.250013493241334928e+00 -6.833071207810019310e+00
-2.282194357842737720e+00 -6.842174054867813382e+00
-2.314375222444143176e+00 -6.851276901925604790e+00
-2.346769944419571097e+00 -6.859352057250147183e+00
-2.379972753931304918e+00 -6.863357467538620860e+00
-2.413175563443038740e+00 -6.867362877827095424e+00
-2.446378372954772562e+00 -6.871368288115569101e+00
-2.479581182466506384e+00 -6.875373698404041001e+00
-2.512783991978242870e+00 -6.879379108692514677e+00
-2.545314550495968664e+00 -6.886129645637068641e+00
-2.576117999064774899e+00 -6.899153371191624196e+00
-2.606921447633581579e+00 -6.912177096746181526e+00
-2.637724896202387370e+00 -6.925200822300736192e+00
-2.668528344771194050e+00 -6.938224547855293523e+00
-2.698466379613280619e+00 -6.953073471905063307e+00
-2.728025712785315360e+00 -6.968716863272540252e+00
-2.757585045957351877e+00 -6.984360254640018972e+00
-2.787144379129389282e+00 -7.000003646007498581e+00
-2.816703712301423135e+00 -7.015647037374976414e+00
-2.876264732460295459e+00 -6.927223480279507406e+00
-2.912271745748634899e+00 -6.810028882174781195e+00
-2.920529460335217209e+00 -6.684481618855204310e+00
-2.924536369064718588e+00 -6.558772927004817177e+00
-2.952282196706345285e+00 -6.454973160373876695e+00
-2.991290976611987951e+00 -6.362284059841467609e+00
-2.988543098952058052e+00 -6.236516390825702416e+00
-2.978096548036098135e+00 -6.111132281979370973e+00
-3.076592099040300177e+00 -6.081911273360477210e+00
-3.152796079172747845e+00 -6.018823702371223661e+00
-3.164265618261601798e+00 -5.895821602505112224e+00
-3.133183762318599186e+00 -5.773907394208144694e+00
-3.152546408355220819e+00 -5.712817504725739681e+00
-3.267555205080109548e+00 -5.763839870930398845e+00
-3.381908268184914856e+00 -5.816241762502677659e+00
-3.487336403022933684e+00 -5.883600086529169104e+00
-3.503857734054729445e+00 -5.773203597265473164e+00
-3.517411438432167081e+00 -5.648177032721807933e+00
-3.530408820346717658e+00 -5.531981224210811732e+00
-3.637876068229644932e+00 -5.577419057228059529e+00
-3.734545976393155886e+00 -5.634927063317527463e+00
-3.820838526210870167e+00 -5.708772303252853675e+00
-3.903664369188692529e+00 -5.786556808737941537e+00
-3.971619569613026091e+00 -5.813180692703992847e+00
-3.996532199704982080e+00 -5.702894443933145041e+00
-4.064466013062959071e+00 -5.611814552837421033e+00
-4.162106200738313611e+00 -5.640190232584533447e+00
-4.264138550148901530e+00 -5.690189597444887504e+00
-4.363875722819853920e+00 -5.744617392517514354e+00
-4.457795364302196361e+00 -5.807002094703859640e+00
-4.506421408220386837e+00 -5.805688394470505997e+00
-4.573410871273555500e+00 -5.772863322968078137e+00
-4.684763222476560962e+00 -5.795473131479590201e+00
-4.776274190288281929e+00 -5.859419127755115753e+00
-4.863245084756679937e+00 -5.932539665736808132e+00
-4.951604293728398609e+00 -6.003839570695681971e+00
-5.043292298977431365e+00 -6.069403686615475024e+00
-5.061958059490046402e+00 -6.171354898370241315e+00
-5.114435834543948900e+00 -6.129359996653578335e+00
-5.178876005851740238e+00 -6.077792287125189929e+00
-5.193856667943349770e+00 -5.998019074399103090e+00
-5.204863182659709153e+00 -5.916222858239792437e+00
-5.215869697376065872e+00 -5.834426642080484449e+00
-5.226876212092424367e+00 -5.752630425921173796e+00
-5.235917863889484991e+00 -5.670605110963382600e+00
-5.243998633341286464e+00 -5.588468240379894425e+00
-5.252079402793087048e+00 -5.506331369796407138e+00
-5.260445858510215622e+00 -5.424249377252651882e+00
-5.287475592261783319e+00 -5.346274696943696725e+00
-5.314750189918873602e+00 -5.268378222910362396e+00
-5.382640640718511449e+00 -5.242539806220291254e+00
-5.458699269846057689e+00 -5.232185472133969562e+00
-5.445814698260385889e+00 -5.150663989325845016e+00
-5.432930126674714977e+00 -5.069142506517721358e+00
-5.420045555089043177e+00 -4.987621023709595036e+00
-5.402434444789829371e+00 -4.907030544022503271e+00
-5.383344779203286912e+00 -4.826735158028189865e+00
-5.378431767414442177e+00 -4.806069935990040065e+00
-5.374626422692097449e+00 -4.789634712153042706e+00
-5.385960555999525390e+00 -4.781361291147556258e+00
-5.402146500988698641e+00 -4.776572571952559798e+00
-5.418332445977868339e+00 -4.771783852757563338e+00
-5.434518390967043366e+00 -4.766995133562565101e+00
-5.450704335956215729e+00 -4.762206414367572194e+00
-5.466890280945388980e+00 -4.757417695172574845e+00
-5.483076225934564896e+00 -4.752628975977579273e+00
-5.499262170923735482e+00 -4.747840256782582813e+00
-5.515448115912909621e+00 -4.743051537587585464e+00
-5.531634060902084649e+00 -4.738262818392589004e+00
-5.547691738512895654e+00 -4.733068644737844721e+00
-5.563661012555694896e+00 -4.727600653034572886e+00
-5.579630286598495026e+00 -4.722132661331301051e+00
-5.595599560641296044e+00 -4.716664669628029216e+00
-5.611568834684093510e+00 -4.711196677924757381e+00
-5.627538108726892752e+00 -4.705728686221485546e+00
-5.643507382769691993e+00 -4.700260694518213711e+00
-5.642338171350520071e+00 -4.667439543157046344e+00
-5.626627599282645775e+00 -4.621555906879136089e+00
-5.610917027214774144e+00 -4.575672270601225833e+00
-5.595206455146901625e+00 -4.529788634323313801e+00
-5.572247423238544606e+00 -4.487113080051500447e+00
-5.548582476728368462e+00 -4.444779872525328912e+00
-5.524917530218192319e+00 -4.402446664999155601e+00
-5.501252583708019728e+00 -4.360113457472984955e+00
-5.477587637197843584e+00 -4.317780249946813420e+00
-5.450849697019831908e+00 -4.277612778077637401e+00
-5.418159907524159991e+00 -4.241786700766384755e+00
-5.385470118028484521e+00 -4.205960623455130332e+00
-5.406790512580188945e+00 -4.183971820789562202e+00
-5.453418317510174695e+00 -4.170630982727637104e+00
-5.440844439138424526e+00 -4.136074146589818312e+00
-5.411429740974119440e+00 -4.097513730556193501e+00
-5.382319141929900574e+00 -4.058740537764491840e+00
-5.358654068420081629e+00 -4.016407401233422547e+00
-5.364433537801964746e+00 -3.987098405048448146e+00
-5.385735836341704719e+00 -3.983802009943925970e+00
-5.412073289305016743e+00 -3.979726456742385565e+00
-5.438410742268328768e+00 -3.975650903540841163e+00
-5.464748195231643457e+00 -3.971575350339301202e+00
-5.491085648194954594e+00 -3.967499797137758577e+00
-5.517423101158266618e+00 -3.963424243936216840e+00
-5.543760554121579531e+00 -3.959348690734675102e+00
-5.570098007084895109e+00 -3.955273137533133365e+00
-5.596077063288723785e+00 -3.955387606340541318e+00
-5.620473238861896093e+00 -3.966115988319961705e+00
-5.644869414435067512e+00 -3.976844370299378539e+00
-5.669265590008239819e+00 -3.987572752278796706e+00
-5.693661765581409462e+00 -3.998301134258214429e+00
-5.718057941154581769e+00 -4.009029516237632151e+00
-5.742367448809653219e+00 -4.019946384193390010e+00
-5.765161764822321899e+00 -4.033755108998413164e+00
-5.787954268121582757e+00 -4.047567181827882443e+00
-5.810746771420841839e+00 -4.061379254657351723e+00
-5.833539274720101808e+00 -4.075191327486821002e+00
-5.824954393423862342e+00 -4.002946412818316091e+00
-5.808941342105240935e+00 -3.918772557910966015e+00
-5.792928290786619527e+00 -3.834598703003615050e+00
-5.768433957681320834e+00 -3.752918207790619576e+00
-5.735775465053791322e+00 -3.673702814578225784e+00
-5.703116972426260922e+00 -3.594487421365834656e+00
-5.670479399521089370e+00 -3.515263453757669687e+00
-5.638270009423084872e+00 -3.435864392982299620e+00
-5.606060619325080374e+00 -3.356465332206929109e+00
-5.575147732493656250e+00 -3.276563634527760005e+00
-5.577262544613555306e+00 -3.208782775843677548e+00
-5.655345459025057586e+00 -3.173662876653475351e+00
-5.737898365717727600e+00 -3.150713513719228587e+00
-5.698544735238784575e+00 -3.089974179784254371e+00
-5.641937055906350196e+00 -3.025652905674574455e+00
-5.587440336311248146e+00 -2.959632153990588765e+00
-5.536934917110261978e+00 -2.890416127711777694e+00
-5.496428335148933364e+00 -2.817187368690543536e+00
-5.486049347243227459e+00 -2.732134842140478082e+00
-5.502943945058797581e+00 -2.704387920321933425e+00
-5.537382635169866063e+00 -2.692840616358788797e+00
-5.571821325280932768e+00 -2.681293312395646833e+00
-5.606260015391995921e+00 -2.669746008432502649e+00
-5.640698705503063515e+00 -2.658198704469359352e+00
-5.675737578493529334e+00 -2.649237710741956686e+00
-5.711844238525126904e+00 -2.645278833786804285e+00
-5.747950898556720922e+00 -2.641319956831654547e+00
-5.784057558588314052e+00 -2.637361079876504810e+00
-5.820164218619910734e+00 -2.633402202921352853e+00
-5.856270878651505640e+00 -2.629443325966202671e+00
-5.892377538683102323e+00 -2.625484449011050714e+00
-5.928484198714697229e+00 -2.621525572055900977e+00
-5.964590858746293911e+00 -2.617566695100750351e+00
-6.000720408375959103e+00 -2.616681524147127291e+00
-6.036791340566965758e+00 -2.620953696458114823e+00
-6.072862272757978630e+00 -2.625225868769101467e+00
-6.108933204948987949e+00 -2.629498041080086779e+00
-6.145004137139999045e+00 -2.633770213391073423e+00
-6.097635855604361943e+00 -2.518469146956722415e+00
-6.020909561496269546e+00 -2.404923683115461230e+00
-5.934071020635073523e+00 -2.297959990392788754e+00
-5.870830480496047166e+00 -2.176511716284631248e+00
-5.814999687597919298e+00 -2.050555032046999848e+00
-5.800905091538107961e+00 -1.918638269812321440e+00
-5.877741421400632937e+00 -1.856626883967973818e+00
-5.789143626296468170e+00 -1.751115773451344948e+00
-5.703867092848861731e+00 -1.642989597562646509e+00
-5.622242765887566662e+00 -1.531995755445671570e+00
-5.627582603250060878e+00 -1.427932547663445906e+00
-5.726885950809396775e+00 -1.332428574430489787e+00
-5.849554649235040316e+00 -1.275362888943669226e+00
-5.829191449738987174e+00 -1.203093205144327049e+00
-5.729289282668140970e+00 -1.108215806601148268e+00
-5.624954509348598641e+00 -1.019217173888262717e+00
-5.523941829500318867e+00 -9.467275000129993234e-01
-5.562879515371021988e+00 -8.540728587969941277e-01
-5.442031614440082876e+00 -7.879067906022059198e-01
-5.467846267015280759e+00 -7.560367605216087306e-01
-5.519175308588430973e+00 -7.225108326753979515e-01
-5.571769845221351325e+00 -6.914783340981098814e-01
-5.609623556588236859e+00 -6.667572591557873185e-01
-5.566681915653304280e+00 -6.230002731925943227e-01
-5.595043054032495355e+00 -5.934155292906768686e-01
-5.652177531672002431e+00 -5.711824500701090379e-01
-5.709312009311511282e+00 -5.489493708495412072e-01
-5.766446486951023687e+00 -5.267162916289733765e-01
-5.824970741349680736e+00 -5.084992795802718568e-01
-5.883648460616374365e+00 -4.907346065344011521e-01
-5.942326179883067994e+00 -4.729699334885313355e-01
-6.001003899149764287e+00 -4.552052604426601867e-01
-6.059681618416456139e+00 -4.374405873967899261e-01
-6.118359337683152432e+00 -4.196759143509196655e-01
-6.176251114368193740e+00 -3.997558749772123221e-01
-6.232360112326509771e+00 -3.750488173846724393e-01
-6.281508001699033450e+00 -3.406792278865689028e-01
-6.322014944388578250e+00 -2.946591676876333388e-01
-6.270929890200100054e+00 -2.292082980378440382e-01
-6.201048106868616294e+00 -1.563226350161723843e-01
-6.124154995361172915e+00 -9.108356064292033594e-02
-6.045424979929491904e+00 -2.785881718101279603e-02
-5.966694964497814446e+00 3.536592628089696433e-02
-5.888167981352481206e+00 9.883030896219624495e-02
-5.828815597835297346e+00 1.805119612691519215e-01
-5.769504155772989584e+00 2.622306026931626732e-01
-5.710192713710681822e+00 3.439492441171743131e-01
-5.628176695049808664e+00 4.008675474762966040e-01
-5.646220888624901235e+00 4.866066078913076076e-01
-5.690732186970115514e+00 5.764303826690362342e-01
-5.764149925818021103e+00 6.356421420647579978e-01
-5.678690939260354398e+00 6.894245288864042642e-01
-5.593231952702689469e+00 7.432069157080505306e-01
-5.507772966145023652e+00 7.969893025296972411e-01
-5.418258879949497064e+00 8.434250499463864514e-01
-5.326009658964242277e+00 8.837176085530424885e-01
-5.227100910907707565e+00 9.040361486970946991e-01
-5.200534962766977465e+00 9.094935151522207661e-01
-5.196087526585796645e+00 9.245389577870928299e-01
-5.215146239367403069e+00 9.464084725956625199e-01
-5.234204952149005052e+00 9.682779874042308776e-01
-5.253263664930607035e+00 9.901475022127996795e-01
-5.272322377712211683e+00 1.012017017021369369e+00
-5.291381090493813666e+00 1.033886531829938171e+00
-5.310439803275418313e+00 1.055756046638507417e+00
-5.329498516057019408e+00 1.077625561447075331e+00
-5.348557228838623168e+00 1.099495076255645021e+00
-5.367615941620228703e+00 1.121364591064212490e+00
-5.386151519564142731e+00 1.143612057667028559e+00
-5.399099197649536386e+00 1.169562552955345058e+00
-5.411860748034894364e+00 1.195613523045071513e+00
-5.424622298420257671e+00 1.221664493134796636e+00
-5.437383848805616537e+00 1.247715463224521759e+00
-5.458351552739277857e+00 1.266269431621100505e+00
-5.483672471952672822e+00 1.280424333988925412e+00
-5.508993391166062459e+00 1.294579236356750762e+00
-5.449501325067310553e+00 1.327134023063107904e+00
-5.386235432242600041e+00 1.357579164838774055e+00
-5.322969539417894858e+00 1.388024306614440651e+00
-5.257458225026677923e+00 1.412598292105673448e+00
-5.189898630789270051e+00 1.431708003749864844e+00
-5.122339036551858626e+00 1.450817715394057572e+00
-5.054779442314447202e+00 1.469927427038250300e+00
-4.987219848077032225e+00 1.489037138682441253e+00
-4.918392059267322480e+00 1.502114638737037211e+00
-4.848808951822020319e+00 1.511477918659318576e+00
-4.810506128959243455e+00 1.540076448325788050e+00
-4.838768028176445135e+00 1.604347319685095918e+00
-4.866609580983946692e+00 1.668777542550462734e+00
-4.800410833640482267e+00 1.687771447274426073e+00
-4.732573520930029254e+00 1.705870586946575784e+00
-4.664736208219574465e+00 1.723969726618722831e+00
-4.596168518398225267e+00 1.738043990666504612e+00
-4.526244371497562646e+00 1.744375936091318025e+00
-4.456320224596904467e+00 1.750707881516131437e+00
-4.436096375053613095e+00 1.758777120399659388e+00
-4.443081573164988640e+00 1.781201712886796074e+00
-4.450066771276369515e+00 1.803626305373934535e+00
-4.457051969387748613e+00 1.826050897861071221e+00
-4.464037167499127712e+00 1.848475490348207906e+00
-4.471022365610504146e+00 1.870900082835344591e+00
-4.478007563721885020e+00 1.893324675322481276e+00
-4.484992761833264119e+00 1.915749267809618850e+00
-4.491977959944643217e+00 1.938173860296756423e+00
-4.498963158056019651e+00 1.960598452783893109e+00
-4.505948356167400526e+00 1.983023045271028906e+00
-4.512933554278776960e+00 2.005447637758164703e+00
-4.519940094057168345e+00 2.027865501689319672e+00
-4.528271122976200935e+00 2.049820316101724771e+00
-4.536777781011823940e+00 2.071713057134639158e+00
-4.545284439047445169e+00 2.093605798167555321e+00
-4.553791097083068173e+00 2.115498539200471484e+00
-4.562297755118693843e+00 2.137391280233387647e+00
-4.570804413154315959e+00 2.159284021266302922e+00
-4.519707781672638980e+00 2.191209980193201901e+00
-4.442555157292793488e+00 2.205184244335710808e+00
-4.365402532912946221e+00 2.219158508478220604e+00
-4.288249908533101618e+00 2.233132772620730400e+00
-4.210923520988017366e+00 2.245933813961490166e+00
-4.132977114797981244e+00 2.254428828327576184e+00
-4.055030708607943346e+00 2.262923842693663978e+00
-3.977084302417905892e+00 2.271418857059750884e+00
-3.899322712499131427e+00 2.276838480796268271e+00
-3.823289456161884203e+00 2.257687725255660638e+00
-3.765683340480542096e+00 2.264383391301023174e+00
-3.762071155614574725e+00 2.342708097668276146e+00
-3.778552307280868217e+00 2.418448730920577994e+00
-3.762882605802369440e+00 2.464674357508420677e+00
-3.684557923277694602e+00 2.461061655689706917e+00
-3.606233240753019764e+00 2.457448953870993158e+00
-3.527908558228341818e+00 2.453836252052279399e+00
-3.449922680715482137e+00 2.446443988849180684e+00
-3.372232502207829441e+00 2.435858920570157515e+00
-3.336069485809523449e+00 2.430931811312532886e+00
-3.340146830836017156e+00 2.466610202689022202e+00
-3.350069805544074963e+00 2.505693639762932357e+00
-3.359992780252129219e+00 2.544777076836840735e+00
-3.369915754960186138e+00 2.583860513910750001e+00
-3.379838729668241726e+00 2.622943950984658379e+00
-3.389761704376298646e+00 2.662027388058567645e+00
-3.399630629571307683e+00 2.701123479081394940e+00
-3.403093261551425552e+00 2.741255522714521220e+00
-3.405886612093999677e+00 2.781482101904319215e+00
-3.408679962636577354e+00 2.821708681094118987e+00
-3.411473313179152811e+00 2.861935260283919646e+00
-3.414266663721726935e+00 2.902161839473718530e+00
-3.417060014264303724e+00 2.942388418663519190e+00
-3.419853364806879181e+00 2.982614997853318073e+00
-3.422646715349452418e+00 3.022841577043118733e+00
-3.424349619021062718e+00 3.063120145378452008e+00
-3.425281200621101974e+00 3.103432831176962559e+00
-3.426212782221141673e+00 3.143745516975473109e+00
-3.146865907216447766e+00 3.126808592211949289e+00
-2.841123610100497743e+00 3.086552944730907022e+00
-2.538683490274166399e+00 3.030835739607003809e+00
-2.381188640769251741e+00 3.085723416893618065e+00
-2.204761598185978944e+00 3.072971128553898978e+00
-1.962645936193192275e+00 2.882613040580208619e+00
-1.757854644779921705e+00 2.822798638383592795e+00
-1.594143383387991664e+00 2.886450204605927716e+00
-1.417511427481799258e+00 2.633725280443226957e+00
-1.273886549268984592e+00 2.361619643861092577e+00
-1.152056611350018578e+00 2.078345718813121579e+00
-1.051179563558299446e+00 1.791249139254585288e+00
-1.011686295597773899e+00 1.485484101185090999e+00
-9.453153281880294356e-01 1.184298158627498765e+00
-8.488042313908310543e-01 8.924533966533383378e-01
-7.097887563222415874e-01 6.179842149299523690e-01
-5.644606371834007819e-01 3.460413662028152260e-01
-3.298203490594707743e-01 1.589964188374461962e-01
-6.363726726931362432e-02 3.248576100879141393e-03
