9.759282552460156468e-02 2.274184804850576391e-02
2.696293676501719805e-01 1.355041175365139239e-01
3.898875246092815550e-01 3.006739648333307535e-01
3.509392173395351477e-01 4.865525655853013554e-01
2.387833139762204071e-01 6.608809002582241021e-01
9.523655041730247350e-02 8.094729809535159415e-01
-4.375351256682630252e-02 9.630509815511445471e-01
-1.783531252835935665e-01 1.120786953755878557e+00
-3.125020042250906682e-01 1.278906413678767784e+00
-4.076764924201319307e-01 1.459751546680994050e+00
-4.264743226134186660e-01 1.663439231229523863e+00
-2.734538093562081107e-01 1.605629482789970197e+00
-1.192320497012930580e-01 1.468591837481349138e+00
-3.632441980119838210e-02 1.430976503339993489e+00
-8.168449935607000056e-02 1.633284527555231236e+00
-1.303135331428403598e-01 1.834859696262725048e+00
-1.705939292443032496e-01 2.038268601383657064e+00
-2.206212643930655359e-01 2.239370020199372924e+00
-2.980166244340380910e-01 2.431637173068114777e+00
-3.038025444022566246e-01 2.622908949478604423e+00
-1.932626175861211493e-01 2.617950290056798579e+00
-8.785337519408559226e-02 2.589600897347766661e+00
1.421138680466246806e-02 2.546863933464998730e+00
9.193887869186372075e-02 2.469565576618027336e+00
1.665086719875406851e-01 2.387815899850362467e+00
2.410784652832202446e-01 2.306066223082696265e+00
3.156153926627935924e-01 2.224286998877895716e+00
3.837539544771049194e-01 2.137127358622653794e+00
4.514402479025199089e-01 2.049593197256321275e+00
4.964513455735348746e-01 1.951323200421270609e+00
5.187748953700056509e-01 1.842947359717437283e+00
5.383539855484565928e-01 1.734346526908353781e+00
5.279367422347748251e-01 1.624187497063306562e+00
5.174976019589677678e-01 1.514029936841232438e+00
5.101535381027435534e-01 1.403846568681248463e+00
5.224579522301250334e-01 1.293881732861974054e+00
5.347623663575039599e-01 1.183916897042700089e+00
5.936224561829064328e-01 1.091927017975800496e+00
6.839163377346811901e-01 1.135438350076737990e+00
7.249001415085453148e-01 1.234067323048232190e+00
7.480230493476304199e-01 1.342383018218635815e+00
7.529729464233565484e-01 1.451966923411202703e+00
7.436296395365757927e-01 1.562328426226282652e+00
7.342863326497990339e-01 1.672689929041360823e+00
7.258072218757896099e-01 1.783105761805745537e+00
7.223138098797008411e-01 1.893806957643046740e+00
7.188203978836126273e-01 2.004508153480348831e+00
7.153269858875241916e-01 2.115209349317649590e+00
7.279751835153636108e-01 2.224740784343675060e+00
7.479409450198637455e-01 2.333682636057001325e+00
7.679067065243659895e-01 2.442624487770329367e+00
7.878724680288673454e-01 2.551566339483656964e+00
8.167864097363755072e-01 2.658030760947704518e+00
8.568616674905381592e-01 2.761282552230570175e+00
8.969369252446987018e-01 2.864534343513438053e+00
9.406275195731523819e-01 2.966180672641191673e+00
9.911145712677622566e-01 3.064760672125715235e+00
1.028988826535560674e+00 3.032358392660079449e+00
1.061089945570942383e+00 2.988683603754643592e+00
1.093191064606325424e+00 2.945008814849205514e+00
1.116417197345766388e+00 2.896415962030363556e+00
1.136230145571802685e+00 2.845963845009859661e+00
1.156043093797840315e+00 2.795511727989352657e+00
1.175856042023876391e+00 2.745059610968848318e+00
1.195668990249911801e+00 2.694607493948343535e+00
1.215481938475951429e+00 2.644155376927837864e+00
1.235294886701987283e+00 2.593703259907333081e+00
1.255107834928021804e+00 2.543251142886829186e+00
1.266782398505874596e+00 2.490580527114713227e+00
1.274718082189817192e+00 2.436961557022711666e+00
1.282653765873760676e+00 2.383342586930711882e+00
1.290589449557702384e+00 2.329723616838712985e+00
1.297386738482631197e+00 2.276166656277691658e+00
1.280388542800752427e+00 2.224720173732545714e+00
1.267977434906153222e+00 2.173991898905418996e+00
1.300078553941536708e+00 2.130317109999981362e+00
1.354855225781171457e+00 2.134759013831017072e+00
1.395900538590740148e+00 2.172008212840762287e+00
1.407353637422576131e+00 2.229395486825423767e+00
1.418806736254412559e+00 2.286782760810085691e+00
1.430259835086248543e+00 2.344170034794747171e+00
1.441082367712613665e+00 2.401678446378001652e+00
1.451665946991203215e+00 2.459232425718237636e+00
1.462249526269791433e+00 2.516786405058472287e+00
1.472833105548380317e+00 2.574340384398706938e+00
1.483416684826969423e+00 2.631894363738942921e+00
1.499005039607375966e+00 2.688061885045261334e+00
1.520081151847981094e+00 2.742653735912070179e+00
1.541157264088589107e+00 2.797245586778877247e+00
1.562233376329196011e+00 2.851837437645684314e+00
1.583309488569802470e+00 2.906429288512494491e+00
1.606895655647633259e+00 2.959954726946893100e+00
1.631694891503222777e+00 3.012959166281926837e+00
1.656530044991561645e+00 3.065945482972949332e+00
1.692077460204635342e+00 3.112215234163205668e+00
1.776663726695797418e+00 3.016636552488172196e+00
1.831110035647266265e+00 2.877901527090943823e+00
1.847936783176664433e+00 2.727520492261742202e+00
1.863832826816376409e+00 2.577039677210771540e+00
1.916506297801597425e+00 2.501180445373316186e+00
1.986418418388419260e+00 2.634484867857784796e+00
2.052050970351507964e+00 2.770681464525202919e+00
2.158826527109611870e+00 2.805791402944521007e+00
2.164162778862037673e+00 2.655047990567106275e+00
2.266888913854955501e+00 2.724394607784329292e+00
2.381584079835912249e+00 2.823099288368994042e+00
2.509126606365675638e+00 2.902873486688260396e+00
2.643681576050077364e+00 2.972101769939756721e+00
2.774554518166110206e+00 3.047651596055161338e+00
2.900753908824478255e+00 3.131145960333089118e+00
3.026953299482847637e+00 3.214640324611018674e+00
3.153152690141217462e+00 3.298134688888948229e+00
3.295425031308189645e+00 3.348788740280649545e+00
3.438084697455703331e+00 3.371657962197339042e+00
3.360652543969118611e+00 3.144746192537763552e+00
3.218859475650169166e+00 2.935597463650403860e+00
3.077066407331221498e+00 2.726448734763041948e+00
2.935273339012273386e+00 2.517300005875677815e+00
2.794318870946591815e+00 2.307587354168408655e+00
2.637646558717806844e+00 2.112078971321162513e+00
2.566935751089047368e+00 1.952326420644198368e+00
2.578241191221253281e+00 1.826494543858883546e+00
2.380782840044469939e+00 1.668828236205507576e+00
2.199574312814545518e+00 1.492794703854030125e+00
2.017705708485768135e+00 1.317388059180455873e+00
1.826937891076598319e+00 1.153250154620657941e+00
1.609341007138555657e+00 1.024958735715932878e+00
1.382253039657335814e+00 9.141457398907590903e-01
1.180305552703001748e+00 7.627567486089046334e-01
9.743807531476388339e-01 6.163931669264652857e-01
7.589332930084389250e-01 4.849739813524647225e-01
6.379478965616768305e-01 2.797994220944119981e-01
4.877501280719632737e-01 8.318274784562285085e-02
7.231472178532140083e-01 -2.108980269552906961e-02
1.009832650315488189e+00 -2.369542359246690211e-03
1.245205282294433058e+00 1.590969765653909018e-01
1.430487564773436082e+00 3.790250074565499894e-01
1.605778768906934273e+00 6.076323832667109848e-01
1.781069973040432908e+00 8.362397590768724243e-01
1.967365140099901710e+00 1.055893902004051643e+00
2.155699109941341174e+00 1.273881640937102766e+00
2.391760628446680137e+00 1.430589749578651482e+00
2.442128244332088194e+00 1.267805991183646785e+00
2.474712496666456207e+00 1.115741001405544441e+00
2.710435297564163459e+00 1.277546408908118103e+00
2.941630185500639261e+00 1.448056461562305497e+00
3.158370141739998083e+00 1.477075511790652662e+00
3.206483986524519381e+00 1.283119761199233988e+00
3.494239610956110464e+00 1.294570365687345515e+00
3.782014074871359988e+00 1.307768715571694607e+00
4.069564870921191790e+00 1.291135767957097613e+00
4.335853989488923865e+00 1.232636044481912663e+00
4.305504107657356805e+00 1.149461382850385682e+00
4.248375979825176785e+00 1.080522381401253007e+00
4.176102827674666784e+00 1.029314343896588380e+00
4.098385434662826121e+00 9.848596958397539680e-01
4.020668041650984570e+00 9.404050477829217769e-01
3.942950648639147460e+00 8.959503997260895858e-01
3.864236240085547447e+00 8.534551196131265893e-01
3.782017950580614407e+00 8.180099255623591858e-01
3.699799661075681811e+00 7.825647315115920044e-01
3.617581371570749660e+00 7.471195374608214923e-01
3.535363082065816176e+00 7.116743434100534227e-01
3.452944706262790042e+00 6.767040767518170963e-01
3.370095651611275223e+00 6.427593709236065767e-01
3.287246596959755962e+00 6.088146650954009420e-01
3.201586820874820383e+00 5.838252585423739927e-01
3.114301066079814273e+00 5.642883207336746310e-01
3.041357479980586920e+00 5.126208452890017586e-01
2.973391219643325645e+00 4.545939850942544158e-01
2.908382672920194256e+00 3.930302152018900763e-01
2.996191951644933127e+00 3.672492819859238811e-01
3.101170889151251941e+00 3.526076788834247022e-01
3.206149826657572532e+00 3.379660757809266336e-01
3.311674872647943690e+00 3.292542031821175108e-01
3.417581265411081315e+00 3.249194790540166355e-01
3.514551620532558651e+00 3.563781452986736209e-01
3.604505769262102088e+00 4.124423442990485800e-01
3.692103763527223137e+00 4.721162822932152281e-01
3.782860698293051716e+00 5.220235316914862977e-01
3.888817569150352149e+00 5.248687697300489230e-01
3.994774440007655247e+00 5.277140077686122144e-01
4.100686683017086942e+00 5.317240894842694132e-01
4.206543420417522938e+00 5.371374995279885045e-01
4.312400157817962487e+00 5.425509095717058194e-01
4.418285925002837011e+00 5.469714963153298193e-01
4.524280988384398405e+00 5.469514936709687358e-01
4.630276051765958023e+00 5.469314910266060981e-01
4.734325509221156025e+00 5.317753447705055869e-01
4.836854406680186180e+00 5.048907944264484637e-01
4.826106229481000653e+00 4.642016774216854991e-01
4.801770836984486479e+00 4.233006243231050014e-01
4.777435444487972305e+00 3.823995712245258360e-01
4.752419994914570012e+00 3.419461771242129355e-01
4.717831224959359027e+00 3.093300157371374759e-01
4.682829667741428281e+00 2.770810085454091798e-01
4.647828110523498424e+00 2.448320013536788853e-01
4.612826553305566790e+00 2.125829941619532537e-01
4.577627986407404315e+00 1.805542752221487302e-01
4.538569933064385609e+00 1.533785147483734956e-01
4.499384998686639214e+00 1.263665101884743347e-01
4.460200064308891932e+00 9.935450562857539580e-02
4.421015129931149978e+00 7.234250106867556873e-02
4.379622162525168783e+00 4.935154468658398130e-02
4.335582148332132846e+00 3.130758108626796599e-02
4.291542134139099574e+00 1.326361748594995227e-02
4.247633827210594681e+00 -5.088859739476370159e-03
4.207752945025778679e+00 -3.105394309911713169e-02
4.167899698064014835e+00 -5.706982630797574618e-02
4.186474959640102966e+00 -9.055594025258251190e-02
4.227166243184639072e+00 -1.142249734396747485e-01
4.267857526729176065e+00 -1.378940066267669851e-01
4.311435580832894132e+00 -1.503426485705451343e-01
4.358331803496057866e+00 -1.462502179430960059e-01
4.405228026159220711e+00 -1.421577873156443239e-01
4.452124248822384445e+00 -1.380653566881907546e-01
4.499020471485548178e+00 -1.339729260607424033e-01
4.545916694148711912e+00 -1.298804954332899442e-01
4.592812916811874757e+00 -1.257880648058402606e-01
4.639716323677206766e+00 -1.218079651991950119e-01
4.686736141740054151e+00 -1.233038379273020402e-01
4.733752052308516589e+00 -1.256507171171916681e-01
4.780767962876976362e+00 -1.279975963070799638e-01
4.827783873445437912e+00 -1.303444754969669273e-01
4.874592830108603891e+00 -1.332393268542508835e-01
4.909369578659513955e+00 -1.649659946392560972e-01
4.944129879330368738e+00 -1.967073544226403126e-01
4.965916626219509133e+00 -2.382588954189210906e-01
4.967291693820385490e+00 -2.702409575875710512e-01
4.951706704654168512e+00 -2.851589949372029809e-01
4.936121715487948869e+00 -3.000770322868336892e-01
4.920536726321729226e+00 -3.149950696364663960e-01
4.904951737155507807e+00 -3.299131069860973264e-01
4.889366747989289941e+00 -3.448311443357300332e-01
4.873781758823070298e+00 -3.597491816853605195e-01
4.855873622162597769e+00 -3.711160700379882993e-01
4.835910821524595171e+00 -3.792969076039302001e-01
4.815947409611712970e+00 -3.874762664096578213e-01
4.795983997698833434e+00 -3.956556252153861086e-01
4.776020585785951234e+00 -4.038349840211127306e-01
4.756057173873072585e+00 -4.120143428268407959e-01
4.736093761960191273e+00 -4.201937016325706375e-01
4.716179802120658238e+00 -4.284912201692449019e-01
4.696678029853182501e+00 -4.377107601769336664e-01
4.677237552589960323e+00 -4.470653082394678846e-01
4.657797075326736369e+00 -4.564198563020041011e-01
4.638356598063513303e+00 -4.657744043645394294e-01
4.692070329337899359e+00 -5.391312501554315073e-01
4.771086442907809477e+00 -6.088404292642473070e-01
4.850079148639057536e+00 -6.785760352718726018e-01
4.925965325419626062e+00 -7.516765963693599062e-01
5.001768561581184436e+00 -8.248666588310912262e-01
5.074293424813419939e+00 -9.010974240771814081e-01
5.141575827342665050e+00 -9.821899278343727557e-01
5.208858229871911050e+00 -1.063282431591563215e+00
5.276140632401157049e+00 -1.144374935348758004e+00
5.341344596178031701e+00 -1.226930095831996859e+00
5.392736097821680730e+00 -1.318918298415417967e+00
5.463438282847118188e+00 -1.394758141183836120e+00
5.545685280672951301e+00 -1.460624272118899780e+00
5.627932278498786189e+00 -1.526490403053962996e+00
5.710292747838369820e+00 -1.592209562099345277e+00
5.796248367349352115e+00 -1.653153431165813370e+00
5.882299215375064172e+00 -1.713965990804206641e+00
5.965827692729471110e+00 -1.777817278780191579e+00
6.041341050243745237e+00 -1.851306384725489362e+00
5.623879575927664298e+00 -1.894770804956470212e+00
5.185571415464073297e+00 -1.919632714262806239e+00
4.742695906207599954e+00 -1.787530231659963054e+00
4.330093567225804740e+00 -1.707562359078412584e+00
4.175221372051542090e+00 -1.777999166075648674e+00
3.754576748135521225e+00 -1.587680497106264577e+00
3.771671413548341789e+00 -1.982153815236966210e+00
3.633122598378743184e+00 -2.304381560843782317e+00
3.311516596031687687e+00 -1.974710343448211392e+00
3.029737431899812261e+00 -1.608350339882936186e+00
2.757193970740160260e+00 -1.235158494541252372e+00
2.454218626614312448e+00 -1.264516160409229872e+00
2.106281055777140310e+00 -1.312519003023437714e+00
1.868129409761143389e+00 -1.262519172098256703e+00
1.643748510257784012e+00 -8.613172144112232198e-01
1.393785696448924361e+00 -4.725525959092128359e-01
1.125626342776429700e+00 -1.545533320954222134e-01
6.660314263621088804e-01 -1.104724567169141913e-01
2.114128060914005902e-01 -1.181435984905340186e-01
2.250073007976321482e-01 -4.558510823815834501e-01
3.090644437252006993e-01 -8.239374260943785888e-01
5.965067167928849168e-01 -9.823474933318296909e-01
9.710936052922798378e-01 -9.756677729099935137e-01
1.344947393280493175e+00 -9.258975025449671659e-01
1.722244492662818427e+00 -9.253049618317770175e-01
2.037768897917628941e+00 -1.075630075494004467e+00
2.340166088001037537e+00 -1.116107445380392971e+00
2.323291741360012708e+00 -1.489093224433128970e+00
2.431106813024425772e+00 -1.778745344772554748e+00
2.756592078957113667e+00 -1.970001747096806533e+00
3.060947263399692808e+00 -2.192329026329693065e+00
3.190203280181385104e+00 -2.476649173843528118e+00
2.824169002678231344e+00 -2.416454415059813066e+00
2.948280525111421024e+00 -2.741221781921023393e+00
3.043316412955925809e+00 -3.101975714859410260e+00
3.167206691021108522e+00 -3.457733567562622401e+00
3.244667896676129093e+00 -3.826498042798051724e+00
3.186587942933154505e+00 -4.188975099819749914e+00
3.073534528186832482e+00 -4.064272872263864578e+00
2.972107495119559850e+00 -3.946093756223676419e+00
2.876077505865236361e+00 -3.823409398845216689e+00
2.780047516610914204e+00 -3.700725041466754739e+00
2.684017527356592936e+00 -3.578040684088296786e+00
2.587662931167002078e+00 -3.455615352544153751e+00
2.488922473163574622e+00 -3.335101733667181101e+00
2.390182015160144058e+00 -3.214588114790208895e+00
2.291441557156715714e+00 -3.094074495913234468e+00
2.193361943709566830e+00 -2.973043427660139848e+00
2.101092017054460470e+00 -2.847506695917545017e+00
2.008822090399354110e+00 -2.721969964174950629e+00
1.925927225069974380e+00 -2.590182234741871703e+00
1.845663829765100017e+00 -2.456649564852724232e+00
1.760544194441111321e+00 -2.326163717793138019e+00
1.659896853183439047e+00 -2.209868423655332315e+00
1.535838011104694090e+00 -2.115620802552028223e+00
1.398862393208049504e+00 -2.048905084054164050e+00
1.246149859611022315e+00 -2.051117581502309051e+00
1.149409857151644010e+00 -2.225454532251198714e+00
1.224987226153317232e+00 -2.392877837980941003e+00
1.354680151234455288e+00 -2.533632534867291675e+00
1.493364565781301279e+00 -2.667098892773100971e+00
1.662881429744087480e+00 -2.752859796275599624e+00
1.841924529411930411e+00 -2.823501172197740772e+00
2.020967629079773786e+00 -2.894142548119881475e+00
2.164281024383146956e+00 -3.020524677477951947e+00
2.311937751211641690e+00 -3.140751623382375346e+00
2.267319817073176758e+00 -3.223484783869983605e+00
2.185650041445296843e+00 -3.270805285834490483e+00
2.306181780122140701e+00 -3.420451355956522388e+00
2.396608271005234769e+00 -3.588794377646546518e+00
2.473995962074773125e+00 -3.765026556325040907e+00
2.550401914433203299e+00 -3.941634943616553866e+00
2.607505418161635280e+00 -4.125444152833011913e+00
2.662097937588852048e+00 -4.309774962777400020e+00
2.677032019871916191e+00 -4.501669748316778907e+00
2.674787592691466820e+00 -4.689982825175652792e+00
2.582613887096159910e+00 -4.661529376627850496e+00
2.497793235893210895e+00 -4.635345770151288569e+00
2.433430815406826930e+00 -4.579397227310661123e+00
2.379281640925748675e+00 -4.509055269549808287e+00
2.325132466444669532e+00 -4.438713311788958116e+00
2.264034336662176461e+00 -4.375860937559123975e+00
2.189383200991625422e+00 -4.327826241123018391e+00
2.114732065321074383e+00 -4.279791544686913696e+00
2.052392495962073404e+00 -4.217953978969892326e+00
1.997109268274962490e+00 -4.148499757679124933e+00
1.941826040587850022e+00 -4.079045536388361093e+00
1.886542812900738886e+00 -4.009591315097594588e+00
1.835805737805369375e+00 -3.936803351015594199e+00
1.786321207972134228e+00 -3.863105281666422197e+00
1.736836678138899082e+00 -3.789407212317250195e+00
1.678282535805508902e+00 -3.725480716120637137e+00
1.599271657556202930e+00 -3.685015851893939764e+00
1.518884639879982235e+00 -3.647507325269054412e+00
1.437002975904061008e+00 -3.613221508622138867e+00
1.439772447172557479e+00 -3.686986927276515225e+00
1.460835975161202116e+00 -3.782527843376779497e+00
1.451372305212788039e+00 -3.880737137817429350e+00
1.473393490658029714e+00 -3.970832221776130933e+00
1.531826225520091844e+00 -4.050332171838775253e+00
1.590258960382151754e+00 -4.129832121901417352e+00
1.648691695244214106e+00 -4.209332071964063005e+00
1.707124430106274460e+00 -4.288832022026704216e+00
1.759383157810308296e+00 -4.372369703648447903e+00
1.808502147155325313e+00 -4.457938105813887830e+00
1.857621136500344328e+00 -4.543506507979330422e+00
1.903081794359087864e+00 -4.630477293624445601e+00
1.917863743505920482e+00 -4.728027898660208450e+00
1.932645692652752212e+00 -4.825578503695968635e+00
1.942729319003025257e+00 -4.922796999379027483e+00
1.908994011647518807e+00 -5.015514611519613197e+00
1.875258704292013912e+00 -5.108232223660202465e+00
1.832567533331774579e+00 -5.196529826411030228e+00
1.779077585660083116e+00 -5.279436111224079298e+00
1.754559878498703984e+00 -5.251043303435441345e+00
1.736198130960185937e+00 -5.224295206653188473e+00
1.717836383421665669e+00 -5.197547109870932047e+00
1.699474635883150286e+00 -5.170799013088677398e+00
1.681112888344632683e+00 -5.144050916306424526e+00
1.662796856121824707e+00 -5.117271874575106239e+00
1.645183195271278986e+00 -5.090026614027484797e+00
1.627691558215850431e+00 -5.062701587270639791e+00
1.610199921160419656e+00 -5.035376560513794786e+00
1.592708284104990435e+00 -5.008051533756953333e+00
1.575216647049562546e+00 -4.980726507000110104e+00
1.557725009994131327e+00 -4.953401480243264210e+00
1.541130717151105944e+00 -4.925532181109252505e+00
1.525102216162858015e+00 -4.897323997718423527e+00
1.509073715174604979e+00 -4.869115814327592773e+00
1.489994627057952270e+00 -4.843828876928647276e+00
1.459422534320432341e+00 -4.833173372218695363e+00
1.428592139411289264e+00 -4.823068858183500396e+00
1.397761744502148851e+00 -4.812964344148308982e+00
1.359571769123551599e+00 -4.953673263650983927e+00
1.391271123411183419e+00 -5.107864374302796051e+00
1.454387060644181329e+00 -5.252388400675551239e+00
1.478934067084055393e+00 -5.406652187216776539e+00
1.474752621439388234e+00 -5.560888734501894248e+00
1.418710602150753841e+00 -5.693741446406434648e+00
1.284701176476890527e+00 -5.610650191409737531e+00
1.147712536438350028e+00 -5.564640084030308742e+00
1.089456408382365238e+00 -5.711190550681621403e+00
1.031200280326380447e+00 -5.857741017332932287e+00
9.745734316482538295e-01 -6.004924507243639908e+00
9.167412305542201878e-01 -6.151397971391764585e+00
7.971116266515422266e-01 -6.253246054762467310e+00
7.237022050779621241e-01 -6.392823533447334228e+00
6.501913499386453577e-01 -6.532347531481585534e+00
5.764865872427107352e-01 -6.671769279023809673e+00
4.586083178900896007e-01 -6.775232085197755438e+00
3.310270703332555131e-01 -6.866356462005732908e+00
1.834053836998100206e-01 -6.920942883488677921e+00
1.851773669301861325e-01 -6.799901837859527731e+00
2.232557804075801511e-01 -6.678637652612573916e+00
2.226094294938778528e-01 -6.550336474442012502e+00
2.310894727781759306e-01 -6.422392248644950286e+00
2.417783688385668484e-01 -6.294536189702045093e+00
2.513654823448616127e-01 -6.166592071650157436e+00
2.575605625245391272e-01 -6.038561147823582331e+00
2.543347669813349476e-01 -5.910298899548532603e+00
2.473635654947342610e-01 -5.782378430478029685e+00
1.833664741952027444e-01 -5.698696704768066112e+00
9.319763589738762344e-02 -5.715873870910353816e+00
7.245068464918986983e-02 -5.589349036305486962e+00
3.760262978346647078e-02 -5.465869389555372493e+00
2.016361830086502160e-02 -5.339045948508555739e+00
1.922318076220519423e-02 -5.211287418456507226e+00
3.111366373293988907e-02 -5.083536776563086335e+00
5.188571370488109791e-02 -4.957096214801859801e+00
7.789681884034846404e-02 -4.831457715530778074e+00
7.973397180167599019e-02 -4.704941167197443264e+00
3.871787188176853411e-02 -4.711263733192298631e+00
-8.716136161946719252e-04 -4.728130069593494689e+00
-3.714380346008408496e-02 -4.750115145430012120e+00
-6.614636383319330570e-02 -4.781905901278147297e+00
-9.514892420629858516e-02 -4.813696657126285139e+00
-1.241514845794055855e-01 -4.845487412974422980e+00
-1.531540449525136960e-01 -4.877278168822561710e+00
-1.821566053256225282e-01 -4.909068924670698664e+00
-2.111591656987291399e-01 -4.940859680518839170e+00
-2.417725597397039905e-01 -4.970920116295316049e+00
-2.757819369055479752e-01 -4.997286058918005480e+00
-3.097913140713963731e-01 -5.023652001540696688e+00
-3.438006912372398860e-01 -5.050017944163386119e+00
-3.778100684030840650e-01 -5.076383886786075550e+00
-4.118194455689280220e-01 -5.102749829408766757e+00
-4.452724138323300718e-01 -5.129798649431503321e+00
-4.777102136314500536e-01 -5.158075668542146275e+00
-5.163457375435109853e-01 -5.171565947191814061e+00
-5.593561058491559601e-01 -5.170573128222441639e+00
-5.823314916934805296e-01 -5.068512307857513832e+00
-5.826092665672579773e-01 -4.974448236494339426e+00
-5.805491813086008923e-01 -4.880230282952694232e+00
-5.596374594700714855e-01 -4.789550255444614990e+00
-5.266253156281418546e-01 -4.701280979477218125e+00
-4.951048485030665747e-01 -4.612485243888396980e+00
-4.654804397732623666e-01 -4.523022060800277799e+00
-4.358560310434580476e-01 -4.433558877712158619e+00
-3.832841954561839737e-01 -4.356389938809106077e+00
-3.245796175481540091e-01 -4.282667220102531758e+00
-2.658750396401249327e-01 -4.208944501395954774e+00
-2.070038521757407712e-01 -4.135355365971374653e+00
-1.477725867329634790e-01 -4.062055134628653086e+00
-8.854132129018918440e-02 -3.988754903285933739e+00
-4.208231329215936234e-02 -3.907658098565114813e+00
-5.209187191734743205e-03 -3.820930713660284805e+00
2.413284041324015305e-02 -3.731925848480818431e+00
4.135790021319986354e-02 -3.639272926045870271e+00
1.080793031599250331e-02 -3.552031426046711182e+00
-9.160790228962253923e-02 -3.547970968514625234e+00
-1.836708342957998619e-01 -3.574788265655346020e+00
-2.720059082350930746e-01 -3.615384951536301461e+00
-3.553508258982112089e-01 -3.662997956572856761e+00
-4.211426236723470051e-01 -3.734570406146875854e+00
-4.869344214464788045e-01 -3.806142855720893170e+00
-5.527262192206113811e-01 -3.877715305294910042e+00
-6.280379523164981714e-01 -3.938509007297667175e+00
-7.072618729453272746e-01 -3.994853896973437735e+00
-7.864857935741558226e-01 -4.051198786649208294e+00
-8.657097142029873682e-01 -4.107543676324980630e+00
-9.480677365635449272e-01 -4.158682420159781401e+00
-1.035514035000697275e+00 -4.201159720945243592e+00
-1.122960333437849956e+00 -4.243637021730704006e+00
-1.210562555490670711e+00 -4.285687987611728644e+00
-1.305455042653789421e+00 -4.306798497834983586e+00
-1.400421250071913093e+00 -4.327597431485440183e+00
-1.495923262520965080e+00 -4.337385935875511578e+00
-1.592449221613356114e+00 -4.325813753122375260e+00
-1.537898321172325611e+00 -4.181943669721730927e+00
-1.452064420934398026e+00 -4.039540020995306513e+00
-1.353738045057735651e+00 -3.904659181942860435e+00
-1.241329068944381664e+00 -3.781544397452966777e+00
-1.122723776542426055e+00 -3.664393572804498511e+00
-1.114205633332812528e+00 -3.585628456134157815e+00
-1.130594357883724754e+00 -3.517232510903814280e+00
-9.977315341360349921e-01 -3.416281347198805385e+00
-8.689274224162036875e-01 -3.310119123500379068e+00
-7.401233106963699404e-01 -3.203956899801950975e+00
-6.247133212915036982e-01 -3.085128026198900919e+00
-5.255133764614533520e-01 -2.950970575408306651e+00
-3.933994089978037900e-01 -2.849013532093642276e+00
-2.607935610314144892e-01 -2.747639935819044865e+00
-1.183003143091152787e-01 -2.660860109198388113e+00
2.774259337224160848e-02 -2.580479128914073605e+00
1.392769241128846425e-01 -2.477497281911999139e+00
1.492411317026429707e-01 -2.317074575390047908e+00
7.874986844044361278e-02 -2.165999784429377684e+00
-7.770180004904314597e-02 -2.085109558323272161e+00
-2.306806486320866767e-01 -2.162760487431554690e+00
-3.649628568464990952e-01 -2.270161315439756855e+00
-4.860612147149834250e-01 -2.388417703890192367e+00
-5.644425420176760744e-01 -2.541463503669390001e+00
-6.430783946640392656e-01 -2.694376285825574868e+00
-7.240566940225672266e-01 -2.846064005607982672e+00
-8.050349933810918568e-01 -2.997751725390394473e+00
-8.873337557109973739e-01 -3.148660985581444471e+00
-9.835617575855312156e-01 -3.291162988918315158e+00
-1.093158657351814389e+00 -3.421818400930152659e+00
-1.220280180973451811e+00 -3.537227874469391686e+00
-1.336168663620963759e+00 -3.664257433586327384e+00
-1.469943502943883651e+00 -3.772005445175871774e+00
-1.605612970623089719e+00 -3.877648451756653625e+00
-1.745274370483132831e+00 -3.976289548871426049e+00
-1.907243840951850844e+00 -4.034017704357881762e+00
-2.073650882614278324e+00 -4.074411592804418447e+00
-2.242158820454039692e+00 -4.063676599827992675e+00
-2.061692708533614748e+00 -3.760059757022104598e+00
-1.850279394997702775e+00 -3.458613348235324292e+00
-1.786779248077571713e+00 -3.207538384683010335e+00
-1.708484916678455701e+00 -3.021742697525430454e+00
-1.636222579885895589e+00 -2.725054033389439745e+00
-1.983203688390505315e+00 -2.713850010432979243e+00
-1.853059693665919605e+00 -2.480592213967380388e+00
-1.525204030701664992e+00 -2.319600744345092558e+00
-1.256693075433596096e+00 -2.129146867159847467e+00
-1.406627947583620530e+00 -1.978436803736009608e+00
-1.650306913089473415e+00 -1.817181500793645377e+00
-1.325992344721374838e+00 -1.649992881742714079e+00
-9.866252727261327626e-01 -1.507998773256247205e+00
-6.280309346297086037e-01 -1.418057792353125013e+00
-2.707622346275482261e-01 -1.328795228290405861e+00
4.899269071915418605e-02 -1.192565514355953704e+00
2.054635544772488442e-01 -8.944175865933914338e-01
1.162902829157667212e-01 -5.355590810198949114e-01
-2.000509763634752969e-02 -2.085648056773815595e-01
-3.951199288303794965e-01 -3.520098406960802118e-01
-7.356150867432061924e-01 -5.815039449653170989e-01
-9.622164548793049610e-01 -9.017012013675375082e-01
-1.013641261998395882e+00 -1.303994096200684183e+00
-9.522856658433974664e-01 -1.699582882449060417e+00
-1.062623202046576898e+00 -2.094231146426879686e+00
-1.245248089563302463e+00 -2.444101670621666056e+00
-1.323940468209300780e+00 -2.843748188998254101e+00
-1.537530465810418745e+00 -3.187637051907815877e+00
-1.688902935553586504e+00 -3.014923727239710249e+00
-1.845889312598987475e+00 -2.864237740491868855e+00
-1.971393617657841046e+00 -3.244592185631820946e+00
-2.138000405128616332e+00 -3.607037294405954775e+00
-2.283882627374940189e+00 -3.368805926100159276e+00
-2.499979814944442325e+00 -3.388166121961146526e+00
-2.839596159970979361e+00 -3.605609421746739596e+00
-3.190076410854761235e+00 -3.810427834149806348e+00
-3.580558100346300066e+00 -3.937244122873331698e+00
-3.956785623463286772e+00 -4.102205530873872519e+00
-3.964710553142679839e+00 -4.020247686010820942e+00
-3.932705862978906008e+00 -3.944913858903396520e+00
-3.884585873165912862e+00 -3.874776476977054074e+00
-3.836465883352919715e+00 -3.804639095050712072e+00
-3.788888397603872527e+00 -3.734144893393720022e+00
-3.744384585745713423e+00 -3.661659056893216135e+00
-3.699880773887554763e+00 -3.589173220392713137e+00
-3.655376962029396548e+00 -3.516687383892209695e+00
-3.610873150171237000e+00 -3.444201547391705365e+00
-3.565674588827071112e+00 -3.372161206194764560e+00
-3.518073898552917189e+00 -3.301670355380577959e+00
-3.470473208278761934e+00 -3.231179504566386473e+00
-3.422872518004606235e+00 -3.160688653752199428e+00
-3.381031443576051565e+00 -3.086705557950112588e+00
-3.340876539530865941e+00 -3.011723097039537667e+00
-3.300721635485678540e+00 -2.936740636128962301e+00
-3.260526988016888339e+00 -2.861779609328160667e+00
-3.219247161594852358e+00 -2.787410730039911577e+00
-3.177932017280870713e+00 -2.713061253825221009e+00
-3.212895536619096770e+00 -2.709857189201030359e+00
-3.240309872983441863e+00 -2.709592163756312289e+00
-3.267724209347788289e+00 -2.709327138311595107e+00
-3.295138545712133382e+00 -2.709062112866880145e+00
-3.322552882076478920e+00 -2.708797087422166072e+00
-3.349566776593621675e+00 -2.711573198890818048e+00
-3.375594502634270189e+00 -2.720182493693142689e+00
-3.401610322029240852e+00 -2.728830800925894806e+00
-3.427626141424211514e+00 -2.737479108158649588e+00
-3.453641960819179957e+00 -2.746127415391403481e+00
-3.479657780214152840e+00 -2.754775722624160039e+00
-3.505673599609122171e+00 -2.763424029856914377e+00
-3.531689419004092834e+00 -2.772072337089665162e+00
-3.557715115736952871e+00 -2.780690623534066486e+00
-3.584659915480481907e+00 -2.780342231429489441e+00
-3.611887796304208642e+00 -2.777139329209187046e+00
-3.639115677127935822e+00 -2.773936426988880211e+00
-3.666343557951660337e+00 -2.770733524768576039e+00
-3.693571438775384408e+00 -2.767530622548271868e+00
-3.674761936147396213e+00 -2.714728103085687572e+00
-3.653710506389411083e+00 -2.667310251752815553e+00
-3.631851122701891477e+00 -2.620290332280065471e+00
-3.594071861135231138e+00 -2.584761713746893896e+00
-3.556193559044143804e+00 -2.549309639751452750e+00
-3.518315256953055581e+00 -2.513857565756014267e+00
-3.480436954861971355e+00 -2.478405491760574897e+00
-3.442558652770882688e+00 -2.442953417765135971e+00
-3.402811912338931322e+00 -2.409656169828646721e+00
-3.362174165333302156e+00 -2.377404211156527225e+00
-3.321536418327670770e+00 -2.345152252484405508e+00
-3.280898671322038052e+00 -2.312900293812290897e+00
-3.240260924316410218e+00 -2.280648335140171845e+00
-3.199623177310776168e+00 -2.248396376468052349e+00
-3.158985430305145670e+00 -2.216144417795935517e+00
-3.120899038395970493e+00 -2.180948190903658990e+00
-3.083371171722133486e+00 -2.145125369367763213e+00
-3.045843305048298699e+00 -2.109302547831870100e+00
-3.008315438374462136e+00 -2.073479726295974324e+00
-3.048244469087858288e+00 -2.046590573529812218e+00
-3.093370809005677291e+00 -2.024788555076574514e+00
-3.141039785692750996e+00 -2.017029668876275217e+00
-3.190591132283514764e+00 -2.024538238251043953e+00
-3.240142478874277643e+00 -2.032046807625815354e+00
-3.289693825465041410e+00 -2.039555377000584535e+00
-3.339245172055805622e+00 -2.047063946375352828e+00
-3.388796518646567169e+00 -2.054572515750120232e+00
-3.438658584045952704e+00 -2.058982513278075466e+00
-3.488738600594212702e+00 -2.060907741976111929e+00
-3.538818617142470924e+00 -2.062832970674151056e+00
-3.588898633690731810e+00 -2.064758199372187519e+00
-3.638978650238991808e+00 -2.066683428070223982e+00
-3.688939533216356370e+00 -2.064204201871361555e+00
-3.738811237698010270e+00 -2.059251661603163086e+00
-3.788682942179668167e+00 -2.054299121334963285e+00
-3.838441571980134359e+00 -2.048626055845994998e+00
-3.887331314863099241e+00 -2.037604222169919321e+00
-3.936208767256827112e+00 -2.026526803223589468e+00
-3.907781411278653305e+00 -1.943116800145704648e+00
-3.823260856295065402e+00 -1.879314759797821921e+00
-3.737873062037459615e+00 -1.816554439340019034e+00
-3.652485267779855160e+00 -1.753794118882215702e+00
-3.566022112508223429e+00 -1.692567525659626426e+00
-3.477700861866306337e+00 -1.634007386339495271e+00
-3.389379611224391020e+00 -1.575447247019367447e+00
-3.301058360582476148e+00 -1.516887107699237847e+00
-3.208009696423287593e+00 -1.467117647237956568e+00
-3.110456372931948987e+00 -1.425725832733883758e+00
-3.012298412292819805e+00 -1.386107229286863918e+00
-2.908436892992039002e+00 -1.365066363318978571e+00
-2.804575373691256424e+00 -1.344025497351095222e+00
-2.701437240863275413e+00 -1.320101922891895319e+00
-2.600170683010849970e+00 -1.288876652791115740e+00
-2.508889299588662247e+00 -1.236394043032673196e+00
-2.420677784486561013e+00 -1.177668734727508992e+00
-2.334569995073228821e+00 -1.116526750188106210e+00
-2.267965714470832062e+00 -1.034102220844091757e+00
-2.368177410251945059e+00 -1.029214188168797062e+00
-2.471967518644681672e+00 -1.033974367881979495e+00
-2.570018997508232150e+00 -1.068284645801348409e+00
-2.667961970184954623e+00 -1.102957690293070225e+00
-2.765703881369598438e+00 -1.138166111366579303e+00
-2.862243280438924842e+00 -1.176574318021028409e+00
-2.958782679508254798e+00 -1.214982524675476627e+00
-3.056371072817314349e+00 -1.249480522702498542e+00
-3.159883871442536130e+00 -1.258432976659477731e+00
-3.263396670067759686e+00 -1.267385430616454034e+00
-3.366847941210914463e+00 -1.274011564720977763e+00
-3.469558744333598455e+00 -1.258342700076581000e+00
-3.572266866999293189e+00 -1.242655525392589055e+00
-3.674974989664992808e+00 -1.226968350708595334e+00
-3.777386025029938033e+00 -1.209750140546886676e+00
-3.878073458495414183e+00 -1.184116439034757384e+00
-3.978760891960890778e+00 -1.158482737522626538e+00
-4.078393656265230760e+00 -1.129049519748821062e+00
-4.177851008773681762e+00 -1.098994887109455476e+00
-3.952006345650219910e+00 -9.413476524911329468e-01
-3.695961576278033789e+00 -8.330662467676708260e-01
-3.442894050513446658e+00 -7.182044317933966582e-01
-3.180333001772142065e+00 -6.369796365998123822e-01
-3.022776270314748714e+00 -5.614217016567444318e-01
-3.065187088295947326e+00 -4.163152578293881634e-01
-2.787192369269229086e+00 -4.179653916301339089e-01
-2.509526939310633864e+00 -4.056303437803867595e-01
-2.524261276401216669e+00 -2.971866032154202308e-01
-2.797957595791860985e+00 -2.945522480566370449e-01
-2.673382413645316369e+00 -2.041487610876386860e-01
-2.398654447884341678e+00 -1.694568235931760425e-01
-2.123346999746945407e+00 -1.711762212160544694e-01
-1.852421019497142440e+00 -2.325403035625318582e-01
-1.584085506306983193e+00 -3.050554835936277742e-01
-1.316512566445900978e+00 -3.804776859109989529e-01
-1.049616677362568806e+00 -4.582596683498626478e-01
-7.752328999104274310e-01 -4.533493466607251277e-01
-6.042873021439593151e-01 -2.706631651442573672e-01
-5.806131327463363023e-01 -1.246597138993448262e-01
-7.857348568608957251e-01 -7.555484921759469952e-02
-9.929224411811187201e-01 -3.188828548981059718e-02
-1.202235408254847204e+00 9.129544332431294151e-05
-1.409320320862548437e+00 -4.394648251408783679e-03
-1.612359658869757517e+00 -6.447552263151901109e-02
-1.818715815899055732e+00 -1.053317862668626814e-01
-2.021668061680746309e+00 -1.521309180413469297e-01
-2.218429167810080038e+00 -2.255334590013883256e-01
-2.429456604519418139e+00 -2.429146327411333406e-01
-2.637836380729703833e+00 -2.540551757405384858e-01
-2.786513196012091242e+00 -1.303893890591133475e-01
-2.997663264844513176e+00 -1.145674840932496830e-01
-3.203703010471755874e+00 -7.104809404127465644e-02
-3.406392722335107148e+00 -9.798074045882954053e-03
-3.608049539626326574e+00 5.474067935487947345e-02
-3.809353241370388332e+00 1.204027224910924065e-01
-4.009555923373092412e+00 1.890418629751080548e-01
-4.195779275371011252e+00 2.877309742642548684e-01
-4.142449780255623715e+00 3.562167702729306384e-01
-4.084131787269017266e+00 3.943420147799794329e-01
-4.013839767304569150e+00 4.133803397020927584e-01
-3.943547747340120591e+00 4.324186646242125232e-01
-3.873255727375674251e+00 4.514569895463302895e-01
-3.802963707411229244e+00 4.704953144684480559e-01
-3.732671687446779352e+00 4.895336393905629357e-01
-3.661654001851977647e+00 5.053723876189069042e-01
-3.589948441982123484e+00 5.180900356040116783e-01
-3.518242882112267544e+00 5.308076835891188949e-01
-3.446537322242414714e+00 5.435253315742238911e-01
-3.374831762372558330e+00 5.562429795593295534e-01
-3.303126202502706832e+00 5.689606275444356598e-01
-3.231420642632851337e+00 5.816782755295415441e-01
-3.159698960910911847e+00 5.942995614028756535e-01
-3.087326108653541290e+00 6.023280291297474776e-01
-3.014908379776437108e+00 6.100155795070962839e-01
-2.943499826087841775e+00 6.230475325768616290e-01
-2.873412825409485727e+00 6.428272753060881861e-01
-2.884866542626995933e+00 6.701465715862635619e-01
-2.899568100072565269e+00 6.901485976000196754e-01
-2.914269657518136381e+00 7.101506236137784533e-01
-2.928971214963705716e+00 7.301526496275339007e-01
-2.943672772409274607e+00 7.501546756412886818e-01
-2.958374329854843499e+00 7.701567016550450173e-01
-2.973075887300414610e+00 7.901587276688029071e-01
-2.988424254938948366e+00 8.096471742078654721e-01
-3.005089850240894034e+00 8.280444562728161984e-01
-3.021771560285279268e+00 8.464275296278196414e-01
-3.038453270329662725e+00 8.648106029828224184e-01
-3.055134980374044407e+00 8.831936763378280819e-01
-3.071816690418430973e+00 9.015767496928335234e-01
-3.088498400462811322e+00 9.199598230478367444e-01
-3.105180110507196556e+00 9.383428964028419639e-01
-3.116102902012693576e+00 9.602648539361591240e-01
-3.122845218991996408e+00 9.841553959503299698e-01
-3.129587535971297463e+00 1.008045937964503036e+00
-3.136329852950602515e+00 1.031936479978677212e+00
-3.107141260756153933e+00 1.047810643883406723e+00
-3.066326692018046085e+00 1.040554302014388810e+00
-3.025512123279940457e+00 1.033297960145373118e+00
-2.984697554541835274e+00 1.026041618276357426e+00
-2.943838944779960887e+00 1.019051001133246093e+00
-2.902859630461326557e+00 1.012791663870136638e+00
-2.861880264947365138e+00 1.006532660701038528e+00
-2.820900899433404163e+00 1.000273657531940641e+00
-2.779921533919438303e+00 9.940146543628418652e-01
-2.739009813496349199e+00 9.873949712371896670e-01
-2.706719562653940425e+00 9.625043865984581615e-01
-2.675872014367929097e+00 9.348112054279986705e-01
-2.645024466081916437e+00 9.071180242575429542e-01
-2.613235830577171459e+00 8.808820473750984537e-01
-2.572517687224904481e+00 8.743791587178715297e-01
-2.531346963986850884e+00 8.695361155987835211e-01
-2.490176141669583121e+00 8.646940051110159065e-01
-2.448832157849925029e+00 8.654331819284228899e-01
-2.407458492644051429e+00 8.680222640109054311e-01
-2.375028154181000328e+00 8.847752869570217893e-01
-2.385848877301198989e+00 9.204442372968673070e-01
-2.396669600421398982e+00 9.561131876367159332e-01
-2.410318531051039326e+00 9.903898213337052336e-01
-2.433196699601003932e+00 1.019814619698696134e+00
-2.456145313932824426e+00 1.049186769218944271e+00
-2.479093928264643143e+00 1.078558918739193739e+00
-2.502042542596465857e+00 1.107931068259443652e+00
-2.524991156928284575e+00 1.137303217779694009e+00
-2.544695060631550376e+00 1.168222128028374218e+00
-2.553008477741298243e+00 1.204557361110739855e+00
-2.561321894851046110e+00 1.240892594193106380e+00
-2.569635311960796198e+00 1.277227827275469796e+00
-2.577948729070544509e+00 1.313563060357835877e+00
-2.586262146180292376e+00 1.349898293440201957e+00
-2.590966827735823319e+00 1.386690739500076042e+00
-2.591278024726695328e+00 1.423963587843384726e+00
-2.591589221717568670e+00 1.461236436186694743e+00
-2.591900418708441123e+00 1.498509284530003871e+00
-2.507975875246867048e+00 1.480715409068098065e+00
-2.423905987907210235e+00 1.445513330814024666e+00
-2.341231933254999564e+00 1.407298587244362409e+00
-2.260109551142935214e+00 1.365752331201574687e+00
-2.178987169030870863e+00 1.324206075158786522e+00
-2.103595599661483906e+00 1.274272038792213735e+00
-2.036720053189959856e+00 1.212347943685028628e+00
-1.957678256353777124e+00 1.176516521982021946e+00
-1.881193810185395998e+00 1.139674221245480012e+00
-1.824912748495477022e+00 1.067984791301004321e+00
-1.768631686805557157e+00 9.962953613565270761e-01
-1.712350625115639291e+00 9.246059314120471662e-01
-1.656069563425721869e+00 8.529165014675685885e-01
-1.598784966814534192e+00 7.820273910626924785e-01
-1.541374905329953471e+00 7.112388530706887924e-01
-1.483964843845373194e+00 6.404503150786855503e-01
-1.399471743296632820e+00 6.116998961360489151e-01
-1.310717165598033862e+00 5.910781936508515688e-01
-1.220170507123589987e+00 5.841014450865682495e-01
-1.246724662100920478e+00 6.761538115529102111e-01
-1.288768398241687541e+00 7.503263284448806747e-01
-1.342795537824466923e+00 8.183035186957436924e-01
-1.396822677407244750e+00 8.862807089466042676e-01
-1.450849816990023022e+00 9.542578991974683955e-01
-1.496089006257483200e+00 1.027915219134623026e+00
-1.534953238415662780e+00 1.105564441053803471e+00
-1.573817470573843025e+00 1.183213662972983027e+00
-1.587419158894918692e+00 1.268574211479875480e+00
-1.597938552912233856e+00 1.354766859399564982e+00
-1.607079204230766889e+00 1.441058384066719267e+00
-1.605181063008626952e+00 1.527869830695603337e+00
-1.629811007303205050e+00 1.610661050185626664e+00
-1.658386232498237467e+00 1.692656700746813847e+00
-1.665659766278684284e+00 1.778652030716303845e+00
-1.667919927621975829e+00 1.865454806458796355e+00
-1.648729468978044510e+00 1.949040349204809175e+00
-1.619891320432863324e+00 2.030943898544169901e+00
-1.583825232780172731e+00 2.109748788673176723e+00
-1.426528081158977113e+00 1.951258843986695801e+00
-1.273879172032878149e+00 1.812675271420897349e+00
-1.128849262202694215e+00 1.633848511502726808e+00
-1.047868510366346539e+00 1.422027582638021315e+00
-9.865987748699912574e-01 1.304902340934942284e+00
-8.832329563283677354e-01 1.410967186426308029e+00
-8.246803256625286904e-01 1.196029375231023373e+00
-7.328511528751546766e-01 9.936721832195998250e-01
-7.030230801255000772e-01 1.187908467551354708e+00
-6.559680397936495932e-01 1.409743952405144274e+00
-5.204880423807183298e-01 1.272862580225275764e+00
-4.608241992575322632e-01 1.054706263198645466e+00
-4.827485128129415104e-01 8.257065761895228118e-01
-5.340288800002193081e-01 6.012449786960543108e-01
-5.870628886200670582e-01 3.771998596659640324e-01
-6.176963211209796079e-01 1.516126161114781379e-01
-5.228506393076932657e-01 -2.471109588374165167e-02
-3.018351483450014694e-01 -7.273674665807461359e-02
-9.769486970618693200e-02 -2.939555653433345572e-02
