9.759282552460847582e-02 2.274184804850953867e-02
3.844866424926692283e-01 2.989287329710548224e-01
-4.088780879398120627e-01 2.622496196228008447e+00
4.693037782894559085e-01 3.612696175108309760e-01
9.261498586780518849e-01 7.950314713133361799e-01
9.968877075001769672e-01 3.076033181565517527e+00
1.016268065462138548e+00 8.612686611368469691e-01
1.452863837382399881e+00 1.378124893205622925e+00
1.696073497530055540e+00 3.124539610825695757e+00
1.516476689229990349e+00 1.424880556610454097e+00
3.447258092554438491e+00 3.374727947684111218e+00
2.659551298103611794e-01 1.585081792643694421e-02
9.973981359867377661e-01 -1.747144241148190780e-03
4.340892381522902355e+00 1.214672507948320046e+00
1.065358083340765427e+00 -4.977477495379534211e-02
2.204109983418609975e+00 -2.660562982670835463e-01
4.844602537001447828e+00 5.071385270573502968e-01
2.306685888103560789e+00 -2.723113447352443206e-01
3.487343170821638250e+00 -6.455842483100384666e-01
4.978058900454160884e+00 -2.520818013633384647e-01
3.522409918375261295e+00 -6.932938871957315952e-01
6.059959802024935449e+00 -1.857352335034143653e+00
1.334283551278803437e-01 -8.155681416696136665e-02
3.579045058100835397e-01 -9.535043990244969070e-01
3.178165539256165850e+00 -4.179602679176222857e+00
3.452616144780138452e-01 -1.036280785463813636e+00
5.936991854810816927e-01 -2.151892442305907149e+00
2.667990757167623794e+00 -4.685220785616491135e+00
5.863573651363112038e-01 -2.230772523461487467e+00
7.008633957533350056e-01 -3.452989188668015519e+00
1.772745743967960141e+00 -5.277909978967054272e+00
6.790231281502301375e-01 -3.534360809403768844e+00
1.620693492389369550e-01 -6.918995277144713185e+00
5.938880005264883799e-01 -3.629594893743948170e+00
-5.670185373672145257e-01 -5.160549265135848884e+00
5.965647335378673199e-01 -3.488824718271293701e+00
5.074772839807305536e-01 -2.223430703116717311e+00
-1.607754830022582127e+00 -4.333344602650502253e+00
4.819259045250963158e-01 -2.144232630134182749e+00
2.448592575462823773e-01 -1.077417386054391635e+00
-2.253877515144009358e+00 -4.065243933411748500e+00
2.154115728069121161e-01 -9.929182420845578116e-01
-4.081498714945813733e-03 -1.499675517436913630e-01
-3.963555122715401335e+00 -4.105297381739918094e+00
-2.361572918999253368e+00 -2.274645495327305422e+00
-3.692672930394351294e+00 -2.763116429822690900e+00
-2.323829438434251049e+00 -2.181584958740344415e+00
-1.663634709566560455e+00 -1.402404305353445180e+00
-3.952719013888338129e+00 -2.031621028610855362e+00
-1.619503384137649160e+00 -1.329143287012117591e+00
-8.592242901651808706e-01 -5.417192328350451946e-01
-4.180455486200369997e+00 -1.088585973165211662e+00
-7.864140620465548404e-01 -4.963683351337772609e-01
-2.884313810673807543e-01 -1.630088382630034971e-01
-4.189390887294110577e+00 3.010390208462134787e-01
-2.179327386012637646e+00 2.434472486143191006e-01
-3.138692057932252588e+00 1.048811643496560198e+00
-2.074259941747514713e+00 2.226937548878238360e-01
-1.375259345148842183e+00 1.159315614170137732e-01
-2.592045762586522972e+00 1.515917487322171464e+00
-1.259589758909120505e+00 1.029706782579900004e-01
-7.077471826470103089e-01 1.868473604419240708e-02
-1.571615795049150499e+00 2.127134231610554149e+00
-6.235660305041303975e-01 1.523922098315821927e-02
-9.759282552460848970e-02 -2.274184804850964969e-02
5.972702557094631270e-01 1.075855435244447822e+00
1.307400566251524454e+00 2.120355234787804299e+00
1.888477625496968626e+00 2.473965040126912207e+00
4.784487595250319636e-01 8.222080614569549084e-02
2.897330710482452609e+00 3.904309403622778785e-01
4.154827324998640492e+00 -6.516755942913088351e-02
4.620713596551892621e+00 -4.657426083149073248e-01
2.066893734692077655e-01 -1.256881395958725500e-01
1.230226099144232199e+00 -2.051462077049345911e+00
1.431034434621895723e+00 -3.602159950037219449e+00
1.393081373915056931e+00 -4.805796669270469224e+00
7.830735737972875643e-02 -4.694397396791098132e+00
5.255919180237295096e-03 -3.539689888715897403e+00
6.600322297104234404e-02 -2.156001949345679236e+00
-3.090484547839600360e-02 -2.023422779627755963e-01
-3.185545268179600598e+00 -2.708805744317053232e+00
-3.001625751083726534e+00 -2.059237544134590259e+00
-2.265308077432123479e+00 -1.028149417972959334e+00
-5.999226020102197410e-01 -2.613180508018049242e-01
-2.870164985181426598e+00 6.501445455725083367e-01
-2.394340563632310737e+00 8.692392219071241044e-01
-1.227227752691706142e+00 5.921543781533713524e-01
