9.759282552460156468e-02 2.274184804850576391e-02
1.076592013395526876e-01 4.062671904814751933e-02
1.231097630627563388e-01 5.455146440535885155e-02
1.385603247859590048e-01 6.847620976256885150e-02
1.540108865091626145e-01 8.240095511978018372e-02
1.694614482323665017e-01 9.632570047699129390e-02
1.849120099555708607e-01 1.102504458341992954e-01
2.003625716787728883e-01 1.241751911914128481e-01
2.158131334019769698e-01 1.380999365486208497e-01
2.312636951251805795e-01 1.520246819058321819e-01
2.467142568483832454e-01 1.659494272630424039e-01
2.621648185715872437e-01 1.798741726202532920e-01
2.776153802947926019e-01 1.937989179774621817e-01
2.930659420179931862e-01 2.077236633346750683e-01
3.085165037411987110e-01 2.216484086918839580e-01
3.239670654644024039e-01 2.355731540490950682e-01
3.394176271876051532e-01 2.494978994063052902e-01
3.548681889108087906e-01 2.634226447635166224e-01
3.703187506340114288e-01 2.773473901207266223e-01
3.726407962063988943e-01 4.302861196212199868e-01
3.479160180166653293e-01 5.600049168383858245e-01
3.213197207986542292e-01 6.894162078906518332e-01
2.964781568390260080e-01 8.190667258193919942e-01
2.880495595787335161e-01 9.509136081777740390e-01
2.796271253578588301e-01 1.082760898173880548e+00
2.673385615392612769e-01 1.214289307479318403e+00
2.540188163051388948e-01 1.345732183529795289e+00
2.292716652907572650e-01 1.475105854807260197e+00
1.946074063357803863e-01 1.602593244099789427e+00
1.599431473808048398e-01 1.730080633392319545e+00
1.291657891444913941e-01 1.858498238496189003e+00
9.530857697909390913e-02 1.985202557621345676e+00
2.885056258790938410e-02 2.099386521472245803e+00
-5.063821543568816641e-02 2.204620557661946645e+00
-1.338573491985784736e-01 2.307232550398064852e+00
-2.193791066936097989e-01 2.407914979860259930e+00
-3.059705472139842009e-01 2.507697582081938492e+00
-3.945365868049954816e-01 2.605726069961176172e+00
-3.021692976455745416e-01 2.546114820366707221e+00
-2.049646685951457548e-01 2.459783242896878441e+00
-1.230748481781052950e-01 2.357115356304441800e+00
-4.118502776106450214e-02 2.254447469712003826e+00
4.070479265597724827e-02 2.151779583119563188e+00
9.696997436298800122e-02 2.035248096776614446e+00
1.364115876700891516e-01 1.909984387886025203e+00
1.758532009771873184e-01 1.784720678995437293e+00
2.152948142842882884e-01 1.659456970104847162e+00
2.534553626459477016e-01 1.533847162722935309e+00
2.809575318607905881e-01 1.405432723060680011e+00
3.084597010756345847e-01 1.277018283398422938e+00
3.252315353282428934e-01 1.146798766440967565e+00
3.409417446105936778e-01 1.016415381956601749e+00
3.566519538929446287e-01 8.860319974722361547e-01
3.757067342914650054e-01 7.561740343585845459e-01
4.011501477070728017e-01 6.273358787560803229e-01
4.265935611226824298e-01 4.984977231535727693e-01
4.719832914008963431e-01 3.762063447882673106e-01
4.987989553179819069e-01 3.687361660480326098e-01
5.244178703363427951e-01 3.908732408864916685e-01
5.500367853547031283e-01 4.130103157249540580e-01
5.756557003730635724e-01 4.351473905634162254e-01
6.012746153914237945e-01 4.572844654018786148e-01
6.268935304097832395e-01 4.794215402403401161e-01
6.525124454281436837e-01 5.015586150788022834e-01
6.782217831673063024e-01 5.235895560138441596e-01
7.042270990243514328e-01 5.452714017908282251e-01
7.302324148813963411e-01 5.669532475678122907e-01
7.562377307384390290e-01 5.886350933447985767e-01
7.822430465954834933e-01 6.103169391217859729e-01
8.082483624525280685e-01 6.319987848987700385e-01
8.342536783095728659e-01 6.536806306757541041e-01
8.602589941666171081e-01 6.753624764527417224e-01
8.862643100236617943e-01 6.970443222297253438e-01
9.122696258807047043e-01 7.187261680067120739e-01
9.237890186976620566e-01 7.487631990121785819e-01
9.289010861512810857e-01 7.822332700529055494e-01
9.251487911722773294e-01 9.138998031960183788e-01
9.202590783585676837e-01 1.033444333606065690e+00
9.202350238714389619e-01 1.153119221879661538e+00
9.202109693843054661e-01 1.272794110153258718e+00
9.201869148971749679e-01 1.392468998426854121e+00
9.055482531008630653e-01 1.511187511817539519e+00
8.895019752821922143e-01 1.629781763069791278e+00
8.914347934743209745e-01 1.749246684637975058e+00
8.966452784297312961e-01 1.868808092744626670e+00
9.018557633851441713e-01 1.988369500851278726e+00
9.120879050564612012e-01 2.107543221811735812e+00
9.256546677937214085e-01 2.226446638124082611e+00
9.392214305309823930e-01 2.345350054436426301e+00
9.560196114097317954e-01 2.463804762210935362e+00
9.757074112100527774e-01 2.581849118284990752e+00
9.953952110103735373e-01 2.699893474359046586e+00
1.011630341284531776e+00 2.818440206619329480e+00
1.016794595277997759e+00 2.937258426188567473e+00
1.002541397484449259e+00 3.056081512390593335e+00
1.044472241532084844e+00 2.969393366769109921e+00
1.062465693713589232e+00 2.858354103176586669e+00
1.044827988681527486e+00 2.742875337339768738e+00
1.027190283649468183e+00 2.627396571502945921e+00
1.012169596451863773e+00 2.511585521546653599e+00
1.000814885919793840e+00 2.395320717987166059e+00
9.894601753877217964e-01 2.279055914427678076e+00
9.781054648556516407e-01 2.162791110868190980e+00
9.667507543235800416e-01 2.046526307308702552e+00
9.589735864586593772e-01 1.930092968791246033e+00
9.607732140805045340e-01 1.813288879229212114e+00
9.625728417023504679e-01 1.696484789667175086e+00
9.643724693241944035e-01 1.579680700105139390e+00
9.705323385372284228e-01 1.463058576958298218e+00
9.787632514619972746e-01 1.346530957612417811e+00
9.869941643867646830e-01 1.230003338266536517e+00
9.952250773115343119e-01 1.113475718920656998e+00
1.000919173566772624e+00 9.967999749748652771e-01
1.020308958718080028e+00 8.819920771949114613e-01
1.045045677446412080e+00 8.803389973561404069e-01
1.069875521960766740e+00 9.063036284568943834e-01
1.094705366475122066e+00 9.322682595576492481e-01
1.119535210989476504e+00 9.582328906584036687e-01
1.144365055503830941e+00 9.841975217591574232e-01
1.169194900018186267e+00 1.010162152859912732e+00
1.194024744532541371e+00 1.036126783960666486e+00
1.218854589046896475e+00 1.062091415061421795e+00
1.243684433561248914e+00 1.088056046162177992e+00
1.268514278075605572e+00 1.114020677262929748e+00
1.293344122589960898e+00 1.139985308363684613e+00
1.318173967104314004e+00 1.165949939464441254e+00
1.343003811618669108e+00 1.191914570565196119e+00
1.367908634237456011e+00 1.217806603777351171e+00
1.393325026759567153e+00 1.243196782466745365e+00
1.418796445326949929e+00 1.268532332252974459e+00
1.444267863894333148e+00 1.293867882039203998e+00
1.460212250973643711e+00 1.323880846686086077e+00
1.456861112702948269e+00 1.359650290616569279e+00
1.457891991674264531e+00 1.470465670799590896e+00
1.461920169896251620e+00 1.562897500935731543e+00
1.465948348118240041e+00 1.655329331071869081e+00
1.469976526340228906e+00 1.747761161208007508e+00
1.494534186316949453e+00 1.836106128718078434e+00
1.527725013684774868e+00 1.922467221929913705e+00
1.560915841052600284e+00 2.008828315141748089e+00
1.587312655480314527e+00 2.097161132996105515e+00
1.603888027442358144e+00 2.188183803174608144e+00
1.620463399404401983e+00 2.279206473353107221e+00
1.637015070637605429e+00 2.370233342777045227e+00
1.647261298187226775e+00 2.462159087917466405e+00
1.656691104233691370e+00 2.554196842127518519e+00
1.666120910280153744e+00 2.646234596337573297e+00
1.675550716326619893e+00 2.738272350547625855e+00
1.684980522373081602e+00 2.830310104757678857e+00
1.690922445450634637e+00 2.922624955324163221e+00
1.696016805679252171e+00 3.015004157182401112e+00
1.701111165907870815e+00 3.107383359040641668e+00
1.712704991317770986e+00 3.059735163352378162e+00
1.724210538057634023e+00 2.969437810166069891e+00
1.735716084797498393e+00 2.879140456979758955e+00
1.729388162956624120e+00 2.788481161767031757e+00
1.720779394853207522e+00 2.697861744918446103e+00
1.712170626749792035e+00 2.607242328069857340e+00
1.703561858646378324e+00 2.516622911221269909e+00
1.694953090542962171e+00 2.426003494372681146e+00
1.686344322439548682e+00 2.335384077524093716e+00
1.669233964192394337e+00 2.246260527947716135e+00
1.646241317449728792e+00 2.158184834399476948e+00
1.623248670707061692e+00 2.070109140851236873e+00
1.600256023964393259e+00 1.982033447302998574e+00
1.577263377221725937e+00 1.893957753754758500e+00
1.554509950757553050e+00 1.805820123019464152e+00
1.531880695155540373e+00 1.717650364093087134e+00
1.523194340146881265e+00 1.627658773093334066e+00
1.523652908841945930e+00 1.536632516919695934e+00
1.524111477537008597e+00 1.445606260746061356e+00
1.614608154990694100e+00 1.514012640513846986e+00
1.711611128695835315e+00 1.621104062799993528e+00
1.806900615325827131e+00 1.729690967993411821e+00
1.899843584989777900e+00 1.840324389819534279e+00
1.992786554653724229e+00 1.950957811645657625e+00
2.087251024211534300e+00 2.060201210054965149e+00
2.190798640600008618e+00 2.160978393857532431e+00
2.294346256988482491e+00 2.261755577660100158e+00
2.397893873376954588e+00 2.362532761462668329e+00
2.501520320260450347e+00 2.463228873739625513e+00
2.605162606272730219e+00 2.563908693887753554e+00
2.706377230375882625e+00 2.666788216016112045e+00
2.795418763877188795e+00 2.780585206075804727e+00
2.884460297378492299e+00 2.894382196135499630e+00
2.986711350795653530e+00 2.996144982158260195e+00
3.092171294963784067e+00 3.094919218733215072e+00
3.197631239131919045e+00 3.193693455308168172e+00
3.315378002036847516e+00 3.276619806045438121e+00
3.437605898777941427e+00 3.353681410578170041e+00
3.285764714858886659e+00 3.215397783589164948e+00
3.107964211136978516e+00 3.049086406306216634e+00
2.940588000227363885e+00 2.871961895675979815e+00
2.774893604053652485e+00 2.693308155995040476e+00
2.614516905688639703e+00 2.509821908919142253e+00
2.447363483316907562e+00 2.332728159958019187e+00
2.273386424097914027e+00 2.162082705550433914e+00
2.107420309898634603e+00 1.983870657686722883e+00
1.947043611533622043e+00 1.800384410610822439e+00
1.786432136921120017e+00 1.617105710765239568e+00
1.623713709189269272e+00 1.435692917608481611e+00
1.460995281457424078e+00 1.254280124451720546e+00
1.301701986476057282e+00 1.069889274420915193e+00
1.144785309614166469e+00 8.834354067563330304e-01
9.696571615588740478e-01 7.142159085386967643e-01
7.915330536726891131e-01 5.479129001830509438e-01
6.081595287052137255e-01 3.874073284580006327e-01
4.247855942867471146e-01 2.269022244259060184e-01
2.781732265091294010e-01 3.348705862401746280e-02
3.038348310271302699e-01 1.340772535599432658e-02
3.417145322438993604e-01 1.096463278555170895e-02
3.795942334606677848e-01 8.521540215112199945e-03
4.174739346774365423e-01 6.078447644669693339e-03
4.553536358942058548e-01 3.635355074226853667e-03
4.932333371109741682e-01 1.192262503787455685e-03
5.311130383277439249e-01 -1.250830066658381590e-03
5.689927395445122382e-01 -3.693922637097779571e-03
6.068724407612825500e-01 -6.137015207539509021e-03
6.447521419780505303e-01 -8.580107777983014827e-03
6.826318431948189547e-01 -1.102320034842252383e-02
7.205115444115880452e-01 -1.346629291886491941e-02
7.584261043803690594e-01 -1.453383254893969578e-02
7.963446496245307760e-01 -1.279475459035883667e-02
8.342631948686892729e-01 -1.105567663177664528e-02
8.721817401128489911e-01 -9.316598673193454694e-03
9.101002853570103746e-01 -7.577520714612928643e-03
9.480188306011703148e-01 -5.838442756029738057e-03
9.859373758453295888e-01 -4.099364797446769515e-03
1.162108829533610388e+00 8.658048909685600592e-02
1.315703174410886023e+00 1.947974068702309491e-01
1.474526885247287700e+00 2.935833923690176483e-01
1.648624207996133517e+00 3.642417665538077998e-01
1.822721530744978224e+00 4.349001407385970630e-01
1.996069977257544314e+00 5.073654403728986573e-01
2.169079810751178172e+00 5.806462778766996458e-01
2.342089644244814028e+00 6.539271153804988579e-01
2.510748589846038215e+00 7.365990417785999167e-01
2.686066210089065098e+00 8.009993850844965291e-01
2.868139843952209223e+00 8.473855412372106599e-01
3.050213477815352903e+00 8.937716973899250128e-01
3.232140546797352076e+00 9.407144499508779401e-01
3.413350752078372796e+00 9.903666919220501796e-01
3.594560957359393960e+00 1.040018933893222641e+00
3.775771162640412903e+00 1.089671175864393327e+00
3.958569840039577681e+00 1.133084581612164854e+00
4.141460938157483618e+00 1.176134899380793630e+00
4.325947314483020278e+00 1.211650620470296147e+00
4.190997902394101970e+00 1.160680987679215459e+00
4.014253826399801106e+00 1.099954249359090142e+00
3.835869647554131845e+00 1.044415597287877695e+00
3.656253844519277596e+00 9.927980765587198775e-01
3.476638041484425123e+00 9.411805558295589513e-01
3.297022238449574427e+00 8.895630351003960268e-01
3.117406435414720622e+00 8.379455143712382093e-01
2.937044133100226606e+00 7.891275943406146354e-01
2.755521144500969299e+00 7.446797624916341451e-01
2.573998155901714213e+00 7.002319306426554313e-01
2.404424486135574135e+00 6.222693936299961148e-01
2.236066826282317344e+00 5.411404622009694521e-01
2.067709166429061440e+00 4.600115307719467861e-01
1.898916303840267661e+00 3.798586024413970197e-01
1.725268999998861075e+00 3.107730104942265648e-01
1.551621696157457597e+00 2.416874185470547776e-01
1.386374955458316238e+00 1.559097459989930989e-01
1.227442849229223976e+00 5.758990692434307057e-02
1.068249293742880912e+00 -4.030577018919845322e-02
1.123963065651600202e+00 -6.005532447021755260e-02
1.182074986096177893e+00 -7.454267226669120117e-02
1.240186906540757139e+00 -8.903002006316385053e-02
1.298298826985335053e+00 -1.035173678596373881e-01
1.356410747429912966e+00 -1.180047156561108146e-01
1.414522667874491768e+00 -1.324920634525836860e-01
1.473172055425847171e+00 -1.440592130592689424e-01
1.532706943773233688e+00 -1.505765448290404818e-01
1.592241832120620204e+00 -1.570938765988122432e-01
1.651776720468007165e+00 -1.636112083685837826e-01
1.711311608815392571e+00 -1.701285401383523244e-01
1.770846497162779309e+00 -1.766458719081238637e-01
1.830381385510166048e+00 -1.831632036778954031e-01
1.889840543006763740e+00 -1.901844116672840590e-01
1.948463550905221719e+00 -2.024344404551280396e-01
2.007055228768618527e+00 -2.148398356154974653e-01
2.065646906632014890e+00 -2.272452307758673351e-01
2.124238584495413029e+00 -2.396506259362396474e-01
2.182830262358809836e+00 -2.520560210966095172e-01
2.324135558365805654e+00 -1.884398920023446777e-01
2.449579643300021203e+00 -1.160852801566334414e-01
2.588357862688623889e+00 -7.656453409663432907e-02
2.728779324213224111e+00 -4.116366625950851343e-02
2.869200785737822113e+00 -5.762798422381032459e-03
3.009622247262421002e+00 2.963806941475044532e-02
3.149692068731106520e+00 6.640392841746201036e-02
3.289729155836057295e+00 1.032959673349092000e-01
3.429766242941008958e+00 1.401880062523537251e-01
3.569809779254991433e+00 1.770553887228649703e-01
3.711084987872945717e+00 2.088600100580764174e-01
3.852419276044255714e+00 2.404199100489785579e-01
3.993753564215562601e+00 2.719798100398782559e-01
4.135087852386872598e+00 3.035397100307799523e-01
4.276032604150834082e+00 3.367452655326041988e-01
4.416485673952193380e+00 3.720205186670724196e-01
4.556938743753550902e+00 4.072957718015395301e-01
4.697372617058976907e+00 4.426353149946129495e-01
4.830545488570208157e+00 4.994328795729612303e-01
4.735601082056246192e+00 4.191403941631839380e-01
4.601867502069592497e+00 3.781387464344716509e-01
4.467397380542713847e+00 3.388551405893414081e-01
4.332927259015835197e+00 2.995715347442109433e-01
4.198457137488957436e+00 2.602879288990811446e-01
4.063699154570268313e+00 2.220695112420618678e-01
3.927537339912748227e+00 1.891244736670445459e-01
3.791375525255224144e+00 1.561794360920298885e-01
3.655213710597700505e+00 1.232343985170143430e-01
3.519051895940178198e+00 9.028936094200012974e-02
3.383058576996289091e+00 5.665723571675829184e-02
3.247110168150497689e+00 2.284236614807744203e-02
3.111161759304710728e+00 -1.097250342060429595e-02
2.975213350458921102e+00 -4.478737298928814337e-02
2.839676712082246812e+00 -8.011181609851980578e-02
2.705618927504387816e+00 -1.207803010189696380e-01
2.571561142926530152e+00 -1.614487859394189151e-01
2.438410995071794041e+00 -2.049524374172800867e-01
2.314096992230203931e+00 -2.676388305990663463e-01
2.367250746339302658e+00 -2.950001952807591588e-01
2.427815604575045416e+00 -3.176890458262774386e-01
2.488380462810788618e+00 -3.403778963717953854e-01
2.548945321046530932e+00 -3.630667469173102235e-01
2.609510179282271469e+00 -3.857555974628260609e-01
2.670112688683448532e+00 -4.083390158326347663e-01
2.731372007402085078e+00 -4.290798171302627750e-01
2.792635961333646666e+00 -4.498069476809115619e-01
2.853899915265212694e+00 -4.705340782315577952e-01
2.915163869196775170e+00 -4.912612087822063600e-01
2.976427823128338535e+00 -5.119883393328535925e-01
3.037691777059903231e+00 -5.327154698835014912e-01
3.098955730991468371e+00 -5.534426004341510552e-01
3.160219684923032624e+00 -5.741697309847982877e-01
3.221483638854596432e+00 -5.948968615354459644e-01
3.282900635903509556e+00 -6.151279759927505975e-01
3.345351899906142457e+00 -6.319415297044008728e-01
3.407816310157887330e+00 -6.487070730625510429e-01
3.471355216637670438e+00 -6.527747701373737277e-01
3.544866487872367244e+00 -6.233848187255659479e-01
3.599645685262894190e+00 -5.883727801319330597e-01
3.654424882653421136e+00 -5.533607415382975070e-01
3.709204080043946750e+00 -5.183487029446613992e-01
3.764552528816949462e+00 -4.844665994237559170e-01
3.826280171551623699e+00 -4.640949295071911118e-01
3.888152143213760237e+00 -4.441334056206677205e-01
3.950024114875895442e+00 -4.241718817341423309e-01
4.011896086538032868e+00 -4.042103578476217152e-01
4.073768058200167630e+00 -3.842488339610963255e-01
4.135640029862305056e+00 -3.642873100745722681e-01
4.197512001524439818e+00 -3.443257861880505422e-01
4.260535010719921800e+00 -3.366166327573694161e-01
4.324262415254692016e+00 -3.494782510262401942e-01
4.387989819789462231e+00 -3.623398692951106392e-01
4.451717224324233335e+00 -3.752014875639825275e-01
4.515414083774762943e+00 -3.881629900896399477e-01
4.565617557091543155e+00 -4.284083981149071629e-01
4.613242119733874880e+00 -4.726633904475142645e-01
4.908068368214259181e+00 -2.968208558257331431e-01
4.838077835974358365e+00 -3.415599102881303750e-01
4.768087303734455773e+00 -3.862989647505254975e-01
4.698096771494556734e+00 -4.310380192129231736e-01
4.628106239254654142e+00 -4.757770736753181851e-01
4.549872856153905687e+00 -4.629901721313522955e-01
4.470135262293435829e+00 -4.397055479609606188e-01
4.390397668432962419e+00 -4.164209237905688310e-01
4.308738490668242882e+00 -4.036789224194412551e-01
4.225824716805740344e+00 -3.986228665167093066e-01
4.145631167982402054e+00 -4.160432853158825273e-01
4.066709102498733408e+00 -4.419578599256508422e-01
3.987787037015062541e+00 -4.678724345354190461e-01
3.908864971531393451e+00 -4.937870091451873611e-01
3.829977069976375326e+00 -5.197991014610241489e-01
3.756696851378118041e+00 -5.586647343224342421e-01
3.684178777460490828e+00 -5.991787634073302282e-01
3.611932089032756643e+00 -6.401689259569317558e-01
3.540216855787059025e+00 -6.820876916583349381e-01
3.656758889576204652e+00 -7.499518752177679604e-01
3.789481669090427385e+00 -8.122305648032346337e-01
3.922204448604655891e+00 -8.745092543887019731e-01
4.054927228118883065e+00 -9.367879439741690906e-01
4.187650007633107130e+00 -9.990666335596359859e-01
4.320372787147335636e+00 -1.061345323145103325e+00
4.450487483522650223e+00 -1.128745616405811170e+00
4.578755404864607748e+00 -1.199747811675242026e+00
4.707023326206562608e+00 -1.270750006944674215e+00
4.836347565482569166e+00 -1.339772943544990547e+00
4.966838004824649211e+00 -1.406602702027091922e+00
5.097328444166728367e+00 -1.473432460509191966e+00
5.227818883508809300e+00 -1.540262218991292897e+00
5.358750875019972604e+00 -1.606094374541550351e+00
5.496330640592927530e+00 -1.656747505895451500e+00
5.633923364080628993e+00 -1.707365820977073678e+00
5.771516087568327791e+00 -1.757984136058691638e+00
5.908592964368265754e+00 -1.809968497292723022e+00
6.045267458969710184e+00 -1.863016154205203723e+00
5.767523294349468088e+00 -1.805843360893842009e+00
5.451196556738003629e+00 -1.717549615022028409e+00
5.152319390778092867e+00 -1.578112056387439122e+00
4.859081489950852983e+00 -1.427306220138518267e+00
4.567317598286996905e+00 -1.273539433700864754e+00
4.275081179746610616e+00 -1.120675850872693058e+00
3.982389523857805091e+00 -9.686824705455435724e-01
3.681383806010744220e+00 -8.339929074284382349e-01
3.377165720968623219e+00 -7.074088403871006125e-01
3.062980357266288145e+00 -6.071195073280201138e-01
2.747887359581731470e+00 -5.097880728962569385e-01
2.431469765779650682e+00 -4.167810870150754354e-01
2.117508189140529851e+00 -3.175196198487263421e-01
1.792752308932115346e+00 -2.600390895775334110e-01
1.467540160619694722e+00 -2.053215870140731036e-01
1.141517420450547160e+00 -1.555263464503444659e-01
8.147778425795993984e-01 -1.125484894711923367e-01
4.854746172777243407e-01 -9.438867405399953281e-02
1.561302162912580616e-01 -7.782872933888662637e-02
1.497959171653951982e-01 -1.236369395570869889e-01
1.606929948280616527e-01 -1.689095316941928715e-01
1.715900724907306607e-01 -2.141821238312973108e-01
1.824871501533978368e-01 -2.594547159684067461e-01
1.933842278160642913e-01 -3.047273081055127397e-01
2.042813054787320781e-01 -3.499999002426180672e-01
2.151783831414015302e-01 -3.952724923797257262e-01
2.260754608040692892e-01 -4.405450845168308316e-01
2.369725384667357715e-01 -4.858176766539369362e-01
2.478696161294041134e-01 -5.310902687910454834e-01
2.587666937920718446e-01 -5.763628609281508108e-01
2.696637714547401310e-01 -6.216354530652592469e-01
2.805608491174078623e-01 -6.669080452023645744e-01
2.914579267800744278e-01 -7.121806373394706791e-01
3.023550044427439909e-01 -7.574532294765783380e-01
3.144633101762961958e-01 -8.024110486954746380e-01
3.271108911689767362e-01 -8.472261420841131763e-01
3.402165028393663859e-01 -8.919035783396910277e-01
3.545140991588390245e-01 -9.362198579656304531e-01
5.795104426240549333e-01 -1.032462092956853317e+00
8.029326526030655664e-01 -1.108051424316730760e+00
1.015257630515200571e+00 -1.203460438607642402e+00
1.193780386160885554e+00 -1.357606008261813990e+00
1.371929582987747143e+00 -1.512180154026384393e+00
1.548949330313733830e+00 -1.668049458201328772e+00
1.725969077639724292e+00 -1.823918762376274039e+00
1.883896364702789317e+00 -1.998527942128445867e+00
2.038429989077501503e+00 -2.176422976259461350e+00
2.218718759749626734e+00 -2.328499240340585530e+00
2.374438362390195678e+00 -2.503092447746167792e+00
2.508986465231128005e+00 -2.696813997784477834e+00
2.643534568072058111e+00 -2.890535547822786100e+00
2.767247405918063397e+00 -3.090813286390742487e+00
2.875584426380541458e+00 -3.300323001976084303e+00
2.983921446843020409e+00 -3.509832717561430115e+00
3.092258467305500691e+00 -3.719342433146775040e+00
3.176961569607993141e+00 -3.938719055908237454e+00
3.191915118006347196e+00 -4.164622453476546582e+00
3.131511044677738997e+00 -3.958790750913932399e+00
3.040884045550170001e+00 -3.746764519792156189e+00
2.936593442400763365e+00 -3.541169742567917389e+00
2.830681666875725533e+00 -3.336350135450566690e+00
2.725365714698523512e+00 -3.131223971904857795e+00
2.603357861725448696e+00 -2.936130416088894357e+00
2.471368776638184439e+00 -2.747060965694599677e+00
2.335425780230468984e+00 -2.560966985369240057e+00
2.185263614693390366e+00 -2.386561119197598835e+00
2.009114964215517052e+00 -2.237765861916333865e+00
1.852428012843873706e+00 -2.069580006726929433e+00
1.699548669839573201e+00 -1.897423356284769325e+00
1.530438680555478603e+00 -1.740674553485811682e+00
1.360123282596634509e+00 -1.585301632401769689e+00
1.181738598618578218e+00 -1.439194547780168421e+00
1.003353914640523703e+00 -1.293087463158569816e+00
7.978131637124257214e-01 -1.194429032618927078e+00
5.814387889981825763e-01 -1.114738972877483913e+00
3.642839343105014338e-01 -1.037215716623609119e+00
3.662073004943708909e-01 -1.090994366364813395e+00
3.816086206248676671e-01 -1.148692789641215795e+00
3.970099407553632220e-01 -1.206391212917618860e+00
4.124112608858586659e-01 -1.264089636194021926e+00
4.278125810163542209e-01 -1.321788059470425214e+00
4.432139011468497758e-01 -1.379486482746828280e+00
4.586152212773464409e-01 -1.437184906023230235e+00
4.740165414078419959e-01 -1.494883329299633523e+00
4.894178615383357744e-01 -1.552581752576034146e+00
5.048191816688312183e-01 -1.610280175852437434e+00
5.192251291659190082e-01 -1.668205277305320200e+00
5.270699431565711857e-01 -1.727406355030282281e+00
5.349147571472204765e-01 -1.786607432755242586e+00
5.427595711378727650e-01 -1.845808510480204667e+00
5.506043851285238322e-01 -1.905009588205167415e+00
5.584491991191747884e-01 -1.964210665930130384e+00
5.662940131098257446e-01 -2.023411743655093353e+00
5.704445653743890343e-01 -2.082945863203787606e+00
5.877180097753414989e-01 -2.138614420030479746e+00
7.423397694552847925e-01 -2.244422089792823982e+00
8.946394461923685704e-01 -2.332592032644362767e+00
1.050221644593891668e+00 -2.414839954615239925e+00
1.179943116168890471e+00 -2.531441070978502239e+00
1.301578604635868608e+00 -2.658623416739924750e+00
1.423214093102847855e+00 -2.785805762501347260e+00
1.544560754417444004e+00 -2.913252137462183811e+00
1.648166345688243162e+00 -3.055477648342577623e+00
1.751353321572417743e+00 -3.198036370053518596e+00
1.854540297456591214e+00 -3.340595091764457347e+00
1.957727273340764906e+00 -3.483153813475399652e+00
2.060914249224937933e+00 -3.625712535186338403e+00
2.154688341641798122e+00 -3.774580299652624760e+00
2.247079675488920181e+00 -3.924361415144295151e+00
2.339471009336042240e+00 -4.074142530635965542e+00
2.431862343183162078e+00 -4.223923646127633269e+00
2.521574363702980826e+00 -4.375242982249761603e+00
2.603611095095002437e+00 -4.530936642462671138e+00
2.679195550739089882e+00 -4.689775467778517282e+00
2.563848129079945970e+00 -4.550470600515597042e+00
2.473362925160040415e+00 -4.405197878856011329e+00
2.382877721240138413e+00 -4.259925157196427392e+00
2.292073696678523120e+00 -4.114851711646400290e+00
2.201121097394602266e+00 -3.969871159604724919e+00
2.110168498110683633e+00 -3.824890607563052214e+00
2.019006288638869773e+00 -3.680044167377037656e+00
1.919037771746053167e+00 -3.541127555863990750e+00
1.819047480307305564e+00 -3.402225873351488517e+00
1.719057188868557517e+00 -3.263324190838986283e+00
1.617942763745445101e+00 -3.125276461768565106e+00
1.509821996745147610e+00 -2.992605306161640222e+00
1.401701229744846344e+00 -2.859934150554713561e+00
1.292298048114865150e+00 -2.728431812821072722e+00
1.163051717056240220e+00 -2.616239470414406298e+00
1.033805385997618176e+00 -2.504047128007741208e+00
8.931381721544536800e-01 -2.407700399126285529e+00
7.454123552943500153e-01 -2.321278070878169508e+00
5.966817507338669779e-01 -2.236603375168739305e+00
5.964791830389691851e-01 -2.293719582705781246e+00
6.066010009416276105e-01 -2.356666641950069696e+00
6.167228188442878123e-01 -2.419613701194361255e+00
6.268446367469480140e-01 -2.482560760438652814e+00
6.369664546496082158e-01 -2.545507819682944373e+00
6.470882725522641987e-01 -2.608454878927235043e+00
6.572100904549248446e-01 -2.671401938171526602e+00
6.673319083575847133e-01 -2.734348997415817273e+00
6.742161933862667045e-01 -2.797640817425055548e+00
6.765527832483340109e-01 -2.861353640412074295e+00
6.788893731104032048e-01 -2.925066463399095706e+00
6.812259629724722876e-01 -2.988779286386117118e+00
6.835625528345398161e-01 -3.052492109373135865e+00
6.858991426966085658e-01 -3.116204932360156388e+00
6.882357325586764274e-01 -3.179917755347176911e+00
6.905723224207483968e-01 -3.243630578334196102e+00
6.929089122828171465e-01 -3.307343401321217513e+00
6.956385372991537031e-01 -3.371033239403305348e+00
7.022284716341343769e-01 -3.434445747992959763e+00
7.880149740874711206e-01 -3.531059777949388856e+00
8.761718076782594178e-01 -3.608113519768830990e+00
9.643286412690477150e-01 -3.685167261588277121e+00
1.052485474859838899e+00 -3.762221003407717923e+00
1.140642308450627640e+00 -3.839274745227159169e+00
1.228799142041418380e+00 -3.916328487046603968e+00
1.298242056701963687e+00 -4.009556994411717312e+00
1.360584415485982523e+00 -4.108664697131418464e+00
1.422926774269997141e+00 -4.207772399851117839e+00
1.485269133054013535e+00 -4.306880102570815438e+00
1.553506975349522312e+00 -4.401979437631851511e+00
1.622849232078107828e+00 -4.496322205605437716e+00
1.690457070149737229e+00 -4.591702067832041934e+00
1.722837767325512415e+00 -4.704167843744793132e+00
1.754638988159106683e+00 -4.816851421921136023e+00
1.783488480356149708e+00 -4.930155145486127211e+00
1.796082042899937559e+00 -5.046560938381443151e+00
1.803336405212763616e+00 -5.162781307775485828e+00
1.777998432297479781e+00 -5.277091821577478470e+00
1.768271466223776844e+00 -5.167012123506614429e+00
1.756866450722940787e+00 -5.056559383072938729e+00
1.727705185028566071e+00 -4.949163603597670047e+00
1.698543919334191354e+00 -4.841767824122396036e+00
1.665127874630517368e+00 -4.735766482310467040e+00
1.624550612769253943e+00 -4.632143518225081635e+00
1.570329873542102073e+00 -4.535953760556312275e+00
1.504422937793241655e+00 -4.446284876955619580e+00
1.440232567595975066e+00 -4.355429214493875101e+00
1.380235455367375907e+00 -4.261703127462419971e+00
1.320238343138776749e+00 -4.167977040430963953e+00
1.260241230910176702e+00 -4.074250953399507047e+00
1.187469381856193218e+00 -3.990922833525067936e+00
1.106926711304601518e+00 -3.914130183574588528e+00
1.026384040753011817e+00 -3.837337533624108676e+00
9.458413702014222268e-01 -3.760544883673627492e+00
8.652986996498304162e-01 -3.683752233723148528e+00
7.806909654587136371e-01 -3.611489304479902795e+00
6.955133117117884289e-01 -3.539872266226648634e+00
6.946850487904780991e-01 -3.718562630653605705e+00
7.049200971815892114e-01 -3.904376872905416462e+00
7.151551455727009898e-01 -4.090191115157228552e+00
7.253901939638088825e-01 -4.276005357409039753e+00
7.252849122215040412e-01 -4.462013928532824636e+00
7.216765024900524406e-01 -4.648074854625309449e+00
7.180680927586002849e-01 -4.834135780717794262e+00
7.144596830271486843e-01 -5.020196706810283516e+00
7.066048408905010181e-01 -5.206053879190607248e+00
6.919473194889054213e-01 -5.391571657059859746e+00
6.772897980873070489e-01 -5.577089434929108691e+00
6.626322766857117852e-01 -5.762607212798364742e+00
6.304709001525324874e-01 -5.945373960763188137e+00
5.866386706006232465e-01 -6.126234195451999653e+00
5.428064410487143387e-01 -6.307094430140809393e+00
4.989742114968054310e-01 -6.487954664829620910e+00
4.195283498147284185e-01 -6.652549880186910514e+00
3.094460949353042833e-01 -6.802595160018846343e+00
1.699791495614117465e-01 -6.922038316792093582e+00
2.720239635877236273e-01 -6.779673948093002167e+00
3.682735741802686258e-01 -6.630336421113790735e+00
4.393662019992770063e-01 -6.467317963995702357e+00
4.882578849957351919e-01 -6.295776720978258467e+00
5.302923095590525993e-01 -6.122629492714144916e+00
5.618530977877214116e-01 -5.947071207895172407e+00
5.865487308660778387e-01 -5.770606268133668948e+00
6.014915123024160426e-01 -5.592860640887479917e+00
6.164342937387576882e-01 -5.415115013641290886e+00
6.292755947012216300e-01 -5.237228844690037022e+00
6.378229149153907818e-01 -5.059061120229763731e+00
6.463702351295573800e-01 -4.880893395769493104e+00
6.542715033138879477e-01 -4.702713761504252687e+00
6.501500278836200852e-01 -4.524388754389510936e+00
6.460285524533500023e-01 -4.346063747274770961e+00
6.419070770230775880e-01 -4.167738740160029209e+00
6.377288275598597123e-01 -3.989415266998847631e+00
6.308201600972447309e-01 -3.811176713262821369e+00
5.956686982216919946e-01 -3.638791298653631490e+00
5.115592297004075695e-01 -3.688742068881999625e+00
4.322079492200865403e-01 -3.753945308629663469e+00
3.528566687397640123e-01 -3.819148548377326868e+00
2.735053882594423724e-01 -3.884351788124990268e+00
1.993117287619207145e-01 -3.954457012440403929e+00
1.416844491579635212e-01 -4.039469863427212815e+00
8.405716955400781287e-02 -4.124482714414023476e+00
2.642988995005043917e-02 -4.209495565400832362e+00
-3.119738965390750352e-02 -4.294508416387641248e+00
-8.882466925786061673e-02 -4.379521267374450133e+00
-1.464519488618163112e-01 -4.464534118361260795e+00
-2.039543024354298628e-01 -4.549630167400191993e+00
-2.525848563366885902e-01 -4.640067136920842827e+00
-3.007948308642743873e-01 -4.730752783764804015e+00
-3.490048053918578530e-01 -4.821438430608765202e+00
-3.972147799194439832e-01 -4.912124077452727278e+00
-4.454247544470270048e-01 -5.002809724296687577e+00
-4.971156909966228943e-01 -5.091413884845602311e+00
-5.551310348339166811e-01 -5.176162383752066276e+00
-5.145580982031808803e-01 -5.071406795267590084e+00
-4.752781905675742546e-01 -4.970204181682877476e+00
-4.359982829319679620e-01 -4.869001568098171973e+00
-3.955803174875311967e-01 -4.768294523312279765e+00
-3.434129011069627646e-01 -4.673092418249344959e+00
-2.912454847263954427e-01 -4.577890313186410154e+00
-2.390780683458274269e-01 -4.482688208123476237e+00
-1.852506434470242158e-01 -4.388474979785813801e+00
-1.252206046452218613e-01 -4.298024581325156745e+00
-6.519056584342303173e-02 -4.207574182864496137e+00
-5.160527041617818389e-03 -4.117123784403839082e+00
5.486951176018455001e-02 -4.026673385943182915e+00
1.255907813076626300e-01 -3.944898016956124298e+00
2.025580155935396420e-01 -3.868341338693407572e+00
2.795252498794138507e-01 -3.791784660430692178e+00
3.565472115724330759e-01 -3.715283504938082348e+00
4.450104054790706698e-01 -3.652494730941218570e+00
5.341017927005894395e-01 -3.590465666276476231e+00
5.928725643956362923e-01 -3.504308759803757667e+00
6.016009172487142287e-01 -3.422425219602793778e+00
6.070270580720260600e-01 -3.356051729488171986e+00
6.081438522788988887e-01 -3.289459291889283321e+00
6.092118639229495702e-01 -3.222865963928009503e+00
6.102798755670039155e-01 -3.156272635966735685e+00
6.113478872110564843e-01 -3.089679308005459202e+00
6.124158988551082761e-01 -3.023085980044187604e+00
6.134839104991626213e-01 -2.956492652082913786e+00
6.067109895399896979e-01 -2.890291725041388204e+00
5.984005318900981196e-01 -2.824210348909540258e+00
5.900900742402022114e-01 -2.758128972777690535e+00
5.817796165903108552e-01 -2.692047596645841701e+00
5.734691589404175005e-01 -2.625966220513991090e+00
5.652162592984190104e-01 -2.559878513639168851e+00
5.598059714210995574e-01 -2.493497996394490102e+00
5.545936964289464033e-01 -2.427100374695851492e+00
5.493814214367889193e-01 -2.360702752997211995e+00
5.359142793650923942e-01 -2.295798629827304538e+00
5.165796820933267197e-01 -2.232064923468985551e+00
3.881148923679649254e-01 -2.327482950064045930e+00
2.684355484492508825e-01 -2.431189666257546733e+00
1.579770534044920294e-01 -2.544647721607908419e+00
5.254418157681454982e-02 -2.662368808511054841e+00
-3.746576319161989965e-02 -2.792663793321055188e+00
-1.274757079600527809e-01 -2.922958778131054203e+00
-2.174856527284852736e-01 -3.053253762941057214e+00
-3.038533048596419039e-01 -3.185935461518729195e+00
-3.870904181751388951e-01 -3.320657977048830478e+00
-4.705720567139277666e-01 -3.455190529521725118e+00
-5.882902266443698069e-01 -3.561066767621950291e+00
-7.067019615609169136e-01 -3.666220152055867487e+00
-8.192848496601324859e-01 -3.777484737674852155e+00
-9.297323400156670692e-01 -3.890974495353764162e+00
-1.056711037108598594e+00 -3.985479613295781487e+00
-1.184313371729750930e+00 -4.079267765122576606e+00
-1.311915706350905930e+00 -4.173055916949373056e+00
-1.439518040972058044e+00 -4.266844068776167731e+00
-1.581336907888262644e+00 -4.326474782827414600e+00
-1.476217447835920460e+00 -4.241957029965746528e+00
-1.346468826949450692e+00 -4.148101362593635599e+00
-1.218778750178752812e+00 -4.051409304707055625e+00
-1.091088673408055154e+00 -3.954717246820476984e+00
-9.715930260257675810e-01 -3.848506997855599465e+00
-8.575003489303251181e-01 -3.736092715857076918e+00
-7.434694198095830320e-01 -3.623616146661775783e+00
-6.313823031866665492e-01 -3.509202038916230837e+00
-5.193019168084340720e-01 -3.394782376876980923e+00
-4.303863550669593252e-01 -3.261562792695707813e+00
-3.416852489217578892e-01 -3.128197791542234540e+00
-2.525411021736939654e-01 -2.995131560003783555e+00
-1.619714300616037217e-01 -2.863028402367199021e+00
-7.140175794951128529e-02 -2.730925244730611379e+00
2.326020517244586916e-02 -2.601814961112252078e+00
1.220708128979646895e-01 -2.475757142770977470e+00
2.373536437786037123e-01 -2.365675059868638463e+00
3.609513748898119379e-01 -2.263804010849745918e+00
4.751254586837855287e-01 -2.152439024488399966e+00
4.988198222268601656e-01 -2.088326961671200799e+00
4.906839084682436125e-01 -2.030947394845965537e+00
4.789995060883887046e-01 -1.973725694743357462e+00
4.673151037085332415e-01 -1.916503994640753827e+00
4.556307013286798879e-01 -1.859282294538148417e+00
4.439462989488267564e-01 -1.802060594435542562e+00
4.322618965689710713e-01 -1.744838894332938484e+00
4.225480486911570299e-01 -1.687291190171157140e+00
4.154728093347060947e-01 -1.629318876006067285e+00
4.083975699782540492e-01 -1.571346561840978762e+00
4.013223306218030584e-01 -1.513374247675889128e+00
3.917592399076524901e-01 -1.455861454140543021e+00
3.761896247151171879e-01 -1.399572598188734585e+00
3.606200095225836622e-01 -1.343283742236928813e+00
3.450503943300503029e-01 -1.286994886285123041e+00
3.294807791375167771e-01 -1.230706030333316825e+00
3.139524962945524078e-01 -1.174405811756261020e+00
2.985627529977801231e-01 -1.118067511970558536e+00
2.623287896458746937e-01 -1.074939890026026301e+00
1.208209537005137391e-01 -1.243586871928795690e+00
-4.536809795363833109e-03 -1.409657708281325306e+00
-1.225276686347264443e-01 -1.581105566212578140e+00
-2.405185274740848367e-01 -1.752553424143831418e+00
-3.598690043935721672e-01 -1.923055868405767699e+00
-4.795451749953364429e-01 -2.093331600525651481e+00
-5.992213455971009406e-01 -2.263607332645534598e+00
-7.188975161988652163e-01 -2.433883064765418602e+00
-8.435692580356716208e-01 -2.600530485850065965e+00
-9.685690692909697530e-01 -2.766937390589633949e+00
-1.092884595328367681e+00 -2.933854203669319816e+00
-1.216588653308405377e+00 -3.101226593262517373e+00
-1.340998246565326513e+00 -3.268065593954085912e+00
-1.468651808916963120e+00 -3.432445576852860114e+00
-1.596305371268601725e+00 -3.596825559751632539e+00
-1.732118273806734665e+00 -3.754208801479426150e+00
-1.875538604706146417e+00 -3.905029288958974831e+00
-2.046326662190076640e+00 -4.020969939526983339e+00
-2.246032100630269479e+00 -4.054660443367406053e+00
-2.070177372152464113e+00 -3.980210369283023297e+00
-1.900645430759841270e+00 -3.859293276461277067e+00
-1.765534676000098058e+00 -3.700456781564925191e+00
-1.633081152241306455e+00 -3.539486220012640683e+00
-1.507630191338796610e+00 -3.372914900238366265e+00
-1.382179230436284989e+00 -3.206343580464093179e+00
-1.256728269533775144e+00 -3.039772260689818317e+00
-1.130981339380124684e+00 -2.873424470913752415e+00
-1.005076561300089155e+00 -2.707195908328006162e+00
-8.791717832200490745e-01 -2.540967345742260797e+00
-7.565707306810435240e-01 -2.372381391732429456e+00
-6.407441676050097401e-01 -2.198979674760824565e+00
-5.249176045289742909e-01 -2.025577957789222783e+00
-4.090910414529382866e-01 -1.852176240817620778e+00
-2.916595972169793161e-01 -1.679866688441354228e+00
-1.728367201141585985e-01 -1.508504288715757813e+00
-5.069895602585824945e-02 -1.339603885614180534e+00
7.914433962958027091e-02 -1.176433218103011047e+00
2.110084806908390787e-01 -1.014924696747796506e+00
2.287339908512147080e-01 -9.617531849468532457e-01
2.169325906123148184e-01 -9.166086310942979098e-01
2.051311903734119313e-01 -8.714640772417410197e-01
1.933297901345090442e-01 -8.263195233891841296e-01
1.815283898956061848e-01 -7.811749695366272395e-01
1.697269896567044911e-01 -7.360304156840695722e-01
1.579255894178016317e-01 -6.908858618315125710e-01
1.461241891788987446e-01 -6.457413079789557919e-01
1.343227889399941088e-01 -6.005967541263963483e-01
1.225213887010929703e-01 -5.554522002738419006e-01
1.107199884621913322e-01 -5.103076464212841223e-01
9.918570192315687151e-02 -4.650949871306471195e-01
8.794791849099214964e-02 -4.198068428357316639e-01
7.671013505882932904e-02 -3.745186985408189839e-01
6.547235162666456554e-02 -3.292305542459036394e-01
5.423456819449994082e-02 -2.839424099509885169e-01
4.245008355349355611e-02 -2.387991676405707420e-01
2.932800920066591654e-02 -1.940206576740258759e-01
6.899502423931530570e-03 -1.537990066696344194e-01
-2.728699980593028984e-01 -2.727287449592634694e-01
-5.228848606815297284e-01 -4.350196379413151515e-01
-7.698720515481024540e-01 -6.018107052794294809e-01
-9.916060523563022810e-01 -7.992352529721059584e-01
-1.192801083816294128e+00 -1.019048780832616963e+00
-1.407318242491296445e+00 -1.224721477830819971e+00
-1.611239886250205311e+00 -1.440982593681165103e+00
-1.805274135550053449e+00 -1.667248975575527759e+00
-1.996192519267361964e+00 -1.896012488411537911e+00
-2.173673823112383108e+00 -2.135483055000407582e+00
-2.351155126957406249e+00 -2.374953621589275254e+00
-2.522853466133688549e+00 -2.618563272060860925e+00
-2.692270646532531675e+00 -2.863805161758822493e+00
-2.885485835277673772e+00 -3.090138595264069199e+00
-3.079445532602562263e+00 -3.316342765543199622e+00
-3.271269076637082218e+00 -3.542706954340334669e+00
-3.503548250480060577e+00 -3.729501362382294349e+00
-3.736059214466321610e+00 -3.916007014209417214e+00
-3.961233221888194489e+00 -4.111112996468804681e+00
-3.896553854825389518e+00 -3.997649506384653328e+00
-3.795841108709341327e+00 -3.917361582413243504e+00
-3.695128362593292248e+00 -3.837073658441833679e+00
-3.597023502844228560e+00 -3.753684553812686620e+00
-3.500716879166539286e+00 -3.668161210790568116e+00
-3.404410255488850456e+00 -3.582637867768446505e+00
-3.308450742931412503e+00 -3.496725516283182067e+00
-3.212566390268295713e+00 -3.410729011236461883e+00
-3.131629082335001701e+00 -3.311264275990302597e+00
-3.056609193933732094e+00 -3.206568410216455778e+00
-2.978483260250261111e+00 -3.104401307364142770e+00
-2.890899810120024505e+00 -3.009964305986719157e+00
-2.803316359989791895e+00 -2.915527304609294657e+00
-2.728876629945336418e+00 -2.810695312017587710e+00
-2.657698283765428382e+00 -2.703350768602615695e+00
-2.586519937585521678e+00 -2.596006225187648120e+00
-2.511026120431423259e+00 -2.491754235303052400e+00
-2.431848548356552175e+00 -2.390166243659336054e+00
-2.362253356291026396e+00 -2.282428562541582107e+00
-2.433326405565511941e+00 -2.248486104929157570e+00
-2.507838596698544364e+00 -2.255467807496009058e+00
-2.581731365557107249e+00 -2.278095718706583561e+00
-2.655624134415670135e+00 -2.300723629917151847e+00
-2.729516903274232131e+00 -2.323351541127725906e+00
-2.803409672132796793e+00 -2.345979452338298188e+00
-2.876740436186941974e+00 -2.370186254461301267e+00
-2.948250784590404017e+00 -2.399485294147854830e+00
-3.019761132993864727e+00 -2.428784333834407949e+00
-3.091271481397324550e+00 -2.458083373520960180e+00
-3.162781829800786149e+00 -2.487382413207513299e+00
-3.234292178204246415e+00 -2.516681452894066418e+00
-3.298805274200788507e+00 -2.557978100884528594e+00
-3.358931993216375922e+00 -2.606526440874264772e+00
-3.419058712231965558e+00 -2.655074780864002726e+00
-3.479203431635530919e+00 -2.703599917708125577e+00
-3.544907588720686675e+00 -2.744161914572941008e+00
-3.613515982500712376e+00 -2.776498354045600081e+00
-3.690691718299047519e+00 -2.772489681032710429e+00
-3.620440778654419489e+00 -2.732853347298959346e+00
-3.550551446424166535e+00 -2.695401139759416864e+00
-3.487729692748982480e+00 -2.647685101261749274e+00
-3.427843391941479023e+00 -2.595715710417059174e+00
-3.367957091133968905e+00 -2.543746319572371739e+00
-3.300657383108906551e+00 -2.502936278781822121e+00
-3.229075321618158245e+00 -2.468830632886889198e+00
-3.157493260127413048e+00 -2.434724986991959383e+00
-3.085911198636667407e+00 -2.400619341097027792e+00
-3.013300106379477317e+00 -2.368804662325864729e+00
-2.940158682831209180e+00 -2.338185734021487328e+00
-2.867017259282944153e+00 -2.307566805717111258e+00
-2.793875835734676460e+00 -2.276947877412734300e+00
-2.720734412186410989e+00 -2.246328949108358231e+00
-2.646333983383808874e+00 -2.219313384187828753e+00
-2.569799712876960296e+00 -2.198584369566773056e+00
-2.493265442370113494e+00 -2.177855354945718247e+00
-2.415208267018458255e+00 -2.175463804335468154e+00
-2.336480239401741876e+00 -2.184902251069808621e+00
-2.286238800886508216e+00 -2.145370581711017799e+00
-2.252496547397563553e+00 -2.103796089012709203e+00
-2.218754293908616670e+00 -2.062221596314399719e+00
-2.185012040419670232e+00 -2.020647103616093787e+00
-2.151269786930721128e+00 -1.979072610917785635e+00
-2.117527533441773802e+00 -1.937498118219475263e+00
-2.083785279952827363e+00 -1.895923625521169109e+00
-2.050043026463878260e+00 -1.854349132822861179e+00
-2.015770191708940562e+00 -1.813223294732800417e+00
-1.979802089236062157e+00 -1.773558780136823332e+00
-1.943833986763179977e+00 -1.733894265540846913e+00
-1.907865884290301794e+00 -1.694229750944870050e+00
-1.871897781817420059e+00 -1.654565236348893853e+00
-1.835929679344542320e+00 -1.614900721752916990e+00
-1.799961576871661473e+00 -1.575236207156938129e+00
-1.763993474398781958e+00 -1.535571692560963708e+00
-1.728516043348317988e+00 -1.495483401224513065e+00
-1.694862891623542867e+00 -1.453836750787490306e+00
-1.661209739898768412e+00 -1.412190100350471988e+00
-1.789236579355534484e+00 -1.390682487217918206e+00
-1.914827677698725639e+00 -1.380149149793533647e+00
-2.039574509943811620e+00 -1.398889448240834277e+00
-2.164282692712172107e+00 -1.417979132540664544e+00
-2.288990875480532150e+00 -1.437068816840495256e+00
-2.412471352336646113e+00 -1.461283119519027229e+00
-2.531259112797005884e+00 -1.503780353086230814e+00
-2.650046873257370095e+00 -1.546277586653437508e+00
-2.768834633717732086e+00 -1.588774820220639317e+00
-2.887488459049616374e+00 -1.631628439780723694e+00
-3.000998020209189487e+00 -1.686693187318643705e+00
-3.114507581368763933e+00 -1.741757934856567491e+00
-3.228017142528337935e+00 -1.796822682394487947e+00
-3.341602613576216907e+00 -1.851727302323405766e+00
-3.458069276987216778e+00 -1.900215631822741003e+00
-3.574612723792936819e+00 -1.948528900214528736e+00
-3.691156170598653308e+00 -1.996842168606310697e+00
-3.815693498871165268e+00 -2.015969451971301396e+00
-3.940680940192612614e+00 -2.033135884564359230e+00
-3.832753541583501899e+00 -1.982588526196590095e+00
-3.708283949430227988e+00 -1.945892176710439792e+00
-3.583562152658124056e+00 -1.909913939021697482e+00
-3.464701808999557375e+00 -1.857972319045741560e+00
-3.346513949854537096e+00 -1.804291874487541136e+00
-3.228343405295301505e+00 -1.750574543798938176e+00
-3.113256783302343678e+00 -1.690546029444553788e+00
-2.998360273281106103e+00 -1.630141127638577547e+00
-2.882239407177890733e+00 -1.572334456485548371e+00
-2.762122958568853814e+00 -1.523120647947681761e+00
-2.642006509959812899e+00 -1.473906839409815372e+00
-2.520623265645426603e+00 -1.428231514070648300e+00
-2.396405975738176597e+00 -1.390548294126651374e+00
-2.272188685830925703e+00 -1.352865074182657557e+00
-2.144942809540811179e+00 -1.330984667146397404e+00
-2.015502611550561429e+00 -1.321227858165265445e+00
-1.886062413560310569e+00 -1.311471049184132820e+00
-1.756899704313905186e+00 -1.318612389810098762e+00
-1.627899606188334403e+00 -1.333066969044463201e+00
-1.574493032863610864e+00 -1.294672128633390429e+00
-1.533090435031618348e+00 -1.254620764734251548e+00
-1.491687837199621836e+00 -1.214569400835113555e+00
-1.450285239367629764e+00 -1.174518036935974896e+00
-1.408882641535635694e+00 -1.134466673036838236e+00
-1.367480043703638737e+00 -1.094415309137700021e+00
-1.326077445871644445e+00 -1.054363945238563582e+00
-1.284674848039652373e+00 -1.014312581339424923e+00
-1.243272250207655416e+00 -9.742612174402869307e-01
-1.203306640512172621e+00 -9.327964457042234869e-01
-1.164094234680835394e+00 -8.905984115517014965e-01
-1.124881828849500165e+00 -8.484003773991773967e-01
-1.085669423018164270e+00 -8.062023432466531858e-01
-1.046457017186824823e+00 -7.640043090941295301e-01
-1.007244611355489372e+00 -7.218062749416049861e-01
-9.680322055241538104e-01 -6.796082407890808863e-01
-9.263842323573993065e-01 -6.400712318418138036e-01
-8.799686107079748298e-01 -6.059555913771162983e-01
-8.574437161192008938e-01 -5.555834094417380076e-01
-1.034840278021180948e+00 -5.122092399830027176e-01
-1.212645726747371144e+00 -5.029798262386619978e-01
-1.391298240796874808e+00 -5.033627456831836211e-01
-1.569259876364263340e+00 -5.180609704678460492e-01
-1.747080767054251416e+00 -5.352829981570659257e-01
-1.919673558994470008e+00 -5.799220838700496206e-01
-2.091180616087016553e+00 -6.299440467559929147e-01
-2.262146006558438227e+00 -6.817348541245613625e-01
-2.432169267307016991e+00 -7.365888257941666240e-01
-2.602192528055597531e+00 -7.914427974637694430e-01
-2.771826357870686763e+00 -8.474741049117057168e-01
-2.940992439374026990e+00 -9.049171573403026470e-01
-3.110158520877365440e+00 -9.623602097689023527e-01
-3.281923754641980384e+00 -1.010036534926424423e+00
-3.457462395039090364e+00 -1.043248778618229844e+00
-3.634000892708973307e+00 -1.069599715010589147e+00
-3.811771282742527411e+00 -1.087335436896865737e+00
-3.989866623192115380e+00 -1.098644600486979650e+00
-4.168517750150252610e+00 -1.097843201649740141e+00
-4.001303766888336888e+00 -1.066304948546619391e+00
-3.818478891184040602e+00 -1.055450690795446622e+00
-3.638775745922151472e+00 -1.020250601056895023e+00
-3.459535343444575251e+00 -9.826816764159441719e-01
-3.281162511634312828e+00 -9.411158357385634998e-01
-3.104321461762175716e+00 -8.940687574625222345e-01
-2.930310338499994227e+00 -8.369310709477099097e-01
-2.756492697329254948e+00 -7.792218053600517003e-01
-2.583698071288032860e+00 -7.185043988730691611e-01
-2.410903445246814769e+00 -6.577869923860877321e-01
-2.237687272073751732e+00 -5.984294379699339750e-01
-2.059831793000597600e+00 -5.547028464850051188e-01
-1.881976313927443245e+00 -5.109762550000805925e-01
-1.703048749793980798e+00 -4.724663185346243965e-01
-1.522235778340341961e+00 -4.432900337585261585e-01
-1.339638306105854770e+00 -4.428754182635027403e-01
-1.156655820492156872e+00 -4.507167082040642869e-01
-9.737505801890468105e-01 -4.602171981331204531e-01
-7.956888595644839857e-01 -4.976892815131374048e-01
-7.583002571924589708e-01 -4.854085787946778030e-01
-7.327507932587875583e-01 -4.682534046983372056e-01
-7.072013293251122601e-01 -4.510982306020020483e-01
-6.816518653914391823e-01 -4.339430565056641154e-01
-6.561024014577674368e-01 -4.167878824093238510e-01
-6.305529375240940260e-01 -3.996327083129861402e-01
-6.050034735904209482e-01 -3.824775342166480963e-01
-5.794540096567475373e-01 -3.653223601203102744e-01
-5.539045457230743486e-01 -3.481671860239723415e-01
-5.283550817894008267e-01 -3.310120119276346307e-01
-5.016761403518579243e-01 -3.156763611548238924e-01
-4.748661586660116729e-01 -3.005667619682724778e-01
-4.480561769801626459e-01 -2.854571627817225066e-01
-4.212461952943152843e-01 -2.703475635951702039e-01
-3.944362136084660353e-01 -2.552379644086203436e-01
-3.676262319226186737e-01 -2.401283652220681519e-01
-3.408162502367695357e-01 -2.250187660355181807e-01
-3.199238178288278389e-01 -2.027013057553069819e-01
-3.007961033656413319e-01 -1.785930987504595890e-01
-4.918704111246690047e-01 -1.267119083449981254e-01
-6.952999319233994502e-01 -9.036187768746362092e-02
-8.986910584279766967e-01 -5.379747243697485803e-02
-1.102971828035398616e+00 -2.316801773245391605e-02
-1.307728917078545994e+00 3.973517476359988976e-03
-1.509483614963624598e+00 4.869429512415290873e-02
-1.711575827989934018e+00 9.155458293215934518e-02
-1.916453327427194209e+00 1.185752374638369133e-01
-2.121420161851389707e+00 1.449096276671977268e-01
-2.326500266286814611e+00 1.701988466458090876e-01
-2.532495872927861491e+00 1.866132697947358032e-01
-2.738699121256148672e+00 2.002071935302986994e-01
-2.944839763108950681e+00 2.146090642633424750e-01
-3.151213208221022466e+00 2.253285430145373081e-01
-3.356746055681105290e+00 2.444541144320511172e-01
-3.562027680634010540e+00 2.646424305406596122e-01
-3.768281481396837940e+00 2.759980501953183119e-01
-3.974637106362569394e+00 2.823865608015574402e-01
-4.179716641135850175e+00 2.990361488333459494e-01
-4.084264932517460700e+00 3.178034933984510424e-01
-3.979138977740805938e+00 3.345679659506868298e-01
-3.873078826706839006e+00 3.360716701566428544e-01
-3.766735107075895872e+00 3.312211853651896298e-01
-3.660391387444950961e+00 3.263707005737384037e-01
-3.554047667814003386e+00 3.215202157822845130e-01
-3.447703948183057587e+00 3.166697309908323987e-01
-3.341360228552114453e+00 3.118192461993785081e-01
-3.235072901131406997e+00 3.059371270532063036e-01
-3.128840699568448347e+00 2.990644813658576151e-01
-3.022608498005487920e+00 2.921918356785113691e-01
-2.916376296442527494e+00 2.853191899911657892e-01
-2.810144094879568399e+00 2.784465443038159904e-01
-2.703911893316605752e+00 2.715738986164724089e-01
-2.597679691753646658e+00 2.647012529291248306e-01
-2.491447490190685343e+00 2.578286072417761421e-01
-2.385215288627725361e+00 2.509559615544312283e-01
-2.279137630595187591e+00 2.420130060723570953e-01
-2.173689939548230310e+00 2.369352913883298051e-01
-2.208434306225530719e+00 3.028749933727830079e-01
-2.241777988861012982e+00 3.598434130612662152e-01
-2.285676261967295453e+00 4.094431664748328092e-01
-2.329574535073577479e+00 4.590429198883942963e-01
-2.373472808179857729e+00 5.086426733019584479e-01
-2.417371081286139312e+00 5.582424267155252640e-01
-2.469821452926479921e+00 5.982995139441795729e-01
-2.524348866938770808e+00 6.359021074921287209e-01
-2.578876280951061251e+00 6.735047010400778689e-01
-2.633403694963352581e+00 7.111072945880279050e-01
-2.687931108975645689e+00 7.487098881359748326e-01
-2.742312992920548531e+00 7.865213284907608404e-01
-2.796404620097193927e+00 8.247481487846723969e-01
-2.850496247273837547e+00 8.629749690785808447e-01
-2.904587874450482943e+00 9.012017893724921791e-01
-2.958796732315494005e+00 9.392553587791758751e-01
-3.016503181241757314e+00 9.717264544698747120e-01
-3.074557709716795983e+00 1.003614785312692659e+00
-3.132612238191832876e+00 1.035503116155517045e+00
-3.075833337345591278e+00 1.016722485802318943e+00
-3.008218096915798334e+00 9.926367507426592240e-01
-2.940602856486003613e+00 9.685510156829983952e-01
-2.874450087920950025e+00 9.414484295947611603e-01
-2.814840646173446981e+00 9.014652102859785909e-01
-2.755231204425947933e+00 8.614819909771951334e-01
-2.695621762678447109e+00 8.214987716684110097e-01
-2.636012320930947617e+00 7.815155523596284404e-01
-2.576402879183444572e+00 7.415323330508458710e-01
-2.517896240919369699e+00 7.000463837043184867e-01
-2.462850046195272924e+00 6.539827340645019138e-01
-2.407803851471177925e+00 6.079190844246828984e-01
-2.352757656747084258e+00 5.618554347848658814e-01
-2.297711462022987483e+00 5.157917851450488644e-01
-2.249507717535906171e+00 4.630577087635898703e-01
-2.205530097255418820e+00 4.063310634704990765e-01
-2.161552476974933246e+00 3.496044181774056181e-01
-2.117642466940924617e+00 2.928259376188973029e-01
-2.075133347800234951e+00 2.349906701636002015e-01
-2.038391658650294147e+00 2.165929371629302658e-01
-2.002559006556308585e+00 2.102837404268662613e-01
-1.966726354462325022e+00 2.039745436908046994e-01
-1.930893702368339460e+00 1.976653469547400288e-01
-1.895061050274355230e+00 1.913561502186789109e-01
-1.859228398180371888e+00 1.850469534826164608e-01
-1.823395746086388325e+00 1.787377567465504580e-01
-1.787563093992402319e+00 1.724285600104902283e-01
-1.751730441898420532e+00 1.661193632744266679e-01
-1.715897789804435192e+00 1.598101665383626635e-01
-1.680065137710451628e+00 1.535009698023011016e-01
-1.644299674466965122e+00 1.468285646862490523e-01
-1.608605484230331228e+00 1.397780538612256596e-01
-1.572911293993693560e+00 1.327275430362073738e-01
-1.537217103757059444e+00 1.256770322111890881e-01
-1.501522913520421554e+00 1.186265213861699142e-01
-1.465828711539934437e+00 1.115760702479839939e-01
-1.429913348551707930e+00 1.117157046849273083e-01
-1.393858032012599280e+00 1.165941336131222084e-01
-1.418850740494500107e+00 2.003254972376860010e-01
-1.469613867216811531e+00 2.839030241303757141e-01
-1.523173908791758846e+00 3.656841841580984465e-01
-1.578130608094940213e+00 4.465659450057961610e-01
-1.633087307398119137e+00 5.274477058534912111e-01
-1.688044006701298505e+00 6.083294667011862611e-01
-1.743000706004479872e+00 6.892112275488839757e-01
-1.800677155272203622e+00 7.679490452222290653e-01
-1.868238307048261104e+00 8.386426715743728888e-01
-1.935799458824318142e+00 9.093362979265173784e-01
-2.003360610600375402e+00 9.800299242786609799e-01
-2.076003962302499062e+00 1.045180773701252175e+00
-2.152756318538906921e+00 1.105770986180527604e+00
-2.229508674775316557e+00 1.166361198659800369e+00
-2.306261031011722196e+00 1.226951411139074466e+00
-2.383013387248132720e+00 1.287541623618348119e+00
-2.452342779541830886e+00 1.356243035153009924e+00
-2.518968384359317803e+00 1.427819056408932141e+00
-2.585593989176803387e+00 1.499395077664852138e+00
-2.517337966805274441e+00 1.448045314617906421e+00
-2.437239395661867203e+00 1.383997718707463243e+00
-2.357140824518459965e+00 1.319950122797020065e+00
-2.277042253375052283e+00 1.255902526886576442e+00
-2.194019254733679869e+00 1.195837280146279102e+00
-2.108609950123445653e+00 1.139064695854924647e+00
-2.023200645513213658e+00 1.082292111563567527e+00
-1.938517988818847071e+00 1.024592529613979064e+00
-1.875904150303788098e+00 9.435015099798158555e-01
-1.814209419836500192e+00 8.615769356831393111e-01
-1.752514689369214285e+00 7.796523613864603242e-01
-1.690819958901931042e+00 6.977277870897844458e-01
-1.629125228434645356e+00 6.158032127931054589e-01
-1.568488472340998863e+00 5.331021887615461363e-01
-1.508990464558112699e+00 4.495685864748582006e-01
-1.449492456775223648e+00 3.660349841881715971e-01
-1.389994448992337484e+00 2.825013819014881022e-01
-1.330968017432448303e+00 1.986407850093150351e-01
-1.274044977314046312e+00 1.133316814810190198e-01
-1.237588915755175600e+00 9.019843502216717823e-02
-1.208990164161576786e+00 8.583039089528621268e-02
-1.180391412567977527e+00 8.146234676840480304e-02
-1.151792660974378713e+00 7.709430264152317136e-02
-1.123193909380779232e+00 7.272625851464131763e-02
-1.094595157787180417e+00 6.835821438776035208e-02
-1.065996406193577162e+00 6.399017026087783222e-02
-1.037397654599977903e+00 5.962212613399620054e-02
-1.008798903006379089e+00 5.525408200711501294e-02
-9.802001514127797188e-01 5.088603788023382535e-02
-9.516013998191806822e-01 4.651799375335219366e-02
-9.230026482255814235e-01 4.214994962647056198e-02
-8.944038966319823869e-01 3.778190549958915234e-02
-8.658051450383833503e-01 3.341386137270796475e-02
-8.372063934447844247e-01 2.904581724582655511e-02
-8.086076418511840558e-01 2.467777311894581160e-02
-7.800088902575862404e-01 2.030972899206351379e-02
-7.514101386639870928e-01 1.594168486518210415e-02
-7.228113870703870569e-01 1.157364073830136064e-02
-7.099213043861223316e-01 1.382899788078901793e-01
-7.169638725567101245e-01 2.598369302753573695e-01
-7.482837078465465197e-01 3.766574030862135380e-01
-8.042705035735984165e-01 4.844542649591012662e-01
-8.750020883369696856e-01 5.839588755490443539e-01
-9.457336731003406216e-01 6.834634861389847771e-01
-1.016385758990296484e+00 7.830236065321523053e-01
-1.082232596064253816e+00 8.858203755067444174e-01
-1.147830932495211620e+00 9.887814500411737928e-01
-1.206401534275940435e+00 1.095641401288743655e+00
-1.258912661334240735e+00 1.205853497479955294e+00
-1.311412384311091417e+00 1.316071007841160601e+00
-1.363067541017873419e+00 1.426686722700024834e+00
-1.414673556660575038e+00 1.537325521325455746e+00
-1.466279572303278433e+00 1.647964319950888878e+00
-1.520726026326524760e+00 1.757230175415357643e+00
-1.574285507810260665e+00 1.866729703025742371e+00
-1.587742883841714470e+00 1.988066942909036516e+00
-1.578466503610201244e+00 2.109408163742111153e+00
-1.556636533773885001e+00 2.005225220435983946e+00
-1.535700380752834660e+00 1.883396246582360600e+00
-1.480035831881884700e+00 1.773284149078273142e+00
-1.422411691607386119e+00 1.663921999176341870e+00
-1.364787551332887761e+00 1.554559849274410599e+00
-1.310048804350071761e+00 1.443741229615107091e+00
-1.256449198741211637e+00 1.332351357310117113e+00
-1.202849593132349515e+00 1.220961485005124469e+00
-1.149249987523490280e+00 1.109571612700134935e+00
-1.087533962388935294e+00 1.003063859152066417e+00
-1.012967079124597491e+00 9.044717636586108167e-01
-9.384001958602615767e-01 8.058796681651576588e-01
-8.638333125959242187e-01 7.072875726717056111e-01
-7.953527718954702674e-01 6.046103581970114771e-01
-7.329726323711459601e-01 4.978895094069402116e-01
-6.705924928468178781e-01 3.911686606168685021e-01
-6.322752740408839056e-01 2.767599677345280451e-01
-6.233934906804441400e-01 1.534646503137702123e-01
-6.105428348770390867e-01 3.053749868018607039e-02
-5.959634240739912769e-01 1.420303707596892728e-02
-5.689737599392596934e-01 8.533037632336704092e-03
-5.420510543377715651e-01 2.356834759841053284e-03
-5.151283487362817715e-01 -3.819368112656595926e-03
-4.882056431347918668e-01 -9.995570985154689225e-03
-4.612829375333037385e-01 -1.617177385765011799e-02
-4.343602319318138338e-01 -2.234797673014843333e-02
-4.074375263303245953e-01 -2.852417960264297392e-02
-3.805148207288358009e-01 -3.470038247514173335e-02
-3.534882663806908631e-01 -4.037904128619851374e-02
-3.263014294844290841e-01 -4.526269299051921546e-02
-2.991119093383823868e-01 -5.013173325060327201e-02
-2.719223891923323588e-01 -5.500077351068943798e-02
-2.447328690462843015e-01 -5.986981377077305044e-02
-2.175433489002360499e-01 -6.473885403085677392e-02
-1.902966904614486199e-01 -6.876587575358672488e-02
-1.644208058586205945e-01 -6.072919568686563352e-02
-1.395304514276226315e-01 -4.875222548877355955e-02
-1.146400969966242800e-01 -3.677525529068192967e-02
