7.838764659723657102e-02 1.008109853998329086e-02
4.498838804041119244e-02 2.589096239175554537e-01
1.890189878199188475e-02 5.112902741725526834e-01
-1.018780090497444987e-02 7.631990280133946758e-01
-6.289802222016205313e-02 1.011388733911664062e+00
-1.156082435353512072e-01 1.259578439809932782e+00
-2.190398980285833963e-01 1.488381904406745448e+00
-3.624352103368307931e-01 1.695617192471376100e+00
-5.389064736053055249e-01 1.877920211605432765e+00
-5.985037524986110968e-01 2.092969232836240145e+00
-6.948846482571653382e-01 2.300547619020653300e+00
-6.454839620037855497e-01 2.495438286809649853e+00
-4.651323583822919994e-01 2.598275392213282853e+00
-4.551067829703338008e-01 2.851802482250270998e+00
-4.496035364414270319e-01 3.105458145668629655e+00
-3.243584984178751185e-01 3.271959553038460200e+00
-1.123529047506218737e-01 3.387898143390845718e+00
-1.763955822793226991e-03 3.616064386650398532e+00
9.499128042878558775e-02 3.850616985874672160e+00
2.851686195240085708e-01 4.037576555844488269e+00
3.137290808572335554e-01 4.015991143835659472e+00
3.422895421904603719e-01 3.994405731826829786e+00
3.708500035236868553e-01 3.972820319818000989e+00
3.994104648569122284e-01 3.951234907809173968e+00
4.279709261901387674e-01 3.929649495800343395e+00
4.565313875233642515e-01 3.908064083791516374e+00
4.850918488565907905e-01 3.886478671782685801e+00
5.136523101898160526e-01 3.864893259773857004e+00
5.422127715230427025e-01 3.843307847765028207e+00
5.674713652639208350e-01 3.818190597386916352e+00
5.905946824530083905e-01 3.790860354699915113e+00
6.137179996420975003e-01 3.763530112012912987e+00
6.368413168311864991e-01 3.736199869325913525e+00
6.580479715949547614e-01 3.707834579231658267e+00
6.675897839589682858e-01 3.673329742179912039e+00
6.771315963229844748e-01 3.638824905128166698e+00
6.866734086869977771e-01 3.604320068076419581e+00
6.981003161684220526e-01 3.571870244498835056e+00
7.634216776667598348e-01 3.678928684871504373e+00
8.267120186092552503e-01 3.782658384261348594e+00
8.900023595517521091e-01 3.886388083651195480e+00
9.539086172915125506e-01 3.989738423481322016e+00
1.018083115655227688e+00 4.092923458984976115e+00
1.104947329616876583e+00 4.173467813186372943e+00
1.200278015366970097e+00 4.167982673360969947e+00
1.267306045420914185e+00 4.070107923646203218e+00
1.304901641655581201e+00 3.954573137375194669e+00
1.346042144011668107e+00 4.062870794527342788e+00
1.391185652318527977e+00 4.174813376323030845e+00
1.471817515325460457e+00 4.265720034275878980e+00
1.567847425898713176e+00 4.338876715017007335e+00
1.646263696095569218e+00 4.246820293287071557e+00
1.712080656033847736e+00 4.278102270802128793e+00
1.774492940783808148e+00 4.382362639612213506e+00
1.880151221255969451e+00 4.434659339702385239e+00
1.994221936303410159e+00 4.476532836817996852e+00
2.111455855714443608e+00 4.479892394979346548e+00
2.144117733647871837e+00 4.473480475955745383e+00
2.169313893303840057e+00 4.468534167119828204e+00
2.194510052959807389e+00 4.463587858283910137e+00
2.219706212615776053e+00 4.458641549447991181e+00
2.244902372271742497e+00 4.453695240612074002e+00
2.270098531927711161e+00 4.448748931776156823e+00
2.293374801173584387e+00 4.439677631805371227e+00
2.313125910368452054e+00 4.423270129921119675e+00
2.332877019563320609e+00 4.406862628036870788e+00
2.352628128758187831e+00 4.390455126152618348e+00
2.368373934645093382e+00 4.371274890298807669e+00
2.374296763900927143e+00 4.346290244491521904e+00
2.380219593156763125e+00 4.321305598684235250e+00
2.386142422412597774e+00 4.296320952876951260e+00
2.389962536627743273e+00 4.271067798721416509e+00
2.390405314709073803e+00 4.245394536753367198e+00
2.390848092790402557e+00 4.219721274785320553e+00
2.391290870871731311e+00 4.194048012817273019e+00
2.391733648953060065e+00 4.168374750849223709e+00
2.429035373195253200e+00 4.199110970767057083e+00
2.476517004157330781e+00 4.246929911124553314e+00
2.532744518819510571e+00 4.281454845736974768e+00
2.595801725676079919e+00 4.305223417405898978e+00
2.658858932532648822e+00 4.328991989074823188e+00
2.723838234102450961e+00 4.345132887280565903e+00
2.777801691037081522e+00 4.329797895224817950e+00
2.804767659689649140e+00 4.268040362321035452e+00
2.825804205984019823e+00 4.204460394747624008e+00
2.837425264180265305e+00 4.138081879080787395e+00
2.882061010452609651e+00 4.139476903916667894e+00
2.940374209840180164e+00 4.173251555845570060e+00
2.999359984685828096e+00 4.205067925932740813e+00
3.066421847277340795e+00 4.211681725608935167e+00
3.133489159925926693e+00 4.218249214461619268e+00
3.199794158646799502e+00 4.229403797024593459e+00
3.265273859556127700e+00 4.245327524746393522e+00
3.332087935459652872e+00 4.246410256308478459e+00
3.399313336402248087e+00 4.241730320001188659e+00
3.471330390527991305e+00 4.160492847982633968e+00
3.493216557425289359e+00 4.043777681090712228e+00
3.497181073596776102e+00 3.931289962768630630e+00
3.602981875105662368e+00 3.987513706409005820e+00
3.717342178848790812e+00 4.013016159748906908e+00
3.836997606425186280e+00 4.019139688173895664e+00
3.956646843051685014e+00 4.025367528203219081e+00
4.076102881612403195e+00 4.034596493488753488e+00
4.127098863442443033e+00 3.950180435781523336e+00
4.127139786077347772e+00 3.832808536140005273e+00
4.133424797218832936e+00 3.770919789762436025e+00
4.248521081250700604e+00 3.786208911044349534e+00
4.364293416827549343e+00 3.755359514552002231e+00
4.480065752404402524e+00 3.724510118059654040e+00
4.594552795079986929e+00 3.690101130242528171e+00
4.702566215311082765e+00 3.638255011787607351e+00
4.808884454915350659e+00 3.583358581317558134e+00
4.907819060187602389e+00 3.516201784970538924e+00
4.992838275795965508e+00 3.431782285290664092e+00
5.001628400169494171e+00 3.374970904114817927e+00
5.001080755928263955e+00 3.318756823299063186e+00
5.005540879347049277e+00 3.262538719371543827e+00
5.010001002765839040e+00 3.206320615444022692e+00
5.014461126184624362e+00 3.150102511516501558e+00
5.005957179913739452e+00 3.095226540067034904e+00
4.989456967546734845e+00 3.041299636744481560e+00
4.972956755179733790e+00 2.987372733421925552e+00
4.956456542812732735e+00 2.933445830099370433e+00
4.940330504925422694e+00 2.879408540413970208e+00
4.925030185534144955e+00 2.825129003416670059e+00
4.909729866142864552e+00 2.770849466419372575e+00
4.894429546751588589e+00 2.716569929422072871e+00
4.879129227360311738e+00 2.662290392424773167e+00
4.863828907969033999e+00 2.608010855427472574e+00
4.835081538059204931e+00 2.559877654838280669e+00
4.803594457817644603e+00 2.513091634618799031e+00
4.772107377576084275e+00 2.466305614399316060e+00
4.751459696300060820e+00 2.414155098976234370e+00
4.928600349298702277e+00 2.382734130572722098e+00
4.856197856808970315e+00 2.206314953286033109e+00
5.062731921622724229e+00 2.237449877724847713e+00
5.271086096251470288e+00 2.201232399345877777e+00
5.466755622201012521e+00 2.133189648870644106e+00
5.610855437197447060e+00 2.029079693373331494e+00
5.547123130064040453e+00 1.827435210364645624e+00
5.499291527471694252e+00 1.634790679090697640e+00
5.710570254521314837e+00 1.625600068575086432e+00
5.908126181634981933e+00 1.558424416283690217e+00
6.103374539635872509e+00 1.477670386706842365e+00
6.175076609776448677e+00 1.334093865337164342e+00
6.106065365500611186e+00 1.134799523566378365e+00
6.276881728619855494e+00 1.082314977658977995e+00
6.468906825274699735e+00 9.937221303620682455e-01
6.475945065309963056e+00 8.093633748195951938e-01
6.623025152242481894e+00 6.689497371673662762e-01
6.698519663369404853e+00 4.722706967522629640e-01
6.782069675031581646e+00 2.788991962100872968e-01
6.762984505316732786e+00 2.363571757820777108e-01
6.745239168296089716e+00 1.993874931544372675e-01
6.727493831275443981e+00 1.624178105267970462e-01
6.709748494254796469e+00 1.254481278991588233e-01
6.692003157234150734e+00 8.847844527151860206e-02
6.668803296683130100e+00 5.537525538885401666e-02
6.638880248308671739e+00 2.733482751151150580e-02
6.608957199934211602e+00 -7.056003658305609605e-04
6.579034151559752353e+00 -2.874602824317418204e-02
6.549111103185294880e+00 -5.678645612051780311e-02
6.519188054810837407e+00 -8.482688399786053601e-02
6.488487587322472550e+00 -1.119150583339350025e-01
6.454447607271492693e+00 -1.347828124364609526e-01
6.420407627220513724e+00 -1.576505665389884570e-01
6.386367647169533868e+00 -1.805183206415141850e-01
6.352327667118554011e+00 -2.033860747440414674e-01
6.313991667344079239e+00 -2.133825871493603143e-01
6.272996330711708701e+00 -2.144008179500059841e-01
6.250808321343962248e+00 -2.433504590007289359e-01
6.313483818785875279e+00 -3.258715031261040229e-01
6.390949185907671470e+00 -3.966935044630069962e-01
6.472697525672248098e+00 -4.624219692890358946e-01
6.548502209078800540e+00 -5.322955099811974566e-01
6.587189046359126721e+00 -6.298658312778082635e-01
6.611590714575068084e+00 -7.240465431460236800e-01
6.521780524190387673e+00 -7.783675214117566910e-01
6.443898500355873971e+00 -8.485227725178208225e-01
6.416642365655810032e+00 -9.157711309447655879e-01
6.508305112073412779e+00 -9.662864847752372643e-01
6.528538066098747983e+00 -1.049903074577286599e+00
6.517884958518799898e+00 -1.131571905961557878e+00
6.610010127514058809e+00 -1.181866957549893460e+00
6.670681906203003386e+00 -1.262930125829173411e+00
6.717744314978456366e+00 -1.356747867525136764e+00
6.764806723753912010e+00 -1.450565609221100338e+00
6.787188988850707538e+00 -1.550977057098865242e+00
6.785945688056249203e+00 -1.655805894025071501e+00
6.780495473504135617e+00 -1.760624471281273973e+00
6.764717716076066090e+00 -1.774640161628881829e+00
6.743949238072680430e+00 -1.783277929011185980e+00
6.723180760069292106e+00 -1.791915696393487245e+00
6.702412282065904670e+00 -1.800553463775791396e+00
6.681643804062521674e+00 -1.809191231158094437e+00
6.661258303346986764e+00 -1.818650134083009462e+00
6.641465890985219112e+00 -1.829336626343320393e+00
6.621673478623449682e+00 -1.840023118603630659e+00
6.601881066261686470e+00 -1.850709610863943588e+00
6.582088653899915265e+00 -1.861396103124254964e+00
6.562296241538150277e+00 -1.872082595384564341e+00
6.542503829176382624e+00 -1.882769087644877937e+00
6.522711416814616747e+00 -1.893455579905188646e+00
6.502540030913455560e+00 -1.903287413136038886e+00
6.481229246554914170e+00 -1.910483838989298633e+00
6.459915736327081603e+00 -1.917672370528914261e+00
6.442014597350903315e+00 -1.928936076158542345e+00
6.434603239460395585e+00 -1.950173130524595511e+00
6.427191881569886966e+00 -1.971410184890649564e+00
6.468953653200027354e+00 -2.026027083544155172e+00
6.522106150165364546e+00 -2.082914690415175851e+00
6.572730745608663661e+00 -2.141956890709341810e+00
6.580055986673579937e+00 -2.194952768671139864e+00
6.510004715491232830e+00 -2.227981342700338097e+00
6.464372650326707159e+00 -2.291061469348773194e+00
6.403556903154072444e+00 -2.332366375060669128e+00
6.326974273197274456e+00 -2.343755601065685479e+00
6.346487252862456963e+00 -2.379546030478432606e+00
6.408111434212196755e+00 -2.427125942438588702e+00
6.455747635597592904e+00 -2.486622582220079813e+00
6.492901544018959470e+00 -2.555040232268723344e+00
6.530055452440329589e+00 -2.623457882317365986e+00
6.567209360861696155e+00 -2.691875532366009516e+00
6.606544858057498359e+00 -2.759026224913123659e+00
6.647707903506857363e+00 -2.825109440925178461e+00
6.673409384699009017e+00 -2.895511038633440837e+00
6.670290004937768025e+00 -2.973300771467766168e+00
6.702005413809834167e+00 -3.043926797720953203e+00
6.694589541357564677e+00 -3.057727905674672009e+00
6.669473500437141489e+00 -3.068597535167060464e+00
6.644357459516720965e+00 -3.079467164659448919e+00
6.619241418596294224e+00 -3.090336794151836486e+00
6.594125377675871036e+00 -3.101206423644224053e+00
6.569009336755447848e+00 -3.112076053136611620e+00
6.544057389753218601e+00 -3.123311778010874118e+00
6.519238290752602971e+00 -3.134843329581057159e+00
6.494419191751983789e+00 -3.146374881151238867e+00
6.469600092751369935e+00 -3.157906432721422796e+00
6.444780993750753417e+00 -3.169437984291604948e+00
6.419961894750134235e+00 -3.180969535861787101e+00
6.395142795749518605e+00 -3.192501087431970586e+00
6.370323696748899422e+00 -3.204032639002150518e+00
6.344781356939983574e+00 -3.213157512129120708e+00
6.317544420764811264e+00 -3.215824657533453923e+00
6.290307484589640730e+00 -3.218491802937788027e+00
6.263967681854296643e+00 -3.223602156389299811e+00
6.247047512034573202e+00 -3.245058652314348979e+00
6.262295663307778426e+00 -3.345667181287155678e+00
6.289997821577925308e+00 -3.444815540878876536e+00
6.297509395520092923e+00 -3.548381165192146636e+00
6.315634319608640190e+00 -3.650060785189173540e+00
6.344895899354551894e+00 -3.749690209724595213e+00
6.372451993548037485e+00 -3.849754318408205034e+00
6.393188668883142078e+00 -3.950849915338124241e+00
6.301295596173204672e+00 -3.999179782159366425e+00
6.201347597685896496e+00 -4.027259396670370251e+00
6.105182856439793859e+00 -4.052234063697702560e+00
6.132858931002214575e+00 -4.152315516421479558e+00
6.138235708383879441e+00 -4.254603500313923092e+00
6.130044090062151341e+00 -4.358117555744849270e+00
6.117522352855381484e+00 -4.461116890541886093e+00
6.101043635744688665e+00 -4.563638664643153930e+00
6.082175530050861312e+00 -4.665634248767926096e+00
6.053420609577663036e+00 -4.765411083910488621e+00
6.007613780783473523e+00 -4.854430109429111795e+00
5.938638506456339172e+00 -4.930774298376928044e+00
5.699666774865788987e+00 -4.965395644799769137e+00
5.446541045768637623e+00 -4.934666502716289926e+00
5.192628094501132274e+00 -4.911151141716119994e+00
4.949940284230988752e+00 -4.836306517904583657e+00
4.794655289570182610e+00 -4.983562177176059649e+00
4.597147226409000531e+00 -4.987022440286031255e+00
4.364934148880984743e+00 -4.881286883103414631e+00
4.137256317499430125e+00 -4.766791625971123381e+00
3.947689774499278492e+00 -4.626667968830837196e+00
3.802557708076227616e+00 -4.829185055473666388e+00
3.605333460917211852e+00 -4.673701780992146837e+00
3.438444992814295720e+00 -4.485359542845955616e+00
3.305675730212256358e+00 -4.267409639567887325e+00
3.179070260337760523e+00 -4.045991891034288024e+00
3.061975131806595751e+00 -3.819235263115537737e+00
2.944880003275435421e+00 -3.592478635196787451e+00
2.814986456291410644e+00 -3.373499678268926605e+00
2.878940556320353394e+00 -3.126889731277714191e+00
2.633708490339159436e+00 -3.060370909713699294e+00
2.612049789987546333e+00 -3.208495196406319749e+00
2.726961559355318254e+00 -3.319918594415377289e+00
2.854272113404165090e+00 -3.422294789867148523e+00
2.980235027160520911e+00 -3.526611415774998814e+00
3.102065650683663911e+00 -3.635246138197037791e+00
3.211552198423289983e+00 -3.756742269603961848e+00
3.321038746162917388e+00 -3.878238401010885461e+00
3.430525293902542128e+00 -3.999734532417810851e+00
3.501870301995643420e+00 -4.139061558959207687e+00
3.432598240839206394e+00 -4.279684260442691013e+00
3.474813790413450842e+00 -4.431828012992609089e+00
3.535144099530969086e+00 -4.583834574193714317e+00
3.596192407779360778e+00 -4.735563668776130442e+00
3.639165158168845782e+00 -4.891737161147732493e+00
3.519817856785896204e+00 -4.988260922922293616e+00
3.504684141215669957e+00 -5.144778395484491895e+00
3.485816812459468839e+00 -5.304330748845782928e+00
3.413672967832976468e+00 -5.451109084322441234e+00
3.334465752744471434e+00 -5.593562088792416453e+00
3.297573335857671761e+00 -5.607649063245290222e+00
3.263258832655307806e+00 -5.620751688954466196e+00
3.228944329452942963e+00 -5.633854314663649276e+00
3.194629826250578120e+00 -5.646956940372827027e+00
3.160315323048214164e+00 -5.660059566082004778e+00
3.126000819845849765e+00 -5.673162191791184306e+00
3.091686316643484478e+00 -5.686264817500366497e+00
3.057371813441116970e+00 -5.699367443209544248e+00
3.021632383644159869e+00 -5.706332184403549057e+00
2.985045844905511725e+00 -5.709586276231632063e+00
2.948459306166868465e+00 -5.712840368059712404e+00
2.911872767428224762e+00 -5.716094459887790080e+00
2.875286228689577506e+00 -5.719348551715871309e+00
2.838699689950933358e+00 -5.722602643543953427e+00
2.802113151212288766e+00 -5.725856735372033768e+00
2.765537807576177620e+00 -5.726713595492305409e+00
2.729103988824781890e+00 -5.722050894377028740e+00
2.692670170073385716e+00 -5.717388193261751184e+00
2.656236351321990874e+00 -5.712725492146472739e+00
2.628319531425891142e+00 -5.793576830732324545e+00
2.605197866155555264e+00 -5.871822693773997237e+00
2.582076200885219386e+00 -5.950068556815668153e+00
2.558279231254036556e+00 -6.028110712078923683e+00
2.534266601324890011e+00 -6.106087760573305268e+00
2.516291670423628002e+00 -6.185238253500255468e+00
2.436030831336794655e+00 -6.198867200547891088e+00
2.355377369695339063e+00 -6.211197878277016748e+00
2.275454849111002709e+00 -6.212730726836026562e+00
2.197777328567268373e+00 -6.187766166151183356e+00
2.118093795996826234e+00 -6.172661024973502109e+00
2.068111331018644972e+00 -6.217900489410896014e+00
2.038078902683163385e+00 -6.293762731246236086e+00
2.008046474347687571e+00 -6.369624973081579711e+00
1.940133976289432738e+00 -6.408850294471570841e+00
1.864799441658774315e+00 -6.440182935279387344e+00
1.787804092388588062e+00 -6.462913357683275350e+00
1.706302165581596197e+00 -6.459999492743387250e+00
1.627930239656022016e+00 -6.437367297943016986e+00
1.604021556453125719e+00 -6.436715210981383883e+00
1.584994817476595319e+00 -6.439162013096979997e+00
1.565968078500064031e+00 -6.441608815212571670e+00
1.546941339523533188e+00 -6.444055617328166896e+00
1.527914600547002344e+00 -6.446502419443758569e+00
1.508914076626471257e+00 -6.446798819088684240e+00
1.490310169665573614e+00 -6.442119259017037081e+00
1.471706262704675749e+00 -6.437439698945389033e+00
1.453102355743776330e+00 -6.432760138873739209e+00
1.434498448782878910e+00 -6.428080578802089384e+00
1.415894541821981045e+00 -6.423401018730440448e+00
1.397290634861082292e+00 -6.418721458658795065e+00
1.378686727900185094e+00 -6.414041898587144352e+00
1.360083420596186921e+00 -6.410764203672962402e+00
1.342696042702375081e+00 -6.418708231577102019e+00
1.325568361720425914e+00 -6.427348033707619201e+00
1.308440680738477191e+00 -6.435987835838139048e+00
1.291312999756527802e+00 -6.444627637968658895e+00
1.274306337642568510e+00 -6.453496090915128214e+00
1.250458520965951559e+00 -6.469517165307737017e+00
1.223512053154691026e+00 -6.487619927974711764e+00
1.196565585343429827e+00 -6.505722690641680295e+00
1.178098942658090120e+00 -6.531483946874368840e+00
1.163684308665587697e+00 -6.560570721713497200e+00
1.149269674673085495e+00 -6.589657496552625560e+00
1.134855040680583960e+00 -6.618744271391756584e+00
1.120440406688082424e+00 -6.647831046230884056e+00
1.106025772695579334e+00 -6.676917821070015080e+00
1.084034540348743914e+00 -6.700572069296649502e+00
1.060644141857876477e+00 -6.723082320341859486e+00
1.037253743367008152e+00 -6.745592571387071246e+00
1.011126263241080236e+00 -6.738423084710203348e+00
9.847142328013742674e-01 -6.719549113434077015e+00
9.583022023616666329e-01 -6.700675142157950681e+00
9.415670178419278669e-01 -6.713523180061514495e+00
9.308718690008467300e-01 -6.744173399227894272e+00
9.201767201597670365e-01 -6.774823618394274938e+00
9.091918900362045974e-01 -6.805365004171182619e+00
8.978919874462875095e-01 -6.816034344164657810e+00
8.889230172374329442e-01 -6.824502823586329647e+00
8.799540470285786009e-01 -6.832971303008002373e+00
8.709850768197243687e-01 -6.841439782429675098e+00
8.620161066108712467e-01 -6.849908261851347824e+00
8.530471364020172365e-01 -6.858376741273019661e+00
8.440781661931641144e-01 -6.866845220694693275e+00
8.351091959843101042e-01 -6.875313700116362448e+00
8.261402257754558720e-01 -6.883782179538035173e+00
8.171712555666011957e-01 -6.892250658959709675e+00
8.081894352102915180e-01 -6.900700764791659836e+00
7.965110151663289395e-01 -6.903763791481737577e+00
7.841919199196116796e-01 -6.904394237851295024e+00
7.718728246728931985e-01 -6.905024684220851583e+00
7.595537294261758277e-01 -6.905655130590410806e+00
7.472346341794571245e-01 -6.906285576959967365e+00
7.349155389327397536e-01 -6.906916023329524812e+00
7.225964436860222717e-01 -6.907546469699084035e+00
7.102773484393039016e-01 -6.908176916068640594e+00
6.888542378607248606e-01 -6.963634293177621615e+00
6.746046781865518982e-01 -7.020919205333757240e+00
6.539118818624344298e-01 -7.073133561532854330e+00
5.976768429373358060e-01 -7.091084369557475675e+00
5.414418040122371822e-01 -7.109035177582100573e+00
4.852067650871385029e-01 -7.126985985606724583e+00
4.273230781040016635e-01 -7.138450154716364793e+00
3.693180924175622493e-01 -7.149406100461037639e+00
3.113131067311220579e-01 -7.160362046205710485e+00
2.676728434529285217e-01 -7.123660811583520491e+00
2.263829114260492159e-01 -7.081473697142496526e+00
1.889292643513814651e-01 -7.036882669386888445e+00
1.720133865433558229e-01 -6.980327703295232666e+00
1.550975087353299586e-01 -6.923772737203577776e+00
1.329567736832802383e-01 -6.871553950679129663e+00
7.838767768897698940e-02 -6.849041179325769058e+00
3.847602634077874895e-02 -6.877569051388292110e+00
5.906158925949672733e-03 -6.926801305533562214e+00
-2.186983011320130232e-02 -6.977369873434786207e+00
-1.561850975934283084e-02 -7.036872992373669256e+00
-1.780453218579670926e-02 -7.090003860644183753e+00
-5.650774103637141998e-02 -7.130678062952400253e+00
-9.206831321724209816e-02 -7.173670956020838041e+00
-1.178774425777448231e-01 -7.223532945054510712e+00
-1.436865719382477979e-01 -7.273394934088178942e+00
-1.694957012987509948e-01 -7.323256923121847173e+00
-2.117421403312204076e-01 -7.344582238017684617e+00
-2.677972181437862087e-01 -7.341395176648931375e+00
-3.238522959563506221e-01 -7.338208115280174582e+00
-3.799073737689167007e-01 -7.335021053911421340e+00
-4.359423209744342498e-01 -7.331542617400226725e+00
-4.918937607579292881e-01 -7.326877266942338096e+00
-5.478452005414234938e-01 -7.322211916484446803e+00
-6.037966403249193093e-01 -7.317546566026555510e+00
-6.567267269812605557e-01 -7.306557882131605730e+00
-6.939215335033801502e-01 -7.264499880793895414e+00
-7.311163400254988565e-01 -7.222441879456181546e+00
-7.683111465476192281e-01 -7.180383878118467678e+00
-7.952181487202414356e-01 -7.187478976469878766e+00
-8.167192569756481779e-01 -7.193424969782414635e+00
-8.382203652310545872e-01 -7.199370963094948728e+00
-8.597214734864613295e-01 -7.205316956407481932e+00
-8.812225817418678497e-01 -7.211262949720016913e+00
-9.027236899972750361e-01 -7.217208943032553670e+00
-9.242247982526821115e-01 -7.223154936345085098e+00
-9.457259065080894089e-01 -7.229100929657620966e+00
-9.672270147634958182e-01 -7.235046922970155947e+00
-9.887281230189023384e-01 -7.240992916282689151e+00
-1.010229231274309525e+00 -7.246938909595225908e+00
-1.031730339529715934e+00 -7.252884902907760889e+00
-1.053842818482106924e+00 -7.253251886459964659e+00
-1.076073776822719097e+00 -7.251397976014067659e+00
-1.098304735163331491e+00 -7.249544065568174211e+00
-1.120535693503942110e+00 -7.247690155122277211e+00
-1.142766651844554504e+00 -7.245836244676381099e+00
-1.164997610185166677e+00 -7.243982334230484987e+00
-1.187228568525778849e+00 -7.242128423784587987e+00
-1.246664708343840022e+00 -7.218363457128224248e+00
-1.304535087535665605e+00 -7.194911072063481683e+00
-1.362405466727492076e+00 -7.171458686998734677e+00
-1.420275845919317437e+00 -7.148006301933992113e+00
-1.458462029959535666e+00 -7.101005899788409792e+00
-1.491593183368541187e+00 -7.048078384951420361e+00
-1.524724336777544709e+00 -6.995150870114430930e+00
-1.554154513545971339e+00 -6.940098153765890565e+00
-1.589196535490685180e+00 -6.893227338337847954e+00
-1.651554229911724070e+00 -6.889984947318376740e+00
-1.713911924332761849e+00 -6.886742556298901086e+00
-1.776169755610989442e+00 -6.882240315344581028e+00
-1.838229215764219271e+00 -6.875339695189819800e+00
-1.876143150057486997e+00 -6.832051193039443859e+00
-1.905027039632026575e+00 -6.776691315184841358e+00
-1.932997999972888348e+00 -6.720900806798517202e+00
-1.956977498131457383e+00 -6.663246849249240711e+00
-1.965509625252007675e+00 -6.601997886482922517e+00
-1.974303347917902851e+00 -6.543718361055404387e+00
-1.997360483053250979e+00 -6.536618470911985668e+00
-2.017133935292421132e+00 -6.530529711929997205e+00
-2.036907387531591507e+00 -6.524440952948007855e+00
-2.056680839770760549e+00 -6.518352193966019392e+00
-2.076454292009930924e+00 -6.512263434984030930e+00
-2.096227744249101743e+00 -6.506174676002045132e+00
-2.116001196488272118e+00 -6.500085917020057558e+00
-2.134127039404782433e+00 -6.490300527392158791e+00
-2.151737099607762715e+00 -6.479440132415784426e+00
-2.169347159810742109e+00 -6.468579737439406507e+00
-2.186957220013723724e+00 -6.457719342463033030e+00
-2.204567280216703562e+00 -6.446858947486656000e+00
-2.222177340419682956e+00 -6.435998552510278969e+00
-2.239677583326437738e+00 -6.424976199040005831e+00
-2.254278074303153190e+00 -6.410398036286835577e+00
-2.268353217673166888e+00 -6.395233843643996607e+00
-2.282428361043179255e+00 -6.380069651001161191e+00
-2.296503504413193397e+00 -6.364905458358323997e+00
-2.310578647783205319e+00 -6.349741265715486804e+00
-2.367220535329714881e+00 -6.347151363784258926e+00
-2.420969429310092735e+00 -6.353530018670111801e+00
-2.461597360442306037e+00 -6.318797321371166120e+00
-2.501305784260328569e+00 -6.281942764999280726e+00
-2.541014208078350656e+00 -6.245088208627396220e+00
-2.577007661454413068e+00 -6.205739215867965619e+00
-2.594320645500433731e+00 -6.154404258666242633e+00
-2.611633629546453506e+00 -6.103069301464524088e+00
-2.654636803738173789e+00 -6.081988047218851001e+00
-2.708319094128599946e+00 -6.074692230203729615e+00
-2.761961091067315799e+00 -6.067138262357683054e+00
-2.815122201978362160e+00 -6.056702097631909254e+00
-2.859662076841703815e+00 -6.035915094807076109e+00
-2.875677079903497191e+00 -5.984160511199331900e+00
-2.891692082965293231e+00 -5.932405927591590356e+00
-2.907707086027088383e+00 -5.880651343983845258e+00
-2.923722089088883980e+00 -5.828896760376103714e+00
-2.929678889259395014e+00 -5.775449024043315838e+00
-2.931463854667422542e+00 -5.721302637774496880e+00
-2.944948878480372567e+00 -5.688356231559244414e+00
-2.973724176111425699e+00 -5.675990218382683139e+00
-3.008475185597152102e+00 -5.686837999201300953e+00
-3.043226195082878505e+00 -5.697685780019924984e+00
-3.077977204568603131e+00 -5.708533560838543686e+00
-3.112728214054330866e+00 -5.719381341657166828e+00
-3.147479223540055493e+00 -5.730229122475785530e+00
-3.182579503070861016e+00 -5.739036278391768775e+00
-3.218883511681048137e+00 -5.736329625884099670e+00
-3.255187520291237480e+00 -5.733622973376432341e+00
-3.291491528901425934e+00 -5.730916320868763236e+00
-3.327795537511614832e+00 -5.728209668361093243e+00
-3.364099546121800621e+00 -5.725503015853422362e+00
-3.396212671266416017e+00 -5.713255100375042694e+00
-3.421205478346042383e+00 -5.686784992644880354e+00
-3.446198285425667418e+00 -5.660314884914717126e+00
-3.471191092505296005e+00 -5.633844777184553898e+00
-3.496183899584923260e+00 -5.607374669454390670e+00
-3.521176706664549183e+00 -5.580904561724227442e+00
-3.590798012890023649e+00 -5.490177954164094487e+00
-3.662729854719925626e+00 -5.392551604106614604e+00
-3.698977446179161799e+00 -5.281765614993288338e+00
-3.707525335065314120e+00 -5.160813380206369594e+00
-3.765747526922482713e+00 -5.069682455000947385e+00
-3.871182412535551620e+00 -5.009792018442109196e+00
-3.921857110884225506e+00 -4.911938266952760479e+00
-3.894791234475703412e+00 -4.793732799952174162e+00
-3.867521169673800330e+00 -4.675575811695145134e+00
-3.838248779198257132e+00 -4.557897346161152718e+00
-3.789536374549907105e+00 -4.447590223433759427e+00
-3.905222649435109883e+00 -4.411233932399426294e+00
-4.009525630617169156e+00 -4.351118624422944947e+00
-4.111802459390258235e+00 -4.286111942286973786e+00
-4.138976604575277385e+00 -4.203199907189430817e+00
-4.080123217495169818e+00 -4.097174566238377835e+00
-4.021242290737026437e+00 -3.991164617957682292e+00
-3.961452223909961212e+00 -3.885664655856253535e+00
-3.928092120940259058e+00 -3.770296202654958240e+00
-4.026163753987789029e+00 -3.736277061442029090e+00
-4.139855792451902161e+00 -3.757589252034288396e+00
-4.240004351252502524e+00 -3.820792372569852269e+00
-4.333351635418901893e+00 -3.895463414275933456e+00
-4.431077532428859378e+00 -3.962396018301930223e+00
-4.521836184539175463e+00 -3.941515043183090761e+00
-4.580259763278704987e+00 -3.837226187699969149e+00
-4.599312704364547422e+00 -3.723700920764840383e+00
-4.659454558086852494e+00 -3.692454432183207125e+00
-4.774253039927778275e+00 -3.714947298952721244e+00
-4.893207625097478974e+00 -3.703145324634052660e+00
-4.973656276079332805e+00 -3.619522590752032531e+00
-5.078024908128827342e+00 -3.608993745062329506e+00
-5.195772442967394156e+00 -3.615957334094963560e+00
-5.314549437873997917e+00 -3.602484939665211439e+00
-5.433326432780600790e+00 -3.589012545235459317e+00
-5.539618232560811428e+00 -3.535941095143045221e+00
-5.641636018474597947e+00 -3.475184184044671554e+00
-5.704276725599678244e+00 -3.373372486575355378e+00
-5.735650812422735889e+00 -3.317314452568276284e+00
-5.762542046673132745e+00 -3.267127408654546095e+00
-5.764709322337114195e+00 -3.212512152740103488e+00
-5.756410821661638089e+00 -3.156182651208069068e+00
-5.748112320986161983e+00 -3.099853149676034647e+00
-5.738136787019876728e+00 -3.043809805121235890e+00
-5.727168623398142699e+00 -2.987938728139710953e+00
-5.716200459776408671e+00 -2.932067651158187793e+00
-5.706762810959071786e+00 -2.875947100820641644e+00
-5.699536178539709397e+00 -2.819470082129992505e+00
-5.705042867909940973e+00 -2.769917429933962616e+00
-5.757204282390811834e+00 -2.747090588372691045e+00
-5.809365696871680917e+00 -2.724263746811422582e+00
-5.832214818235686771e+00 -2.682861511100516516e+00
-5.827849128732859540e+00 -2.626091636946408236e+00
-5.823147522702549317e+00 -2.569367547205733793e+00
-5.807926937260338818e+00 -2.514502151598804858e+00
-5.790453534231453148e+00 -2.460618097798507264e+00
-5.757348679222390686e+00 -2.414293736700512838e+00
-5.744620076000105158e+00 -2.396482318653801791e+00
-5.741166645832518789e+00 -2.384067641216581546e+00
-5.757665047554175963e+00 -2.382692060440370962e+00
-5.774163449275834914e+00 -2.381316479664162156e+00
-5.790661850997492088e+00 -2.379940898887950684e+00
-5.807160252719148374e+00 -2.378565318111740545e+00
-5.823658654440805549e+00 -2.377189737335530850e+00
-5.840157056162464499e+00 -2.375814156559320267e+00
-5.856655457884121674e+00 -2.374438575783109684e+00
-5.873153859605777960e+00 -2.373062995006900877e+00
-5.888311979980437094e+00 -2.368474257144178363e+00
-5.896604691239415885e+00 -2.354161157779620872e+00
-5.904834475535842842e+00 -2.339795917361327415e+00
-5.913064259832270686e+00 -2.325430676943035291e+00
-5.921294044128696754e+00 -2.311065436524741834e+00
-5.929523828425124599e+00 -2.296700196106448821e+00
-5.937753612721548890e+00 -2.282334955688154920e+00
-5.945983397017975847e+00 -2.267969715269862796e+00
-5.954213181314402803e+00 -2.253604474851569339e+00
-5.966554479984099046e+00 -2.205878160516875131e+00
-5.962476489673647961e+00 -2.161072304681836087e+00
-5.958398499363196876e+00 -2.116266448846797044e+00
-5.954320509052744015e+00 -2.071460593011758000e+00
-5.950242518742292042e+00 -2.026654737176718957e+00
-5.944054164378361982e+00 -1.982476783975779977e+00
-5.920867261404652027e+00 -1.943922467160319023e+00
-5.897634756176954873e+00 -1.905393965724013983e+00
-5.874402250949255055e+00 -1.866865464287708720e+00
-5.851169745721556126e+00 -1.828336962851401459e+00
-5.815986832030559661e+00 -1.801495712069132615e+00
-5.777489488004717622e+00 -1.778211613953930348e+00
-5.743080140951724921e+00 -1.753429976602782325e+00
-5.778434100048923661e+00 -1.725750840138155606e+00
-5.814045682577934748e+00 -1.698255205723544048e+00
-5.849657265106945836e+00 -1.670759571308933822e+00
-5.867132072549185118e+00 -1.630951654180967880e+00
-5.849385681085711219e+00 -1.600820510548870201e+00
-5.807844492317713936e+00 -1.583542653105771469e+00
-5.794385181959921027e+00 -1.583815077740103661e+00
-5.793171009367957147e+00 -1.571247879533299141e+00
-5.804076548043643591e+00 -1.557019772252241419e+00
-5.814982086719328258e+00 -1.542791664971184140e+00
-5.825887625395013814e+00 -1.528563557690126196e+00
-5.836793164070701145e+00 -1.514335450409068695e+00
-5.847698702746386701e+00 -1.500107343128010751e+00
-5.858604241422073144e+00 -1.485879235846955027e+00
-5.869509780097757812e+00 -1.471651128565897526e+00
-5.880415318773443367e+00 -1.457423021284840026e+00
-5.891320857449129811e+00 -1.443194914003782303e+00
-5.902230967888514535e+00 -1.428970737735589580e+00
-5.915783474476872250e+00 -1.417304589484338795e+00
-5.929973087186525937e+00 -1.406349010916402964e+00
-5.944162699896177848e+00 -1.395393432348466467e+00
-5.958352312605829759e+00 -1.384437853780529082e+00
-5.972541925315481670e+00 -1.373482275212591475e+00
-5.986731538025132693e+00 -1.362526696644655422e+00
-6.000921150734786380e+00 -1.351571118076718037e+00
-5.983611286312211064e+00 -1.268686658609962548e+00
-5.955484478928743997e+00 -1.177947738352324025e+00
-5.915142706743661272e+00 -1.093626663564895685e+00
-5.855532914948573975e+00 -1.019658145496362467e+00
-5.789397810839652436e+00 -9.520388184800077092e-01
-5.757495734836918899e+00 -8.801553712969107934e-01
-5.791383173025644204e+00 -7.914067911611463169e-01
-5.740614702341034992e+00 -7.307775938342844224e-01
-5.659434916046727437e+00 -6.814368273189616021e-01
-5.578224181517914992e+00 -6.321517660768465330e-01
-5.496676814703360670e+00 -5.875809847589814616e-01
-5.558715617271055898e+00 -5.158677870228838280e-01
-5.621288546369330952e+00 -4.443884369476960305e-01
-5.658525245095403555e+00 -3.599727090666149376e-01
-5.653164016291231775e+00 -2.752200620063832703e-01
-5.579120949716071642e+00 -2.157028944388993397e-01
-5.503634725170286401e+00 -1.587020875572338063e-01
-5.414284831546457788e+00 -1.264334425202995327e-01
-5.330794370461831022e+00 -8.258857504761607515e-02
-5.309255831631007894e+00 -6.414759159955996104e-02
-5.334262990927633119e+00 -4.377004673045115091e-02
-5.359436136284649876e+00 -2.348349790208570376e-02
-5.384609281641666634e+00 -3.196949073717592071e-03
-5.409782426998683391e+00 1.708959975464785508e-02
-5.434955572355698372e+00 3.737614858301485654e-02
-5.461094314105516823e+00 5.636177129197506019e-02
-5.487941863524805619e+00 7.437400049077003139e-02
-5.514789412944097080e+00 9.238622968956544668e-02
-5.541636962363387653e+00 1.103984588883617501e-01
-5.568484511782676449e+00 1.284106880871569434e-01
-5.595332061201967910e+00 1.464229172859519146e-01
-5.622179610621257595e+00 1.644351464847468858e-01
-5.649027160040548168e+00 1.824473756835420790e-01
-5.675843855272214356e+00 2.005046636559602025e-01
-5.700131359461778402e+00 2.218049672293069818e-01
-5.724130673069989683e+00 2.434674753219989718e-01
-5.748129986678199188e+00 2.651299834146905177e-01
-5.772129300286409581e+00 2.867924915073825076e-01
-5.703104542083508477e+00 4.272990480892624454e-01
-5.612696255972436710e+00 5.657580681593796790e-01
-5.497543671584262270e+00 6.817536890299134011e-01
-5.368412553998415326e+00 7.850479914252965763e-01
-5.208983975303850933e+00 8.240267397588283416e-01
-5.256497925516373293e+00 9.590905288319633293e-01
-5.284193487739568873e+00 1.099373755464132074e+00
-5.131986019900828033e+00 1.164006913908049778e+00
-4.976791636110948325e+00 1.218686101756427664e+00
-4.813907596060681193e+00 1.247205357237964218e+00
-4.652476360279664824e+00 1.282943946035593363e+00
-4.746580411157492740e+00 1.379112599950909956e+00
-4.819879793393634593e+00 1.527258691250454881e+00
-4.745244379287958836e+00 1.636045402308927255e+00
-4.601961821489642723e+00 1.718596399075111414e+00
-4.446776247223145795e+00 1.738299922261813180e+00
-4.339320982617022260e+00 1.751117655143997975e+00
-4.307467873408167947e+00 1.855743060533789901e+00
-4.150056400240063503e+00 1.904847036438991115e+00
-4.139037493737342643e+00 1.929761570190299036e+00
-4.155501277711823427e+00 1.961896828381003210e+00
-4.171965061686303322e+00 1.994032086571706053e+00
-4.188428845660784106e+00 2.026167344762408895e+00
-4.204892629635265777e+00 2.058302602953113070e+00
-4.221356413609747449e+00 2.090437861143815468e+00
-4.237820197584226456e+00 2.122573119334519198e+00
-4.254283981558708128e+00 2.154708377525222929e+00
-4.270747765533188911e+00 2.186843635715926659e+00
-4.287211549507668806e+00 2.218978893906629946e+00
-4.292750640964378306e+00 2.254575514409371539e+00
-4.297356303532845700e+00 2.290387787082952098e+00
-4.301961966101315760e+00 2.326200059756533545e+00
-4.306567628669786707e+00 2.362012332430115435e+00
-4.311173291238254990e+00 2.397824605103696882e+00
-4.315778953806723273e+00 2.433636877777276109e+00
-4.313211376772878580e+00 2.468422127185220472e+00
-4.297870265389200028e+00 2.501108229786405346e+00
-4.282529154005523253e+00 2.533794332387588444e+00
-4.263482728653492870e+00 2.608373921307440391e+00
-4.244834539109302973e+00 2.675172471639019722e+00
-4.204250043883449806e+00 2.732419421086680789e+00
-4.163665548657596638e+00 2.789666370534342299e+00
-4.116826240631041856e+00 2.841452808886600678e+00
-4.065551376190072119e+00 2.889361083227896643e+00
-4.014246837884079433e+00 2.937237093494487361e+00
-3.948286441217411458e+00 2.960240821139965561e+00
-3.881527767796484341e+00 2.981864743006228835e+00
-3.847691773413069782e+00 3.028346002241766755e+00
-3.846171860982469770e+00 3.098503000039589672e+00
-3.844651948551869314e+00 3.168659997837413478e+00
-3.800697284497683626e+00 3.216275745775105221e+00
-3.742447935622456701e+00 3.255407929836469982e+00
-3.679984650535613522e+00 3.284854645418684882e+00
-3.611368159539955602e+00 3.299554701107137333e+00
-3.542751668544302124e+00 3.314254756795589785e+00
-3.478235592260567000e+00 3.296912500669519019e+00
-3.415740066269743469e+00 3.264996615832486349e+00
-3.410036466974726732e+00 3.284564787149241383e+00
-3.406439631084291264e+00 3.308299237392725800e+00
-3.402842795193853132e+00 3.332033687636210217e+00
-3.399245959303416775e+00 3.355768137879695523e+00
-3.395649123412980863e+00 3.379502588123180828e+00
-3.392052287522543619e+00 3.403237038366663469e+00
-3.388455451632107263e+00 3.426971488610148775e+00
-3.384858321081114063e+00 3.450705894048257782e+00
-3.381223608492253341e+00 3.474434571817329953e+00
-3.377583867864698774e+00 3.498162480383979478e+00
-3.373944127237142432e+00 3.521890388950629003e+00
-3.370304386609585645e+00 3.545618297517278528e+00
-3.366664645982028858e+00 3.569346206083928053e+00
-3.363024905354472072e+00 3.593074114650579354e+00
-3.359385164726916617e+00 3.616802023217227990e+00
-3.355745424099360719e+00 3.640529931783879292e+00
-3.348452015613857302e+00 3.663202238455066428e+00
-3.338253238962612279e+00 3.684933467403313401e+00
-3.328054462311365924e+00 3.706664696351563038e+00
-3.290347907066607736e+00 3.720996087445629819e+00
-3.252163495430314466e+00 3.729477031937374676e+00
-3.213979083794020308e+00 3.737957976429117757e+00
-3.175794672157726595e+00 3.746438920920863502e+00
-3.137610260521432881e+00 3.754919865412607471e+00
-3.099425848885139612e+00 3.763400809904352329e+00
-3.061241437248845898e+00 3.771881754396097186e+00
-3.022778628999957196e+00 3.773664132662066351e+00
-2.984105211376163247e+00 3.767803886867087115e+00
-2.945431793752368410e+00 3.761943641072108768e+00
-2.906758376128574017e+00 3.756083395277130421e+00
-2.868084958504779625e+00 3.750223149482152074e+00
-2.832217093547639841e+00 3.736345635285586830e+00
-2.798605354218258956e+00 3.716339968819913686e+00
-2.764993614888880291e+00 3.696334302354238766e+00
-2.732915074666147692e+00 3.674170997697919105e+00
-2.703155938569298478e+00 3.648786562895245389e+00
-2.673396802472451927e+00 3.623402128092569008e+00
-2.643637666375603157e+00 3.598017693289893515e+00
-2.623453785485807987e+00 3.631727646537195930e+00
-2.616640005741611041e+00 3.695102168430021372e+00
-2.609826225997414095e+00 3.758476690322846814e+00
-2.601905996069517446e+00 3.821718813368582879e+00
-2.593552526831590210e+00 3.884908821844904381e+00
-2.549317098755153221e+00 3.909271484766925653e+00
-2.485583267855392187e+00 3.910141207933993890e+00
-2.422514784308114066e+00 3.907673674992292234e+00
-2.366134797889168251e+00 3.877940616775116034e+00
-2.309754811470222435e+00 3.848207558557937169e+00
-2.253726500277387412e+00 3.817830866419136271e+00
-2.198272636662099266e+00 3.786404338935438929e+00
-2.157100305021141029e+00 3.784816766347367967e+00
-2.147331947159135002e+00 3.847803564997771097e+00
-2.137563589297131195e+00 3.910790363648174228e+00
-2.125740621438284794e+00 3.973069731110900449e+00
-2.078390236249507694e+00 4.015739376551435313e+00
-2.031039874773855836e+00 4.058409048306245381e+00
-1.983689745601755039e+00 4.101078977846051465e+00
-1.913039041935456819e+00 4.098350468937822733e+00
-1.848126876934675256e+00 4.085607431122298294e+00
-1.783214711933893248e+00 4.072864393306775632e+00
-1.728874568981276116e+00 4.038956340369522557e+00
-1.680189678274341736e+00 3.994170677544121695e+00
-1.631504787567408021e+00 3.949385014718720832e+00
-1.582819896860473197e+00 3.904599351893320858e+00
-1.533955953030032848e+00 3.860015595241375941e+00
-1.483071720015494588e+00 3.817745404700300327e+00
-1.440220067775286994e+00 3.827698224268528016e+00
-1.407604363345140497e+00 3.885249853284412858e+00
-1.363399900564113310e+00 3.923245236004028413e+00
-1.298045980424026968e+00 3.913006129588925575e+00
-1.232692060283940405e+00 3.902767023173820959e+00
-1.167360754048450522e+00 3.892393075470103270e+00
-1.127044167244616757e+00 3.840012482118627446e+00
-1.086801944631856420e+00 3.787509742218296616e+00
-1.045970392012435690e+00 3.735490346400742290e+00
-1.001686187853904064e+00 3.686348882850070119e+00
-9.919911461036788891e-01 3.704319833601321221e+00
-9.865337636749392791e-01 3.732119367261589993e+00
-9.810763812461996691e-01 3.759918900921859652e+00
-9.756189988174602812e-01 3.787718434582128424e+00
-9.701616163887204491e-01 3.815517968242397195e+00
-9.647042339599808392e-01 3.843317501902667743e+00
-9.543938079950823328e-01 3.868909520973817351e+00
-9.362908885555345506e-01 3.890701294707665348e+00
-9.181879691159866574e-01 3.912493068441510680e+00
-9.000850496764388753e-01 3.934284842175358676e+00
-8.819821302368890947e-01 3.956076615909204897e+00
-8.638792107973416456e-01 3.977868389643052893e+00
-8.457762913577935304e-01 3.999660163376899114e+00
-8.272956103509749859e-01 4.021084572486889108e+00
-8.040300744677884026e-01 4.037208286109069455e+00
-7.805138835798971497e-01 4.053006572751179704e+00
-7.569976926920075622e-01 4.068804859393289064e+00
-7.334815018041179746e-01 4.084603146035400201e+00
-7.095530050087174301e-01 4.099691308382885424e+00
-4.339820294481964713e-01 4.013983697502766290e+00
-2.335737879796764560e-01 3.815160440217683302e+00
-3.522428417390545408e-02 3.680995182054386916e+00
9.867584465368388347e-02 3.488671888905250817e+00
2.484940153007490771e-01 3.401351615928218663e+00
4.006722269847681761e-01 3.221438046437586245e+00
4.095046693425901663e-01 2.937416076713054380e+00
4.371804373054510306e-01 2.676112758108556644e+00
6.781298850592625271e-01 2.665256735988433601e+00
6.201702109143896191e-01 2.398800867076752663e+00
4.851485311669840317e-01 2.148278681712330052e+00
3.408238361390781290e-01 1.903119287025242024e+00
2.032358947770931401e-01 1.654469965375652052e+00
8.686556535545596203e-02 1.395170888783344054e+00
3.991354731110601656e-03 1.122900432855477248e+00
-5.753443271550882920e-02 8.450254693824632568e-01
-8.097778490766409376e-02 5.621168406752943270e-01
-5.242167960755875211e-02 2.796737135482092462e-01
-7.981368849849482250e-02 -6.082295685694294463e-04
