7.838764659722466388e-02 1.008109853999039629e-02
4.820958339824062411e-01 5.420971781377115217e-01
2.551840780536734909e-01 4.056866863925012723e+00
5.419771206186293488e-01 5.876482165668925894e-01
1.225607886621733478e+00 1.313040100109607256e+00
2.119936225630529858e+00 4.473981824954030628e+00
1.303882476132831369e+00 1.354980312215487093e+00
2.237571715565341179e+00 2.056752248614099887e+00
3.408557978560140977e+00 4.259214196847545431e+00
2.315846305076438849e+00 2.098692460719978392e+00
5.003249532319751225e+00 3.430398997482729584e+00
1.584311303134315618e-01 -1.011431562253044536e-01
1.075915170680629140e+00 -3.576649014384354341e-01
6.777752023113123414e+00 2.740265756896331784e-01
1.161863641182849793e+00 -4.063745378463714530e-01
2.424910457764027694e+00 -1.010899295562413425e+00
6.784987676625648056e+00 -1.764956692527427595e+00
2.488854799068077384e+00 -1.074391408521930158e+00
3.576659981666817867e+00 -2.020189773611857476e+00
6.718457023206467760e+00 -3.044474841519217101e+00
3.634586279098707795e+00 -2.114337391362834495e+00
5.933577044324893635e+00 -4.934323678792871704e+00
1.024998412589048502e-01 -2.238782324772766730e-01
-6.506091129944294171e-02 -1.693686625348383323e+00
3.332042249237735732e+00 -5.601577151597362914e+00
-7.698394195762739423e-02 -1.786856748497194669e+00
-1.871436633417171980e-01 -3.548098541472919365e+00
1.621924310651777335e+00 -6.431091694777874679e+00
-2.089216783676220435e-01 -3.626599245156282958e+00
-1.969116089304054074e-01 -5.284476759357077391e+00
9.051908031353164130e-01 -6.806146386181916697e+00
-1.868305103904186470e-01 -5.362864405954307578e+00
-2.056542239373725101e-02 -6.980982811425820778e+00
-2.617203877504871157e-01 -5.322693088053527255e+00
-1.193520675458799918e+00 -7.247373541872602409e+00
-2.705978775160420846e-01 -5.238174340498003900e+00
-2.769290743394994814e-01 -3.454063980808076195e+00
-2.315479132086163183e+00 -6.345809549351284495e+00
-2.771551885117659597e-01 -3.390345753676292873e+00
-1.909545855301780226e-01 -1.783585093432298763e+00
-3.536173527389962601e+00 -5.590414485226807173e+00
-1.729004539137016239e-01 -1.691618579057919458e+00
-4.453352465396911986e-02 -2.268507354568062295e-01
-5.710507245899912654e+00 -3.367964417471452254e+00
-3.793740788110156803e+00 -2.069626755567354870e+00
-5.962002442708982386e+00 -2.248872407170452004e+00
-3.733859501473935527e+00 -2.024075717138181574e+00
-2.569183434003694977e+00 -1.151158220165026336e+00
-6.021551558519769642e+00 -1.352115849313894280e+00
-2.509302147367472813e+00 -1.105607181735852818e+00
-1.375580736774058010e+00 -4.876756503759634986e-01
-5.782299545753149417e+00 2.882728187010887844e-01
-1.294898929714097147e+00 -4.334732363535012123e-01
-1.405630936961765054e-01 -9.975345245163924623e-02
-4.276962175945688394e+00 2.539710536687770137e+00
-2.168800921722384256e+00 1.699238440010070406e+00
-3.325371881155868348e+00 3.721889451209753119e+00
-2.081761899531865190e+00 1.688519018126317661e+00
-1.262787683668838534e+00 1.222110117384562322e+00
-1.976383594505435104e+00 4.106539994069182242e+00
-1.189214472169334735e+00 1.207666812091380937e+00
-4.700667466710445330e-01 5.570987684285999553e-01
-7.056298781930674391e-01 4.092668974639631863e+00
-4.073260141414266622e-01 4.874755545107911647e-01
-7.838764659722466388e-02 -1.008109853999017425e-02
7.017039154937214640e-01 3.574431858684210539e+00
2.399260500077730729e+00 4.145349609928162593e+00
3.505378947205279871e+00 3.909103118881136041e+00
4.751994450548879811e+00 2.410002906685135393e+00
6.247810990238819251e+00 -2.523106312943433904e-01
6.413211640719467255e+00 -1.972137478421822188e+00
6.238841444686029192e+00 -3.249587581123148272e+00
2.627024676081327836e+00 -3.062670031953690586e+00
2.647467007372533487e+00 -5.715514776429846400e+00
1.276514610696963592e+00 -6.471529146023955903e+00
7.009094823073509506e-01 -6.906125952805818535e+00
-7.734472123161838519e-01 -7.183389181395520851e+00
-1.979019959810003559e+00 -6.545575587166888809e+00
-2.942660343210073748e+00 -5.713295637304979024e+00
-3.934782128457972483e+00 -3.761132277539137814e+00
-5.751889173008090772e+00 -2.411100458806406444e+00
-5.790298597136740000e+00 -1.601269866054234381e+00
-5.315318359147761740e+00 -8.993347024874909224e-02
-4.141133479001165796e+00 1.901776884940039825e+00
-3.409511438279958728e+00 3.260853270563424999e+00
-2.636281356278304955e+00 3.599347470389980153e+00
-1.003154360082944452e+00 3.679890202056706805e+00
