7.838764659723657102e-02 1.008109853998329086e-02
1.005746773096279356e-01 3.619411167877117919e-02
1.271622364707226394e-01 5.834518511935771201e-02
1.537497956318169823e-01 8.049625855994224644e-02
1.803373547929116860e-01 1.026473320005283352e-01
2.066089553493398456e-01 1.251669390052954078e-01
2.263202662028405976e-01 1.535346344026187193e-01
2.456416272546592394e-01 1.822444474256983415e-01
2.649629883064781866e-01 2.109542604487788520e-01
2.842843493582967174e-01 2.396640734718575860e-01
3.036057104101139159e-01 2.683738864949367642e-01
3.229270714619325577e-01 2.970836995180161644e-01
3.422484325137499783e-01 3.257935125410966748e-01
3.615697935655686757e-01 3.545033255641760750e-01
3.808911546173858187e-01 3.832131385872554752e-01
3.999748885628426343e-01 4.120798093773454518e-01
4.176804925913381594e-01 4.418102879968377472e-01
4.352686936321332190e-01 4.716133673824218775e-01
4.528568946729298328e-01 5.014164467680073400e-01
4.230623251407641394e-01 7.180382002010059495e-01
3.709256756301115843e-01 8.969901699267897044e-01
3.198087659710659447e-01 1.076211644410042911e+00
2.803325639732006658e-01 1.258375491445502092e+00
2.408563619753355256e-01 1.440539338480960829e+00
2.305448212763615279e-01 1.625247276768528870e+00
2.398032224565863901e-01 1.811409355878428773e+00
2.490616236368101977e-01 1.997571434988328676e+00
2.547409059760545325e-01 2.183869579127793337e+00
2.595195624595498796e-01 2.370200473327193968e+00
2.642982189430466144e-01 2.556531367526593712e+00
2.690768754265432383e-01 2.742862261725992123e+00
2.738096864004845865e-01 2.929193081964950096e+00
2.673355267772458688e-01 3.115472418502444718e+00
2.607411190018276148e-01 3.301747890524464601e+00
2.479197304859759587e-01 3.487403925134160865e+00
2.153778040637252533e-01 3.670933379761103232e+00
2.298575578742886594e-01 3.854869019471013125e+00
2.495570124123926148e-01 4.039824498252477802e+00
2.823052164061509162e-01 3.881477253587896747e+00
2.634895450037770259e-01 3.700233177893531789e+00
2.904745707630053131e-01 3.518141931172004355e+00
3.049345367717676281e-01 3.334735094720538306e+00
3.158310603892138246e-01 3.150977973713266600e+00
3.254887771697241305e-01 2.967187782862342971e+00
3.181534632387867934e-01 2.783254214686774919e+00
3.108102571634839828e-01 2.599320827091260888e+00
3.048984792957200041e-01 2.415343098368347263e+00
3.010358881992880598e-01 2.231303716338716825e+00
2.971732971028560044e-01 2.047264334309086387e+00
2.925766763786821212e-01 1.863243073169352559e+00
2.872942058020283573e-01 1.679238971985621554e+00
2.957151279478641426e-01 1.495673233526459978e+00
3.290489265803390739e-01 1.314969787591066197e+00
3.708370120504029255e-01 1.135695780382621756e+00
4.126250975204672211e-01 9.564217731741804229e-01
4.592719610407799968e-01 7.783840100274550533e-01
5.247401679631816807e-01 6.073256070414105867e-01
5.732309740297144574e-01 6.276025157146787326e-01
6.081422505994071859e-01 6.652925553275146342e-01
6.430535271690998034e-01 7.029825949403492036e-01
6.779648037387927539e-01 7.406726345531853273e-01
7.128760803084867037e-01 7.783626741660194526e-01
7.477873568781792102e-01 8.160527137788542440e-01
7.826986334478720497e-01 8.537427533916899236e-01
8.176099100175645562e-01 8.914327930045251591e-01
8.525211865872570627e-01 9.291228326173595065e-01
8.874324631569513455e-01 9.668128722301947420e-01
9.223437397266438520e-01 1.004502911843029977e+00
9.572550162963365805e-01 1.042192951455866101e+00
9.923663644973026443e-01 1.079694752153555370e+00
1.028897345877992864e+00 1.115817095891279198e+00
1.065428327258683305e+00 1.151939439629002582e+00
1.101959308639373969e+00 1.188061783366727742e+00
1.138490290020065521e+00 1.224184127104450681e+00
1.174285120572116314e+00 1.261006559353819334e+00
1.207417931027945812e+00 1.300269177568104340e+00
1.236430690419850542e+00 1.485980624729716038e+00
1.235813970409917140e+00 1.659699680700583713e+00
1.245221280312566403e+00 1.832638168333491357e+00
1.273804240570295843e+00 2.003990743843417466e+00
1.302387200828025726e+00 2.175343319353344018e+00
1.330970161085756720e+00 2.346695894863271015e+00
1.364361913011093552e+00 2.517176269376563358e+00
1.397826525007707765e+00 2.687642719139841763e+00
1.462473867110185788e+00 2.848327087997764018e+00
1.533580039879690826e+00 3.006828201385189026e+00
1.604686212649194310e+00 3.165329314772614033e+00
1.679368661961851084e+00 3.322113547144041945e+00
1.758768922008885571e+00 3.476626619262368934e+00
1.838169182055922501e+00 3.631139691380694146e+00
1.901782130846582097e+00 3.792649019823016943e+00
1.962277257526732654e+00 3.955495666699557766e+00
2.012625517072441195e+00 4.121372179203666164e+00
2.050810108787192831e+00 4.290843792480222518e+00
2.110631069657760150e+00 4.453429830468970785e+00
2.107285523797134630e+00 4.319934181133236351e+00
2.063714029713653808e+00 4.152361074267096441e+00
2.018267001401496064e+00 3.985295045980016937e+00
1.971291438930006468e+00 3.818644160078007666e+00
1.902471871162216832e+00 3.660209399022148702e+00
1.826977750962734737e+00 3.504389441838407393e+00
1.750829830557898426e+00 3.348888127217206190e+00
1.674588222541945504e+00 3.193432543693875303e+00
1.602390452987597858e+00 3.036069305714939937e+00
1.531008980960114840e+00 2.878322969172288914e+00
1.463540007594443804e+00 2.718972412891232260e+00
1.424688688827830507e+00 2.550815358164931990e+00
1.395293627576567941e+00 2.380183732680463571e+00
1.363486675009877303e+00 2.209995350689527349e+00
1.330132840456778709e+00 2.040093193663662596e+00
1.302622764539000277e+00 1.869355932162117817e+00
1.288775908526951675e+00 1.696765417301019152e+00
1.282180618873759004e+00 1.523834272571305881e+00
1.293995038460628022e+00 1.352293302978199829e+00
1.353751288613871839e+00 1.389936252583506171e+00
1.402351149832335109e+00 1.426777490697838768e+00
1.450951011050797712e+00 1.463618728812169589e+00
1.499550872269260982e+00 1.500459966926500854e+00
1.548150733487723807e+00 1.537301205040832563e+00
1.596750594706185522e+00 1.574142443155165161e+00
1.644819893415568224e+00 1.611663067935435567e+00
1.692155550313695800e+00 1.650115101981418864e+00
1.739491207211823598e+00 1.688567136027400828e+00
1.786826864109951618e+00 1.727019170073385457e+00
1.834162521008079638e+00 1.765471204119368309e+00
1.881498177906207880e+00 1.803923238165351606e+00
1.928833834804335678e+00 1.842375272211335790e+00
1.976169491702463255e+00 1.880827306257318199e+00
2.023711490049581396e+00 1.919012113691226595e+00
2.076150992039745180e+00 1.949996025910251785e+00
2.129423456513772184e+00 1.979682182029128157e+00
2.177916143418533235e+00 2.016006014457574658e+00
2.222614533505118395e+00 2.057494293042234190e+00
2.254069965123242980e+00 2.191394859728047706e+00
2.272885222391062499e+00 2.325877162675170418e+00
2.290681335656893580e+00 2.460502314887001329e+00
2.308477448922725550e+00 2.595127467098831797e+00
2.334806890306518223e+00 2.728179344976521481e+00
2.366729740344040156e+00 2.860170120794038873e+00
2.398652590381562977e+00 2.992160896611558485e+00
2.455740764031145940e+00 3.114591486591372416e+00
2.519930767299839225e+00 3.234258845281175354e+00
2.584120770568532954e+00 3.353926203970977404e+00
2.664609867995419101e+00 3.461200209364334590e+00
2.765223639911974729e+00 3.552400550132073676e+00
2.865837411828531689e+00 3.643600890899814537e+00
2.966451183745089093e+00 3.734801231667553623e+00
3.063372430509399447e+00 3.829523809092508557e+00
3.148202798067450736e+00 3.935563622348634993e+00
3.218213960270578600e+00 4.051284847096762398e+00
3.279973302177852101e+00 4.172224571516030878e+00
3.385566200352603694e+00 4.254413235036027530e+00
3.330948585165928399e+00 4.156038963539576692e+00
3.252895471594326793e+00 4.051201755618516920e+00
3.197017213942531022e+00 3.932143057823506815e+00
3.115942762079011441e+00 3.828647774446559460e+00
3.030784163600761527e+00 3.728747410289686037e+00
2.931407880008772171e+00 3.642598077974871451e+00
2.832031596416781927e+00 3.556448745660055977e+00
2.732663796308073767e+00 3.470289992991052230e+00
2.650033567506434373e+00 3.368239293322316641e+00
2.579639702471416385e+00 3.257759408157228975e+00
2.520687951694321693e+00 3.140192217669581787e+00
2.463922824635930375e+00 3.021683072941239168e+00
2.426652017845436049e+00 2.895555200684433395e+00
2.390406730265119073e+00 2.769157327402061330e+00
2.367387219146865895e+00 2.639670201395392102e+00
2.344445577238090994e+00 2.510167173379158623e+00
2.321503935329312540e+00 2.380664145362926032e+00
2.308963435445738455e+00 2.249948834056616498e+00
2.312528646662589171e+00 2.119397754696038749e+00
2.455746971418240054e+00 2.169876886631091129e+00
2.594517389505022198e+00 2.243777681089017317e+00
2.732620028446281157e+00 2.318787540184676921e+00
2.861132131799501543e+00 2.409356673942165461e+00
2.989564141108149276e+00 2.500041707671201596e+00
3.117996150416797008e+00 2.590726741400237731e+00
3.255029011455685239e+00 2.667534849773236072e+00
3.393717357205256580e+00 2.741589553275035840e+00
3.533450865572869581e+00 2.813550495544921759e+00
3.676511370776511800e+00 2.878759760288294167e+00
3.819571875980155795e+00 2.943969025031666575e+00
3.962632381183799346e+00 3.009178289775039872e+00
4.105692886387443785e+00 3.074387554518413168e+00
4.248503805349674423e+00 3.140138002652324900e+00
4.390961440299588681e+00 3.206654005252978834e+00
4.533419075249503827e+00 3.273170007853632768e+00
4.675876710199417197e+00 3.339686010454286702e+00
4.821858362780097274e+00 3.395747645929169778e+00
4.976348612273963745e+00 3.424925020191023961e+00
4.709850953932044781e+00 3.306631553114828925e+00
4.418183682460642636e+00 3.175910050878679947e+00
4.130316906999537352e+00 3.036197266658315463e+00
3.843690042933054052e+00 2.893939399265602397e+00
3.556691257055753841e+00 2.752433377114945401e+00
3.270660526739727292e+00 2.608986214517277968e+00
2.996138187570794642e+00 2.445718577275035610e+00
2.730215865357954019e+00 2.267761217484546954e+00
2.450617522076187882e+00 2.112152468882090073e+00
2.176345884650982665e+00 1.947351710737417196e+00
1.913551044102183907e+00 1.765106027077142592e+00
1.661005355773037095e+00 1.568735700498384400e+00
1.411479611167069992e+00 1.368413044548797419e+00
1.160562747528367744e+00 1.169861180557232316e+00
9.446562294530829185e-01 9.336993632776384722e-01
7.267541413267291084e-01 6.995124292272276723e-01
5.153865741112266807e-01 4.600111232586752141e-01
3.371471113934990660e-01 1.947896800415909180e-01
1.700492962639557626e-01 -7.757622791208418356e-02
1.871067493589403663e-01 -1.270441503152008877e-01
2.359275635085759382e-01 -1.381978903165608230e-01
2.847483776582134807e-01 -1.493516303179178717e-01
3.335691918078508289e-01 -1.605053703192766967e-01
3.823900059574880661e-01 -1.716591103206350777e-01
4.312108201071253033e-01 -1.828128503219936807e-01
4.800316342567629291e-01 -1.939665903233508404e-01
5.288524484064003328e-01 -2.051203303247096654e-01
5.776732625560362377e-01 -2.162740703260680464e-01
6.264940767056736970e-01 -2.274278103274250951e-01
6.752849973035910391e-01 -2.387046034427424690e-01
7.235925158397049639e-01 -2.518970576030548081e-01
7.718216186431759995e-01 -2.653815469528008064e-01
8.200507214466490336e-01 -2.788660363025444733e-01
8.682798242501216235e-01 -2.923505256522905826e-01
9.165089270535941024e-01 -3.058350150020352487e-01
9.647380298570666923e-01 -3.193195043517803589e-01
1.012187498856103263e+00 -3.352137329246911435e-01
1.059073991049930274e+00 -3.528073300557346137e-01
1.318549624509044449e+00 -1.628079909870405739e-01
1.594538307022711265e+00 -2.014431455047493991e-02
1.880669064573741167e+00 1.032723029280289140e-01
2.169746482208904315e+00 2.199409509981455901e-01
2.459741772050111130e+00 3.340691654216907391e-01
2.761026377836387713e+00 4.140995274318666208e-01
3.068721814208228427e+00 4.628894492309931774e-01
3.379467356781746812e+00 4.534366930560562725e-01
3.690625919003114763e+00 4.566715465105148919e-01
4.001788136980020560e+00 4.755268339754821216e-01
4.312950354956925914e+00 4.943821214404471309e-01
4.624512674630451237e+00 5.039355693402318703e-01
4.936161585037082133e+00 5.107756710811186540e-01
5.247894440796993187e+00 5.105029047601630232e-01
5.559627296556906906e+00 5.102301384392080585e-01
5.871218459747662877e+00 5.183523464687023186e-01
6.181005855922477643e+00 4.857481410592543458e-01
6.487183954876867276e+00 4.355882710565384119e-01
6.763405464004796031e+00 2.976143430712303584e-01
6.495211453427229387e+00 3.851129579693699512e-01
6.193092878780177557e+00 4.364648078821420363e-01
5.887389951375747721e+00 4.668116907791999282e-01
5.580133168495816420e+00 4.634959850053821384e-01
5.272866872545223238e+00 4.628052866314749103e-01
4.965594487274186619e+00 4.639909427161361677e-01
4.658493341420018474e+00 4.579188930934563473e-01
4.351620302867680756e+00 4.422133927779900997e-01
4.044822138280519397e+00 4.252146002518630841e-01
3.738194831001463214e+00 4.052792306466033168e-01
3.431420327760061895e+00 3.989240400183160506e-01
3.124471476989839847e+00 4.095024357576881879e-01
2.820666782340179424e+00 3.742191554885365701e-01
2.526575385803525364e+00 2.851799786413655724e-01
2.236236425828696195e+00 1.848069295824523728e-01
1.948352701033613243e+00 7.747669758519948324e-02
1.667442032849132394e+00 -4.604728645088251859e-02
1.396396465812891341e+00 -1.907941120865916940e-01
1.163637301072453889e+00 -3.817370618213948852e-01
1.228604737806649583e+00 -4.352049227958613153e-01
1.293767536890503500e+00 -4.683673580185210295e-01
1.358930335974358972e+00 -5.015297932411822979e-01
1.424093135058213555e+00 -5.346922284638417899e-01
1.489255934142069027e+00 -5.678546636865016151e-01
1.554418733225922722e+00 -6.010170989091626614e-01
1.619581532309778638e+00 -6.341795341318225976e-01
1.684744331393632777e+00 -6.673419693544835329e-01
1.749907130477487360e+00 -7.005044045771433581e-01
1.815069929561344164e+00 -7.336668397998019620e-01
1.880232728645197637e+00 -7.668292750224628973e-01
1.946454560947950441e+00 -7.977966266491051117e-01
2.013067875953318708e+00 -8.279396815429846956e-01
2.079681190958687420e+00 -8.580827364368657229e-01
2.146294505964057908e+00 -8.882257913307440855e-01
2.212907820969425732e+00 -9.183688462246233364e-01
2.279521135974793999e+00 -9.485119011185042526e-01
2.347130567214514407e+00 -9.763239904537401870e-01
2.415052517451920178e+00 -1.003389580605949627e+00
2.658630457057959084e+00 -9.529726443987123208e-01
2.894045636248154363e+00 -9.002926850434869177e-01
3.131378916687544756e+00 -8.582426308957893379e-01
3.370468065534282243e+00 -8.261199969041223001e-01
3.610653401882137015e+00 -8.209879393602489417e-01
3.851480681540206952e+00 -8.350487388863848670e-01
4.091874568345822638e+00 -8.538693727359332186e-01
4.331138196120617678e+00 -8.846654948110079797e-01
4.570401823895415383e+00 -9.154616168860849612e-01
4.809595804413922870e+00 -9.467700223543454863e-01
5.048340325521193606e+00 -9.813610378363961662e-01
5.269169142197835498e+00 -1.072466348826484728e+00
5.484013479216049092e+00 -1.182181414164042765e+00
5.704505174798167211e+00 -1.280050652042445281e+00
5.929973930810742644e+00 -1.364394801656060086e+00
6.161777523557936398e+00 -1.431197339783825573e+00
6.393683480983903600e+00 -1.497643477850491012e+00
6.617648105708949124e+00 -1.580493791246940338e+00
6.777903904035436966e+00 -1.750928663329763157e+00
6.599059442649263474e+00 -1.619046509382438659e+00
6.379066346948052413e+00 -1.541225816600989562e+00
6.151037511383967704e+00 -1.479027900172286580e+00
5.925355028204617902e+00 -1.408693176672870528e+00
5.704576638700914692e+00 -1.325184048739033171e+00
5.489070604242197504e+00 -1.228136496598272176e+00
5.276923878223023223e+00 -1.123861268556892945e+00
5.059048511376169621e+00 -1.035014939515076282e+00
4.826165651663376188e+00 -9.961273544848667783e-01
4.591930850483636917e+00 -9.642900420979270137e-01
4.357454206320636736e+00 -9.344029074992002970e-01
4.122512672639655484e+00 -9.082871594654320369e-01
3.887343288600056290e+00 -8.847844316804647224e-01
3.651380622073829407e+00 -8.706007597450784452e-01
3.415947971798872107e+00 -8.732933032698151354e-01
3.181655023982944641e+00 -9.046998495214773062e-01
2.948261332230655896e+00 -9.412911544020819976e-01
2.717117653178213743e+00 -9.908104049804067337e-01
2.497518229135709422e+00 -1.054024504909440774e+00
2.545667109709134124e+00 -1.123019098482084477e+00
2.601563662813822564e+00 -1.172796131280134713e+00
2.657460215918511892e+00 -1.222573164078183172e+00
2.713356769023201664e+00 -1.272350196876231854e+00
2.769253322127892769e+00 -1.322127229674282312e+00
2.825149875232581209e+00 -1.371904262472330327e+00
2.881046428337268761e+00 -1.421681295270380119e+00
2.936942981441960754e+00 -1.471458328068427690e+00
2.991976291379780939e+00 -1.522175921770138718e+00
3.046280118436818007e+00 -1.573685843242828675e+00
3.100583945493857296e+00 -1.625195764715519076e+00
3.154887772550893033e+00 -1.676705686188211697e+00
3.209191599607930545e+00 -1.728215607660901432e+00
3.264459709928733577e+00 -1.778567250947985290e+00
3.325315613361922384e+00 -1.822141265545608402e+00
3.386211902371027982e+00 -1.865659303507851474e+00
3.447108191380129139e+00 -1.909177341470095435e+00
3.507113211071682279e+00 -1.953828681261189804e+00
3.559014898346191114e+00 -2.007758195455391803e+00
3.753735402730124182e+00 -1.998081424104646731e+00
3.930741160097123821e+00 -1.975318245064408895e+00
4.107837747173643805e+00 -1.995928840921128433e+00
4.284883047942290801e+00 -2.018382391571797108e+00
4.461191052886158026e+00 -2.044946414484900110e+00
4.634376594699722851e+00 -2.088027368139892204e+00
4.805616386957376918e+00 -2.137429783746944700e+00
4.972869064757059476e+00 -2.199685243185599326e+00
5.140121742556744699e+00 -2.261940702624253952e+00
5.307300393024355856e+00 -2.324394278843191497e+00
5.476886164507428489e+00 -2.378370621845775190e+00
5.648753612658122591e+00 -2.420737002778365010e+00
5.785141227254404050e+00 -2.535835304441851346e+00
5.921749818099820928e+00 -2.650671005432200467e+00
6.062227835374230267e+00 -2.758628173677220019e+00
6.232608326517608432e+00 -2.811728914715583727e+00
6.402973201946286608e+00 -2.864879259017796720e+00
6.568638873362540487e+00 -2.931165269593453360e+00
6.707137008100279019e+00 -3.034451130422037402e+00
6.559444426386815685e+00 -2.969626446083986515e+00
6.395980989472339395e+00 -2.906276319107743866e+00
6.227546583791207624e+00 -2.855724154114908764e+00
6.061375111599699217e+00 -2.800118123055805430e+00
5.919327266921295738e+00 -2.696445174680453860e+00
5.778777132834754582e+00 -2.590774422046057346e+00
5.639581391476038874e+00 -2.483302490872302926e+00
5.476328812067237983e+00 -2.422261266948446234e+00
5.308204129707858598e+00 -2.370688390509601007e+00
5.141557764837513922e+00 -2.314676174028091893e+00
4.976152062707007495e+00 -2.254954954136566769e+00
4.810843577930156378e+00 -2.194970584255393486e+00
4.647333982282376041e+00 -2.130238192566863642e+00
4.476942844522704412e+00 -2.088680590242561586e+00
4.304379606859055407e+00 -2.054804353591227262e+00
4.130077349453990188e+00 -2.033575676130864984e+00
3.954705785748150237e+00 -2.020752839282981661e+00
3.779291674537246237e+00 -2.032780817147649799e+00
3.631953015852669608e+00 -2.086780429850724872e+00
3.759201484556975004e+00 -2.259658079484021975e+00
3.883320599216721902e+00 -2.405430462330952146e+00
4.001911606639987795e+00 -2.555712550342573053e+00
4.119619502839301894e+00 -2.706709217183675964e+00
4.237327399038618658e+00 -2.857705884024778875e+00
4.352200039933586950e+00 -3.010860917898262823e+00
4.466403102958840243e+00 -3.164525496186305187e+00
4.586667643560049967e+00 -3.312822326263173967e+00
4.726354755513807682e+00 -3.443528453104226283e+00
4.838604455244206015e+00 -3.598617601037526370e+00
4.950662162652299969e+00 -3.753853590534916851e+00
5.067405947522940046e+00 -3.905365413868086666e+00
5.194492203479919468e+00 -4.048558380775086007e+00
5.321653529335660160e+00 -4.191683790830064815e+00
5.451302120428535680e+00 -4.332560832504627868e+00
5.580990732646484709e+00 -4.473401189241517528e+00
5.710679344864431961e+00 -4.614241545978403636e+00
5.836272357147598733e+00 -4.758720021695949320e+00
5.934431480577206486e+00 -4.919865103963664055e+00
5.662073664703569875e+00 -4.632510491629805216e+00
5.388145938833162951e+00 -4.332079078014338336e+00
5.111922158704981456e+00 -4.033764690449453738e+00
4.854210341378317750e+00 -3.719604182809054027e+00
4.603303557647794086e+00 -3.399695206704753669e+00
4.348798531293312841e+00 -3.082649699662485254e+00
4.099494636675024672e+00 -2.761503983228928316e+00
3.844321740792138620e+00 -2.445033677055991284e+00
3.584507435909236595e+00 -2.132317453576884070e+00
3.281390671878615439e+00 -1.867141058279356169e+00
2.982315499005094406e+00 -1.594269649295762203e+00
2.685562270555126307e+00 -1.317093726356979078e+00
2.374005680299173360e+00 -1.057763440232527330e+00
2.003595562144970366e+00 -8.901499154609302522e-01
1.633185443990767372e+00 -7.225363906893327304e-01
1.279252412614221512e+00 -5.226957929035963568e-01
8.979902546447895428e-01 -3.865109710673504395e-01
5.085202119079247352e-01 -2.702604913022468303e-01
1.178794203877719382e-01 -2.117711156029193909e-01
5.252030363305155991e-02 -2.837634789579461803e-01
4.188959184996300655e-02 -3.610690774814350190e-01
3.349366548909656072e-02 -4.387657891307185087e-01
2.509773912823043060e-02 -5.164625007800003331e-01
1.670181276736535173e-02 -5.941592124292840449e-01
8.305886406497538926e-03 -6.718559240785669795e-01
-9.003995436721035084e-05 -7.495526357278492480e-01
-8.485966315233645779e-03 -8.272493473771325156e-01
-1.688189267610008815e-02 -9.049460590264157833e-01
-2.470237628099071145e-02 -9.826991143802467077e-01
-3.119619625178869649e-02 -1.060577871963787278e+00
-3.769001622258640050e-02 -1.138456629547326626e+00
-4.418383619338437512e-02 -1.216335387130867307e+00
-5.067765616418347385e-02 -1.294214144714406212e+00
-5.717147613498006764e-02 -1.372092902297947337e+00
-6.366529610577775777e-02 -1.449971659881486463e+00
-6.957680172397598395e-02 -1.527895347583793972e+00
-7.500279822673704133e-02 -1.605855780769614771e+00
-6.769552539553598536e-02 -1.683529380812076592e+00
1.617550614376798979e-01 -1.849729543984051539e+00
3.771618467427300114e-01 -2.021277393295216385e+00
5.813728477897436298e-01 -2.205194413412487009e+00
7.588054205522315465e-01 -2.416036947885047859e+00
9.286905635569537854e-01 -2.632762019790124697e+00
1.088029247975562219e+00 -2.857506472599780523e+00
1.214618247110508475e+00 -3.102275991776375363e+00
1.394068538370722088e+00 -3.307055784935634790e+00
1.629773792414159761e+00 -3.449814061179945046e+00
1.822647460426377597e+00 -3.643088147761531115e+00
1.976513717627836009e+00 -3.871693906630851334e+00
2.130547417711412095e+00 -4.100176559041480928e+00
2.320230217208852697e+00 -4.300069850061321475e+00
2.494925303534988981e+00 -4.512588478038045636e+00
2.656389036024735528e+00 -4.735817340299721678e+00
2.839571897459755689e+00 -4.939857048153782237e+00
3.034952954159271243e+00 -5.133900971321657458e+00
3.209482677832028230e+00 -5.347115250117919771e+00
3.333821840622875232e+00 -5.587034621412178659e+00
3.175635691373934311e+00 -5.378998721209939937e+00
2.993409960789352731e+00 -5.176882501266142356e+00
2.806294014904155532e+00 -4.978914994650396331e+00
2.621230046838386230e+00 -4.779369466794259225e+00
2.465380849469821278e+00 -4.555951424624833379e+00
2.286652775139697003e+00 -4.350667377199690655e+00
2.110738237385767491e+00 -4.143003761745893243e+00
1.952915899702156066e+00 -3.921076256494498313e+00
1.801009316984085284e+00 -3.694959065608529603e+00
1.615832327953973913e+00 -3.495822497417928165e+00
1.384466841811030635e+00 -3.352079230802789578e+00
1.177712279829680631e+00 -3.178368582931546449e+00
1.052463343042162158e+00 -2.936465094488653449e+00
9.077134183818855728e-01 -2.706813023999279366e+00
7.427909110910363433e-01 -2.490006288688441760e+00
5.685746506261967204e-01 -2.281468315446375072e+00
3.707383440906328320e-01 -2.094210766323221229e+00
1.638523332581033054e-01 -1.917499653073313048e+00
-6.909690754597837270e-02 -1.782746063979069540e+00
-9.985437557203806491e-02 -1.875759034716708129e+00
-1.109313489759316540e-01 -1.966792726808171299e+00
-1.201327188762939674e-01 -2.058159184501513916e+00
-1.293340887766546432e-01 -2.149525642194855646e+00
-1.385354586770166929e-01 -2.240892099888196931e+00
-1.477368285773787426e-01 -2.332258557581537772e+00
-1.566855152760116277e-01 -2.423648586027081997e+00
-1.622727884385608554e-01 -2.515306423445037964e+00
-1.678083187168701862e-01 -2.606968044115907546e+00
-1.733438489951810157e-01 -2.698629664786776239e+00
-1.788793792734891253e-01 -2.790291285457646708e+00
-1.844149095518002601e-01 -2.881952906128517178e+00
-1.899956627661649744e-01 -2.973611675805073240e+00
-1.979053147144401448e-01 -3.065096413553362709e+00
-2.060647936472075337e-01 -3.156561804292255857e+00
-2.142242725799748393e-01 -3.248027195031148118e+00
-2.133185384364676140e-01 -3.339412546900179191e+00
-2.016045415245235894e-01 -3.430490958589334838e+00
-1.916704324304355500e-01 -3.521761179564107280e+00
-1.832549202633499894e-02 -3.625561766516844919e+00
1.231243810907850511e-01 -3.745638985237997876e+00
2.588164144923699173e-01 -3.873666376211783557e+00
3.968822657377895080e-01 -3.999056766521648765e+00
5.318956402052021915e-01 -4.126781805091798816e+00
6.423734311543187747e-01 -4.277108111755717701e+00
7.528512221034364682e-01 -4.427434418419636586e+00
8.629997046903934432e-01 -4.578002180145494648e+00
9.731390071133011466e-01 -4.728576662811072140e+00
1.068408473971962813e+00 -4.888371272519506761e+00
1.156978155548697540e+00 -5.052452269444136057e+00
1.255612509837760182e+00 -5.210801898184435288e+00
1.332973268781889820e+00 -5.378259303108733569e+00
1.390843803622217489e+00 -5.555118455575386527e+00
1.462487274682000349e+00 -5.727369881760243864e+00
1.543294080959190184e+00 -5.895475552917383233e+00
1.624792421431884515e+00 -6.063287767305249432e+00
1.661052710405517052e+00 -6.244825507824106836e+00
1.617117618396763268e+00 -6.419931968958639601e+00
1.618086766036218149e+00 -6.251651571368170401e+00
1.579448984642783937e+00 -6.074745607634808309e+00
1.495269842992130727e+00 -5.913404906353584956e+00
1.419003165952914980e+00 -5.748517935480654373e+00
1.355270320364473147e+00 -5.578062445184338358e+00
1.282292624370242384e+00 -5.411484423574041358e+00
1.210079610410349726e+00 -5.247659297938818135e+00
1.106053126320823754e+00 -5.098342720202353462e+00
1.022613552773553813e+00 -4.937775232986254537e+00
9.424581221974089873e-01 -4.775559658049001399e+00
8.368218491060699371e-01 -4.627377582255973287e+00
7.311855760147297767e-01 -4.479195506462943399e+00
6.215311812083263998e-01 -4.333961978238377810e+00
5.118264621784530677e-01 -4.188766164243846291e+00
3.857601006502037744e-01 -4.058475463580947462e+00
2.510454930030482923e-01 -3.936127908372714757e+00
1.155166358754545763e-01 -3.814731549004164446e+00
-2.852616304889770554e-02 -3.703517243013446425e+00
-1.865342412447426046e-01 -3.619197906006711651e+00
-2.076130457559822728e-01 -3.710272914880815787e+00
-2.179464341604632205e-01 -3.796031906631995412e+00
-2.222381408762910959e-01 -3.882112348767464471e+00
-2.200938858327694259e-01 -3.968465031136950039e+00
-2.179496307892493934e-01 -4.054817713506436050e+00
-2.158053757457292221e-01 -4.141170395875921173e+00
-2.137054942567672700e-01 -4.227524002487045074e+00
-2.123273574935800878e-01 -4.313892302529347411e+00
-2.109634452696090012e-01 -4.400260834562386592e+00
-2.095995330456381922e-01 -4.486629366595426660e+00
-2.082356208216661342e-01 -4.572997898628466729e+00
-2.074310040938746047e-01 -4.659371084453644229e+00
-2.074505959953630851e-01 -4.745750382889404761e+00
-2.074701878968517599e-01 -4.832129681325165294e+00
-2.074897797983403236e-01 -4.918508979760925826e+00
-2.075093716998273607e-01 -5.004888278196686358e+00
-2.066806651190038757e-01 -5.091258396153184762e+00
-2.045358614838235223e-01 -5.177611064898645310e+00
-2.009995815063105040e-01 -5.263912136672169950e+00
-9.867416274473934934e-02 -5.316244828942441103e+00
-1.307853217146194569e-03 -5.351400194467634819e+00
9.601640446879933233e-02 -5.386664335568578821e+00
1.809434953921089106e-01 -5.445084618348959182e+00
2.638163320356167185e-01 -5.507118406746019268e+00
3.336726605616500141e-01 -5.581324573360833874e+00
3.877728107579323513e-01 -5.669581424114598533e+00
4.418729609542113024e-01 -5.757838274868365858e+00
4.926079212630899984e-01 -5.848047195887433602e+00
5.420623829917400327e-01 -5.938988683511961852e+00
5.915168447203891233e-01 -6.029930171136492767e+00
6.403730802816794965e-01 -6.121166499302527875e+00
6.818589494440743248e-01 -6.216008385038111150e+00
7.381942165068581252e-01 -6.302465474561705250e+00
7.983515886869989586e-01 -6.386710287628226901e+00
8.294729586545463995e-01 -6.484524683615682683e+00
8.533528327044745954e-01 -6.585251291677269414e+00
8.789186968217190810e-01 -6.685560864879474430e+00
9.047562665438733109e-01 -6.785803161077667234e+00
8.636179542551468691e-01 -6.715216144233690621e+00
8.185876176899545831e-01 -6.625476765129249657e+00
7.908523265125803059e-01 -6.528977162729538541e+00
7.640779887415634075e-01 -6.432161111602177073e+00
7.186806124501415871e-01 -6.344218538393591622e+00
6.601650877000851958e-01 -6.262572067054054337e+00
6.115693600067338975e-01 -6.175036243174448991e+00
5.683237199173668541e-01 -6.084371875685159026e+00
5.250780798280011430e-01 -5.993707508195869949e+00
4.814312642553900123e-01 -5.903254016645582247e+00
4.267894700098089356e-01 -5.818965896245399172e+00
3.721476757642259159e-01 -5.734677775845218761e+00
3.175058815186433403e-01 -5.650389655445035686e+00
2.521914474070787171e-01 -5.575335082247147689e+00
1.745786051389052462e-01 -5.511566283967519908e+00
9.630408844811590152e-02 -5.448765750194867863e+00
5.785726975776551290e-03 -5.405281506188447160e+00
-8.514691772569883688e-02 -5.362602857585576643e+00
-1.817578458768528693e-01 -5.356584908538708945e+00
-1.822713053236826308e-01 -5.448245574913605616e+00
-1.748582199262123382e-01 -5.533541516785301262e+00
-1.674451345287403248e-01 -5.618837458656995132e+00
-1.600320491312730853e-01 -5.704133400528691666e+00
-1.526189637338027649e-01 -5.789429342400386425e+00
-1.450049587737063106e-01 -5.874705371984067170e+00
-1.351974238969004816e-01 -5.959759259576170365e+00
-1.253898890200927096e-01 -6.044813147168273559e+00
-1.155823541432864227e-01 -6.129867034760375866e+00
-1.057748192664771381e-01 -6.214920922352477284e+00
-9.596728438967230823e-02 -6.299974809944577814e+00
-8.615974951286320405e-02 -6.385028697536681008e+00
-7.601353046593066487e-02 -6.470035356355960943e+00
-6.126900767309939599e-02 -6.554372837192200763e+00
-4.637493891216254438e-02 -6.638684866290271991e+00
-3.148087015122601889e-02 -6.722996895388346772e+00
-1.658680139029033648e-02 -6.807308924486418000e+00
-1.102291401523029443e-02 -6.892252947171973787e+00
-1.696725794590678640e-02 -6.977663814806740916e+00
-3.790875833915978432e-02 -6.895316723515451329e+00
-5.656880736089157924e-02 -6.809894504567776785e+00
-7.505348199358585770e-02 -6.724435659191980719e+00
-8.956372408473449453e-02 -6.638216373325614761e+00
-1.037584340774208025e-01 -6.551939707142566682e+00
-1.179531440701052369e-01 -6.465663040959515939e+00
-1.321478540627900045e-01 -6.379386374776466084e+00
-1.463425640554748552e-01 -6.293109708593418006e+00
-1.603650234728578317e-01 -6.206805858417380861e+00
-1.682748311882972525e-01 -6.119739115701233523e+00
-1.758077881300324774e-01 -6.032627649870654807e+00
-1.833407450717682574e-01 -5.945516184040079644e+00
-1.908737020135034823e-01 -5.858404718209500928e+00
-1.984066589552380411e-01 -5.771293252378926653e+00
-2.059396158969730994e-01 -5.684181786548347937e+00
-2.134725728387088795e-01 -5.597070320717772773e+00
-2.248761997499665322e-01 -5.510404148716448347e+00
-2.376948900209058246e-01 -5.423912333501508698e+00
-2.505135802918443955e-01 -5.337420518286566384e+00
-3.448868400638959719e-01 -5.357553634284077049e+00
-4.431406504065495411e-01 -5.425930685603337800e+00
-5.392872523344247604e-01 -5.497386051107673310e+00
-6.249510282352310764e-01 -5.580212266886277028e+00
-7.028034477214636366e-01 -5.671256427060201055e+00
-7.806558672076954197e-01 -5.762300587234127747e+00
-8.507592769319274328e-01 -5.858972817639325648e+00
-9.118161142146127274e-01 -5.962036394826762731e+00
-9.686598945302354879e-01 -6.067079117463148208e+00
-1.005712675060407291e+00 -6.180996323260247394e+00
-1.042765455590579649e+00 -6.294913529057344803e+00
-1.067729509910154695e+00 -6.411991817133510629e+00
-1.090805594751762309e+00 -6.529539818520257555e+00
-1.113881679593369478e+00 -6.647087819907004480e+00
-1.136957764434976204e+00 -6.764635821293748741e+00
-1.159779954690557613e+00 -6.882229818748488270e+00
-1.179054511637988911e+00 -7.000460651343524354e+00
-1.198329068585421098e+00 -7.118691483938564879e+00
-1.199680324364254869e+00 -7.238401459114375491e+00
-1.236763748209815716e+00 -7.135018582820842781e+00
-1.224451785731174525e+00 -7.013839129856535237e+00
-1.205854437737255758e+00 -6.892595725605527690e+00
-1.187257089743334992e+00 -6.771352321354516590e+00
-1.164534986098761049e+00 -6.650856927652666784e+00
-1.139324682244684528e+00 -6.530814164412371170e+00
-1.114114378390608229e+00 -6.410771401172076445e+00
-1.088904074536530153e+00 -6.290728637931780831e+00
-1.063693770682453632e+00 -6.170685874691486106e+00
-1.023663341741081201e+00 -6.055884068532702891e+00
-9.664446066866967389e-01 -5.947385954329936553e+00
-9.027720046029893419e-01 -5.843010241379282377e+00
-8.264396944728704675e-01 -5.746993561281602325e+00
-7.501073843427519261e-01 -5.650976881183924050e+00
-6.737750742126346060e-01 -5.554960201086243110e+00
-5.958707331677834951e-01 -5.460353432097442727e+00
-4.955561850782798650e-01 -5.389796778926969623e+00
-3.950986080922117560e-01 -5.319411413595330096e+00
-2.963509036079176595e-01 -5.246681182098677176e+00
-2.732241569035615547e-01 -5.145238121219122718e+00
-2.707117996251684477e-01 -5.051782367847778232e+00
-2.681994423467736754e-01 -4.958326614476431082e+00
-2.656870850683804020e-01 -4.864870861105083932e+00
-2.631747277899858517e-01 -4.771415107733738559e+00
-2.606623705115924117e-01 -4.677959354362391409e+00
-2.581500132331992492e-01 -4.584503600991045147e+00
-2.556376559548057537e-01 -4.491047847619697109e+00
-2.565587054720442350e-01 -4.397568310028717065e+00
-2.579775858575126812e-01 -4.304089560808630033e+00
-2.593964662429826817e-01 -4.210610811588543001e+00
-2.608153466284506838e-01 -4.117132062368453305e+00
-2.622342270139205733e-01 -4.023653313148365385e+00
-2.636531073993890750e-01 -3.930174563928279241e+00
-2.624077053837702844e-01 -3.836696849830501410e+00
-2.607332480942313180e-01 -3.743222329398002035e+00
-2.590587908046924626e-01 -3.649747808965501772e+00
-2.573843335151520528e-01 -3.556273288533001953e+00
-2.767089545308443199e-01 -3.465343379247082911e+00
-4.566820461399890840e-01 -3.509268307578429003e+00
-6.127848656657312043e-01 -3.619365321118886314e+00
-7.675443520883307169e-01 -3.731546302508232937e+00
-9.139887486019254714e-01 -3.854418273652569393e+00
-1.052353876378542274e+00 -3.985315647242721582e+00
-1.172476922099840335e+00 -4.134023283700051010e+00
-1.286621160421363541e+00 -4.287218840204159775e+00
-1.395545356148152560e+00 -4.444314437976212950e+00
-1.497542736015935461e+00 -4.605475742098066760e+00
-1.578850954946919405e+00 -4.778485512091567244e+00
-1.669282673750609902e+00 -4.946902028963968689e+00
-1.759859219334903191e+00 -5.115245121023318298e+00
-1.835883501379498073e+00 -5.289935641295116397e+00
-1.897483135032474344e+00 -5.470881275338007832e+00
-1.966708418329750296e+00 -5.649070409143912563e+00
-2.022184961317951668e+00 -5.831949735589722295e+00
-2.136648425844167143e+00 -5.982568959964459587e+00
-2.215133856256872757e+00 -6.156877721841247819e+00
-2.300534159761776110e+00 -6.327868884121775395e+00
-2.247307349148884192e+00 -6.164752872102256198e+00
-2.171510009920329498e+00 -5.986017541316700274e+00
-2.071813119661668701e+00 -5.819898311367502686e+00
-2.005103121005711753e+00 -5.637874531978426695e+00
-1.943762017019710964e+00 -5.453278463779729357e+00
-1.882200406920151226e+00 -5.268755834427292228e+00
-1.804946332813203380e+00 -5.090852681475768193e+00
-1.714484473631706862e+00 -4.918646144241940021e+00
-1.624155251567067859e+00 -4.746373262275913163e+00
-1.542754727232004797e+00 -4.569704342107081096e+00
-1.439622380281303515e+00 -4.405497543259301096e+00
-1.327857601827315381e+00 -4.246289899819139180e+00
-1.212236648011111972e+00 -4.090148381225977126e+00
-1.079906956541934804e+00 -3.947574568103402015e+00
-9.457802171865306029e-01 -3.807009931167355976e+00
-7.882394343842304973e-01 -3.692907603466835553e+00
-6.306986515819311689e-01 -3.578805275766313798e+00
-4.712127051921025656e-01 -3.467489388101343994e+00
-3.001285617542999717e-01 -3.376752885738513399e+00
-2.769910157608767576e-01 -3.307396307315202399e+00
-2.680106523467722934e-01 -3.224456813670097954e+00
-2.590302889326693836e-01 -3.141517320024993509e+00
-2.500499255185649750e-01 -3.058577826379889508e+00
-2.410695621044619541e-01 -2.975638332734785507e+00
-2.320891986903574067e-01 -2.892698839089680618e+00
-2.271315998186506369e-01 -2.809426982307482668e+00
-2.224274216526235526e-01 -2.726135462685506550e+00
-2.177232434865952193e-01 -2.642843943063531764e+00
-2.130190653205681350e-01 -2.559552423441555646e+00
-2.083148871545409120e-01 -2.476260903819579084e+00
-2.036107089885138832e-01 -2.392969384197603411e+00
-1.989065308224869100e-01 -2.309677864575628625e+00
-1.942023526564584657e-01 -2.226386344953652952e+00
-1.894981744904315202e-01 -2.143094825331677722e+00
-1.849667283571809762e-01 -2.059793934079425792e+00
-1.806344239201999324e-01 -1.976482244194866178e+00
-1.763021194832188610e-01 -1.893170554310307008e+00
-1.890189537329121094e-01 -1.811551328135332595e+00
-4.284351452124833814e-01 -1.829312928581286579e+00
-6.603643080663734732e-01 -1.973877295066422732e+00
-8.748395611285776363e-01 -2.144057194332380512e+00
-1.083818683359578428e+00 -2.320898916603730378e+00
-1.284285879208839853e+00 -2.507121571889220579e+00
-1.477182723795862795e+00 -2.701385207682516221e+00
-1.663931878710596113e+00 -2.901587636730456055e+00
-1.839862416093250630e+00 -3.111370217960082840e+00
-2.021757807726117129e+00 -3.315687857442745745e+00
-2.183960189400765195e+00 -3.528499032547407044e+00
-2.321521562460876709e+00 -3.757454810945108470e+00
-2.467191611283671815e+00 -3.989276011800922728e+00
-2.616847869330283238e+00 -4.218534155984906775e+00
-2.763619882834186914e+00 -4.449590902346338694e+00
-2.902415399009001806e+00 -4.685543447782748672e+00
-3.029262652761241181e+00 -4.928171691226276074e+00
-3.205394326145602601e+00 -5.132124072833939010e+00
-3.365375473019035724e+00 -5.352784573610499308e+00
-3.532370783302241524e+00 -5.568076112185293525e+00
-3.406971014179496215e+00 -5.349079013345903633e+00
-3.254906097305603208e+00 -5.121075933133965918e+00
-3.076539018787697088e+00 -4.915507281878804591e+00
-2.954059237620638267e+00 -4.667672362915283202e+00
-2.815695943732860584e+00 -4.428322698171879956e+00
-2.662245492575493255e+00 -4.198393217132881716e+00
-2.513417164559622830e+00 -3.965516861488906919e+00
-2.371418634319217400e+00 -3.728305815123399647e+00
-2.234622011406798503e+00 -3.490495147841013335e+00
-2.057908273687153233e+00 -3.293576795494184140e+00
-1.878700760472778786e+00 -3.083575963200799741e+00
-1.698655156399041299e+00 -2.873811231685611922e+00
-1.510028542592562584e+00 -2.671823768700460455e+00
-1.316660490121081661e+00 -2.474234651106292038e+00
-1.118476358593222697e+00 -2.281822013424145812e+00
-9.069926456124850489e-01 -2.103756569690292899e+00
-6.916642740704072034e-01 -1.930621162639829302e+00
-4.671051919936292651e-01 -1.769357770125937535e+00
-2.116283469423110020e-01 -1.672080947994461830e+00
-1.725754027242555055e-01 -1.615642276231476604e+00
-1.635002399306541565e-01 -1.539430441481725698e+00
-1.544250771370524467e-01 -1.463218606731973459e+00
-1.453499143434510699e-01 -1.387006771982222331e+00
-1.362747515498496653e-01 -1.310794937232471424e+00
-1.271995887562482885e-01 -1.234583102482720518e+00
-1.181244259626468701e-01 -1.158371267732969390e+00
-1.090492631690454794e-01 -1.082159432983218483e+00
-9.997410037544407491e-02 -1.005947598233467577e+00
-9.089893758184268424e-02 -9.297357634837164486e-01
-8.182377478824102990e-02 -8.535239287339640990e-01
-7.273414482135431847e-02 -7.773138224526817686e-01
-6.355350199266275590e-02 -7.011146221097273035e-01
-5.437285916397119334e-02 -6.249154217667727274e-01
-4.519221633527963772e-02 -5.487162214238180402e-01
-3.601157350658665268e-02 -4.725170210808639082e-01
-2.683093067789513175e-02 -3.963178207379092211e-01
-2.421150746463844941e-02 -3.204071888999376894e-01
-4.028908823230473168e-02 -2.453597790025071612e-01
-3.737874174141115891e-01 -2.339130933788019506e-01
-7.058700938424354865e-01 -3.280140113572534988e-01
-1.036969280490417367e+00 -4.254997643818833053e-01
-1.356446642926235846e+00 -5.528920585438404922e-01
-1.649570752048110656e+00 -7.350806344000266890e-01
-1.957555783621484080e+00 -8.887284312562562238e-01
-2.268923458194214149e+00 -1.037338188553085683e+00
-2.561980814404009266e+00 -1.217722482025951347e+00
-2.825591375177151754e+00 -1.440528842799211340e+00
-3.101773630774885326e+00 -1.647470038365471456e+00
-3.374863700332348060e+00 -1.858541157954976875e+00
-3.662947659751402352e+00 -2.045398077670931514e+00
-3.958672954875555483e+00 -2.222017252120809250e+00
-4.242664858415013285e+00 -2.418186062845327555e+00
-4.526632438370626232e+00 -2.614354336890545305e+00
-4.815889362240873162e+00 -2.802674020532448296e+00
-5.090385261467669231e+00 -3.011868410698266274e+00
-5.368747868409059265e+00 -3.211524015385885278e+00
-5.680198015271941792e+00 -3.359497025895466837e+00
-5.607126738262591559e+00 -3.305610234556388249e+00
-5.506485007822733202e+00 -3.237997808299672098e+00
-5.403133575924667475e+00 -3.174940945911947310e+00
-5.295640037590080951e+00 -3.118857639067933007e+00
-5.192356774811203834e+00 -3.056819381117254153e+00
-5.106928830132267727e+00 -2.970782968138901303e+00
-5.012157361680432466e+00 -2.895668246698400505e+00
-4.913609749292915829e+00 -2.825038464149049133e+00
-4.815062136905400081e+00 -2.754408681599696429e+00
-4.715460902786262842e+00 -2.685293794309277615e+00
-4.614818579440351343e+00 -2.617682250607138883e+00
-4.514176256094440731e+00 -2.550070706905001483e+00
-4.413533932748529232e+00 -2.482459163202863195e+00
-4.312891609402619508e+00 -2.414847619500724463e+00
-4.212778190553013502e+00 -2.346458575656842349e+00
-4.112957831330803060e+00 -2.277639290750666845e+00
-4.013137472108589066e+00 -2.208820005844490453e+00
-3.913317112886377291e+00 -2.140000720938314061e+00
-3.821082165494233962e+00 -2.061840716520792149e+00
-3.891855790429398887e+00 -2.015757687476064763e+00
-4.005567987451242651e+00 -1.981973529058047578e+00
-4.119280184473087303e+00 -1.948189370640028839e+00
-4.235715077661838635e+00 -1.925955341615003480e+00
-4.352652743102606081e+00 -1.906020058501597392e+00
-4.469655745475729525e+00 -1.886610398208768302e+00
-4.588272587348577680e+00 -1.887980776134843719e+00
-4.706577789751886343e+00 -1.883769968285179397e+00
-4.823976577538453547e+00 -1.866759449839432428e+00
-4.939482906287046227e+00 -1.890823123762306768e+00
-5.054579915384709743e+00 -1.919537433928514503e+00
-5.169176912191349338e+00 -1.950115074584092945e+00
-5.283066400906168525e+00 -1.983296657907158922e+00
-5.396140887558662946e+00 -2.018786059143216072e+00
-5.502974043312272912e+00 -2.070346799472206900e+00
-5.610222392481461817e+00 -2.120925025639053718e+00
-5.724347628039287983e+00 -2.153193253449446232e+00
-5.838681021013949923e+00 -2.184811418520344439e+00
-5.948413116370974585e+00 -2.229428426292846765e+00
-5.892483532961980686e+00 -2.174898564496000830e+00
-5.781866769011339890e+00 -2.124812401145450558e+00
-5.661690878819118034e+00 -2.095299188663489520e+00
-5.546617949239911916e+00 -2.052008917730955506e+00
-5.437175181275196501e+00 -1.994254655249995567e+00
-5.325160011306096841e+00 -1.943085640783725143e+00
-5.205077068907748128e+00 -1.913196491591192760e+00
-5.084994126509400303e+00 -1.883307342398659712e+00
-4.964911184111053366e+00 -1.853418193206127995e+00
-4.843186825741125467e+00 -1.831553725713399583e+00
-4.720610051347509994e+00 -1.817167088864286129e+00
-4.597183893528803189e+00 -1.826069777256584370e+00
-4.473757735710099048e+00 -1.834972465648881279e+00
-4.350331577891394019e+00 -1.843875154041179298e+00
-4.229393886285766513e+00 -1.869192691672558748e+00
-4.108930171599356029e+00 -1.897508195172398882e+00
-3.988466456912945546e+00 -1.925823698672235906e+00
-3.868858250175488234e+00 -1.957090419096307876e+00
-3.752632958204540348e+00 -1.999575190494613075e+00
-3.680888267450026508e+00 -1.975575357902161322e+00
-3.611540732598048642e+00 -1.944403105552550581e+00
-3.542193197746069444e+00 -1.913230853202938953e+00
-3.479003823507990756e+00 -1.871633529763704562e+00
-3.419026288274107372e+00 -1.824905752437335327e+00
-3.359048753040227098e+00 -1.778177975110966091e+00
-3.299071217806343714e+00 -1.731450197784597078e+00
-3.239093682572461219e+00 -1.684722420458227621e+00
-3.179116147338580500e+00 -1.637994643131858385e+00
-3.119138612104699337e+00 -1.591266865805489150e+00
-3.059161076870816398e+00 -1.544539088479120137e+00
-2.999183541636934347e+00 -1.497811311152751124e+00
-2.939206006403051852e+00 -1.451083533826381666e+00
-2.879228471169170689e+00 -1.404355756500012653e+00
-2.818410434306461543e+00 -1.358736586416634307e+00
-2.757118074730943391e+00 -1.313747292531758148e+00
-2.695825715155427016e+00 -1.268757998646883323e+00
-2.634671360419317043e+00 -1.223622749398122656e+00
-2.593243066343744019e+00 -1.160046256095692785e+00
-2.732941880650123334e+00 -1.060839879527161189e+00
-2.907867340507217513e+00 -9.911344554695770137e-01
-3.082792800364312136e+00 -9.214290314119931713e-01
-3.260638992379719436e+00 -8.596985252219648821e-01
-3.448618710866458770e+00 -8.525686986237290821e-01
-3.636843502449048415e+00 -8.471658768652913230e-01
-3.825054336173827174e+00 -8.413000455496931762e-01
-4.013262361021606495e+00 -8.353416873730385994e-01
-4.200978816461444332e+00 -8.404147242961578224e-01
-4.379374355590293533e+00 -8.985313099533134285e-01
-4.555672785638581246e+00 -9.646873845933091607e-01
-4.736177126133369164e+00 -1.012471789012344026e+00
-4.920362665759070886e+00 -1.049576668745558328e+00
-5.097922625982056033e+00 -1.108039002255746475e+00
-5.262403748720492658e+00 -1.198579709465335430e+00
-5.443189627136178821e+00 -1.251250657954348533e+00
-5.628840804000369680e+00 -1.277172121176735065e+00
-5.812317559072442741e+00 -1.319400401867532935e+00
-5.998177444939837955e+00 -1.341413881242661255e+00
-5.855944643565608843e+00 -1.286334437316055901e+00
-5.669445710167709152e+00 -1.236008014074456485e+00
-5.477619946449514110e+00 -1.209512596107882088e+00
-5.293071470142116652e+00 -1.152812260191885985e+00
-5.113833022617966684e+00 -1.080996166555185267e+00
-4.940072255387964795e+00 -1.001467709500596381e+00
-4.750618121968829932e+00 -9.613895093202353692e-01
-4.562368716074268526e+00 -9.170363764318818500e-01
-4.380235565274803733e+00 -8.512591297644171995e-01
-4.198102414475339828e+00 -7.854818830969524379e-01
-4.005250787952172153e+00 -7.845261944022674516e-01
-3.811683595746770958e+00 -7.900825332156610203e-01
-3.618116403541368431e+00 -7.956388720290544780e-01
-3.424562514446847228e+00 -8.016033572634977400e-01
-3.231049891643095417e+00 -8.088141557563759410e-01
-3.046439587616962097e+00 -8.563804862885011637e-01
-2.868066572233675338e+00 -9.317608430292714239e-01
-2.689693556850387690e+00 -1.007141199770040574e+00
-2.525429720350691465e+00 -1.107701139358210574e+00
-2.447948832340268055e+00 -1.080640373741432292e+00
-2.388317432675739038e+00 -1.050241418675563088e+00
-2.328686033011210910e+00 -1.019842463609690775e+00
-2.269054633346681893e+00 -9.894435085438215705e-01
-2.209423233682152876e+00 -9.590445534779508119e-01
-2.149791834017623859e+00 -9.286455984120802754e-01
-2.090160434353095287e+00 -8.982466433462092947e-01
-2.030529034688566270e+00 -8.678476882803385362e-01
-1.970897635024038141e+00 -8.374487332144677776e-01
-1.911266235359510235e+00 -8.070497781485967970e-01
-1.852592062024190689e+00 -7.748480560794748229e-01
-1.794092532199981438e+00 -7.423241371059874361e-01
-1.735593002375772409e+00 -7.098002181325004933e-01
-1.677093472551562048e+00 -6.772762991590148829e-01
-1.618593942727352575e+00 -6.447523801855261638e-01
-1.560094412903142214e+00 -6.122284612120403313e-01
-1.501594883078932963e+00 -5.797045422385532776e-01
-1.446436054466134102e+00 -5.421409489513067115e-01
-1.394484326245139183e+00 -4.999388372754733911e-01
-1.560059907305656912e+00 -3.386683058567068194e-01
-1.769592096553232352e+00 -2.187967432902597764e-01
-1.979124285800806460e+00 -9.892518072381117911e-02
-2.198588600997904763e+00 1.049505761276936511e-03
-2.419764485455400571e+00 9.764648808215459219e-02
-2.645152001037424316e+00 1.795283590044052247e-01
-2.880317099539597248e+00 2.340288754190886777e-01
-3.117278859998330987e+00 2.789095624365549586e-01
-3.356619304708798879e+00 3.101209367100909997e-01
-3.596884025286494424e+00 3.334831688107677827e-01
-3.837148745864189525e+00 3.568454009114423453e-01
-4.077015234863242021e+00 3.839006042977601840e-01
-4.316719799645079014e+00 4.124427041811493666e-01
-4.557645818876324029e+00 4.039050826828187724e-01
-4.798724191620631352e+00 3.989111014578732295e-01
-5.039636294659628923e+00 3.971162869441724474e-01
-5.280121348863698216e+00 3.761432435915688099e-01
-5.517703652352953902e+00 3.368014393956644259e-01
-5.754603442124747836e+00 2.925672889100465746e-01
-5.549834790788873207e+00 3.674965408730483940e-01
-5.309903896922723909e+00 4.137103299112097066e-01
-5.065726485980800220e+00 4.402100015222591978e-01
-4.820940841696567780e+00 4.502589588044276780e-01
-4.575521497774844626e+00 4.405539993080596073e-01
-4.330394217203487273e+00 4.541763299247112418e-01
-4.085926989319598412e+00 4.396458903422681974e-01
-3.841755899813131592e+00 4.130880354021613243e-01
-3.597673171309304863e+00 3.857504712343102771e-01
-3.353767300452053846e+00 3.568581405709421173e-01
-3.109861429594801940e+00 3.279658099075721811e-01
-2.867359609538042697e+00 2.916553845912364107e-01
-2.630538124518091880e+00 2.265368400533012139e-01
-2.393716639498136178e+00 1.614182955153662391e-01
-2.172874940371622987e+00 5.449730295068722086e-02
-1.953391497072511473e+00 -5.573816651065133243e-02
-1.735220477304308062e+00 -1.683778574905889780e-01
-1.524888614344997784e+00 -2.952058829181782862e-01
-1.316147208337909769e+00 -4.246073903766871549e-01
-1.234257630829433738e+00 -4.195681442683150131e-01
-1.174140600287195024e+00 -4.019633862455687101e-01
-1.114023569744954756e+00 -3.843586282228214079e-01
-1.053906539202714265e+00 -3.667538702000738837e-01
-9.937895086604743300e-01 -3.491491121773276918e-01
-9.336724781182349497e-01 -3.315443541545788353e-01
-8.735554475759949034e-01 -3.139395961318328654e-01
-8.134384170337545239e-01 -2.963348381090854522e-01
-7.533213864915139224e-01 -2.787300800863380390e-01
-6.932043559492735429e-01 -2.611253220635906258e-01
-6.330873254070331635e-01 -2.435205640408432126e-01
-5.730261221523959003e-01 -2.257288808246652456e-01
-5.132138450147359920e-01 -2.071150050900435469e-01
-4.534015678770767499e-01 -1.885011293554198497e-01
-3.935892907394180074e-01 -1.698872536207978179e-01
-3.337770136017589873e-01 -1.512733778861745648e-01
-2.739647364641001337e-01 -1.326595021515526440e-01
-2.135230827438715784e-01 -1.162985818385373626e-01
-1.526554803699058105e-01 -1.014958845336220161e-01
-2.808689912370281871e-01 1.222982734167119556e-01
-4.125440905720805240e-01 3.511505200004190197e-01
-5.757534244489481701e-01 5.569555984996046316e-01
-7.769659288338612857e-01 7.279319473340366553e-01
-9.767946713311755902e-01 9.004963205074854038e-01
-1.173510919333779379e+00 1.076627207000178554e+00
-1.384241491959353532e+00 1.234176366008861603e+00
-1.612171126305222524e+00 1.367471022948140824e+00
-1.841578658374772637e+00 1.498027008462410770e+00
-2.078432486523696721e+00 1.614730255515788304e+00
-2.323538613136454156e+00 1.709608781381233289e+00
-2.554399818058582294e+00 1.837759036330284257e+00
-2.784468363770545629e+00 1.967206109045280371e+00
-3.011870481463054805e+00 2.099952097382742799e+00
-3.254830947401652352e+00 2.203207769803732230e+00
-3.506429092651941914e+00 2.282061462476619784e+00
-3.747455430151270583e+00 2.389883948133651348e+00
-3.999313572748192769e+00 2.468610292535640571e+00
-4.252549846063793382e+00 2.543377276853814095e+00
-4.160784945630346954e+00 2.558748735362310622e+00
-4.044632738738476618e+00 2.537318506095210147e+00
-3.930679406416307753e+00 2.500022338009013634e+00
-3.816726074094139776e+00 2.462726169922816233e+00
-3.702772741771971354e+00 2.425430001836621496e+00
-3.589277229574002082e+00 2.386874903001741099e+00
-3.479726319601148532e+00 2.338141298319141637e+00
-3.370175409628294094e+00 2.289407693636541286e+00
-3.258373995274130852e+00 2.246347849806626940e+00
-3.145167250160399774e+00 2.206843432813145878e+00
-3.033230603059451358e+00 2.164357275612771137e+00
-2.928373595770988214e+00 2.106207691575159746e+00
-2.823516588482521072e+00 2.048058107537548356e+00
-2.718659581194057484e+00 1.989908523499937409e+00
-2.613802573905592119e+00 1.931758939462326463e+00
-2.509169547833878688e+00 1.873209562935774564e+00
-2.404855460757808316e+00 1.814091567885823153e+00
-2.300541373681736168e+00 1.754973572835871298e+00
-2.191639646240953532e+00 1.705070233221378295e+00
-2.157739414048272408e+00 1.822921391250412082e+00
-2.190692465503511155e+00 1.942098329101368925e+00
-2.229003475383266597e+00 2.060371302286455819e+00
-2.267314485263022039e+00 2.178644275471544489e+00
-2.307348372988805352e+00 2.296327621355303883e+00
-2.349577816201576130e+00 2.413258813900263977e+00
-2.391807259414350462e+00 2.530190006445222739e+00
-2.449140215277610722e+00 2.640070442282305585e+00
-2.512745346820892234e+00 2.746890931447115047e+00
-2.577602632137942607e+00 2.852899273465813401e+00
-2.654107665514993997e+00 2.950895240382944706e+00
-2.730612698892044499e+00 3.048891207300076900e+00
-2.807117732269094112e+00 3.146887174217209981e+00
-2.884272209189270519e+00 3.244346526262944508e+00
-2.966701752560262140e+00 3.337414120739601309e+00
-3.049152232129463069e+00 3.430463290982307178e+00
-3.131633248804920999e+00 3.523484893205128365e+00
-3.219968461013149152e+00 3.610936196320824187e+00
-3.308968053306072132e+00 3.697742314974640898e+00
-3.218549519924518432e+00 3.653023273274900617e+00
-3.122137061243730916e+00 3.569864759887169114e+00
-3.031712845157824798e+00 3.479114730146194212e+00
-2.941288629071917349e+00 3.388364700405221086e+00
-2.855111003611169096e+00 3.293849029088193880e+00
-2.776901545256274417e+00 3.192382840746598838e+00
-2.698692086901378850e+00 3.090916652405002019e+00
-2.620482628546484616e+00 2.989450464063405200e+00
-2.543324102705856404e+00 2.887237792914416623e+00
-2.474706133616725090e+00 2.779054240232773143e+00
-2.406088164527595552e+00 2.670870687551131883e+00
-2.337470195438463794e+00 2.562687134869491512e+00
-2.286341628569553919e+00 2.446178989836306439e+00
-2.246219865397051318e+00 2.324514077586849581e+00
-2.206098102224546942e+00 2.202849165337393611e+00
-2.166360825144757030e+00 2.081066583933599556e+00
-2.137855901225864663e+00 1.956168321074918559e+00
-2.109350977306971853e+00 1.831270058216237118e+00
-2.094073762899772539e+00 1.704803734562545969e+00
-2.050788386417407239e+00 1.657524010397919856e+00
-2.006976064341232657e+00 1.634418702779926402e+00
-1.963163742265059186e+00 1.611313395161932061e+00
-1.919351420188886159e+00 1.588208087543939495e+00
-1.875539098112712688e+00 1.565102779925946042e+00
-1.831726776036538107e+00 1.541997472307951256e+00
-1.787914453960365080e+00 1.518892164689957802e+00
-1.744102131884191609e+00 1.495786857071964349e+00
-1.700564349940472342e+00 1.472184735805822875e+00
-1.658103746928967004e+00 1.446680383280658955e+00
-1.615643143917461888e+00 1.421176030755495923e+00
-1.573182540905956106e+00 1.395671678230332446e+00
-1.530721937894451212e+00 1.370167325705168082e+00
-1.488261334882946096e+00 1.344662973180003274e+00
-1.445800731871439426e+00 1.319158620654839797e+00
-1.403340128859934532e+00 1.293654268129674989e+00
-1.360879525848430527e+00 1.268149915604511957e+00
-1.318454379414700561e+00 1.242586636246296283e+00
-1.276038109310028590e+00 1.217008621541553648e+00
-1.221236504372039677e+00 1.374577041858544568e+00
-1.235370051274438996e+00 1.532361932651593595e+00
-1.250150822971585640e+00 1.690099796483775840e+00
-1.275599073463364430e+00 1.846230699097443750e+00
-1.308219750947085425e+00 2.001264876938351644e+00
-1.340840428430807529e+00 2.156299054779258650e+00
-1.373461105914529190e+00 2.311333232620166545e+00
-1.416757629806175700e+00 2.463656618479259208e+00
-1.462269868853384391e+00 2.615407536088389051e+00
-1.507782107900595303e+00 2.767158453697517562e+00
-1.573734187923595540e+00 2.909976632249319906e+00
-1.656360365481420738e+00 3.045120641114769988e+00
-1.759300215574977067e+00 3.165500550944730485e+00
-1.824560859323982598e+00 3.302927801297538934e+00
-1.844768919882924241e+00 3.460062581619240518e+00
-1.867748225303855314e+00 3.616760997659792309e+00
-1.897149045565542425e+00 3.772437895966007204e+00
-1.934278661725671755e+00 3.926328537324517143e+00
-1.976506187168357798e+00 4.079026084761568249e+00
-1.894394894657748241e+00 3.971291957780750614e+00
-1.854766454676275655e+00 3.816923568346703988e+00
-1.821221761796057104e+00 3.660344629752909640e+00
-1.791186131046422547e+00 3.503089764893978497e+00
-1.764428412955346692e+00 3.345209319764930633e+00
-1.706403383374657245e+00 3.200068710547344430e+00
-1.612063080952024441e+00 3.070677374784882119e+00
-1.535290705637043507e+00 2.931274209873589776e+00
-1.473102287972360980e+00 2.783711304169106615e+00
-1.410913870307677787e+00 2.636148398464622122e+00
-1.361467772052440184e+00 2.484427020595854518e+00
-1.326175966305378928e+00 2.328232594066930172e+00
-1.290884160558319671e+00 2.172038167538008491e+00
-1.255592354811258859e+00 2.015843741009085477e+00
-1.220300549064198936e+00 1.859649314480162019e+00
-1.195678526910615158e+00 1.701660934711617834e+00
-1.178683996253664379e+00 1.542433435957986543e+00
-1.172529360111274732e+00 1.383202331464912671e+00
-1.192103968466526220e+00 1.224271386903049041e+00
-1.163344373359603834e+00 1.166844252137978710e+00
-1.127157568193128512e+00 1.131289930633805785e+00
-1.090970763026652968e+00 1.095735609129631971e+00
-1.054783957860177646e+00 1.060181287625459490e+00
-1.018597152693702323e+00 1.024626966121284344e+00
-9.824103475272276675e-01 9.890726446171114183e-01
-9.462235423607520124e-01 9.535183231129389370e-01
-9.100367371942768013e-01 9.179640016087655674e-01
-8.733927169948243474e-01 8.828983179692611039e-01
-8.353393112579465818e-01 8.493494837447195245e-01
-7.972641952441918978e-01 8.158251614351232917e-01
-7.591890792304371027e-01 7.823008391255275029e-01
-7.211139632166816416e-01 7.487765168159330464e-01
-6.830388472029272906e-01 7.152521945063370357e-01
-6.449637311891726066e-01 6.817278721967401367e-01
-6.068886151754178115e-01 6.482035498871441259e-01
-5.688134991616625724e-01 6.146792275775501135e-01
-5.300817377785521645e-01 5.820269724630766639e-01
-4.870070750352051836e-01 5.552306268453000015e-01
-4.456372730509723379e-01 7.438334935585420027e-01
-4.185988380474628401e-01 9.304472433185924096e-01
-3.915604030439516769e-01 1.117060993078643261e+00
-3.645219680404406803e-01 1.303674742838695000e+00
-3.374835330369313491e-01 1.490288492598745407e+00
-3.213891028820645701e-01 1.678065845206225148e+00
-3.090428995461650952e-01 1.866223597717607152e+00
-2.971387610053960460e-01 2.054399631063490883e+00
-3.091997715626109700e-01 2.242540638957077004e+00
-3.221274257694976551e-01 2.430659336389451308e+00
-3.350550799763841181e-01 2.618778033821826501e+00
-3.866711934413266105e-01 2.799884266802375343e+00
-4.416940922629251642e-01 2.980240162664457237e+00
-5.146707152915873662e-01 3.153631109798872068e+00
-5.544471250876794599e-01 3.334297227757195614e+00
-5.612450328800867583e-01 3.522737024553391549e+00
-5.754794396343758667e-01 3.710580422781225352e+00
-6.096899961491508702e-01 3.894840783995320521e+00
-6.916494096458727370e-01 4.064659578909840754e+00
-5.884235040506181624e-01 3.937273537366195342e+00
-5.377804622810479218e-01 3.750607117766602272e+00
-5.127041607805846724e-01 3.557864158353446271e+00
-4.960194537017360017e-01 3.364033004159383111e+00
-4.758984301678180762e-01 3.174410476710526119e+00
-3.944678968948405751e-01 2.997621018641082102e+00
-3.286256235804611014e-01 2.815579587178482335e+00
-2.866785043808260935e-01 2.625511485108565690e+00
-2.630949148281798156e-01 2.432904158935448979e+00
-2.531463839737885246e-01 2.238516734014369902e+00
-2.449813822066660984e-01 2.044102314042084867e+00
-2.522291492471439023e-01 1.849595465559735530e+00
-2.594769162876237045e-01 1.655088617077385749e+00
-2.813473832322151424e-01 1.461981970390021424e+00
-3.116585911303483836e-01 1.269714773735562741e+00
-3.419697990284829570e-01 1.077447577081103613e+00
-3.697901453360231128e-01 8.848593674036906442e-01
-3.880945213722690190e-01 6.910801268965278688e-01
-4.157457671329632953e-01 4.986485964478257760e-01
-4.009611004964760417e-01 4.580611214464436198e-01
-3.844920313948866908e-01 4.321714209281446450e-01
-3.680229622932988942e-01 4.062817204098441159e-01
-3.515538931917092658e-01 3.803920198915451412e-01
-3.350848240901215247e-01 3.545023193732450562e-01
-3.186157549885320628e-01 3.286126188549458593e-01
-3.021466858869442662e-01 3.027229183366453302e-01
-2.856776167853548043e-01 2.768332178183459114e-01
-2.692085476837652314e-01 2.509435173000473807e-01
-2.527394785821774903e-01 2.250538167817464075e-01
-2.362704094805879174e-01 1.991641162634476547e-01
-2.198013403789986497e-01 1.732744157451471256e-01
-2.033322712774105756e-01 1.473847152268483729e-01
-1.868632021758227235e-01 1.214950147085476218e-01
-1.703941330742332338e-01 9.560531419024864697e-02
-1.510858596376107865e-01 7.183660934207170001e-02
-1.305449195985218802e-01 4.904238611971356576e-02
-1.100039795594328768e-01 2.624816289735543151e-02
-8.946303952034392881e-02 3.453939674997297260e-03
