1.675711092143262748e-01 -7.755541779655317214e-03
5.346385677066414210e-01 -1.755005577019996821e-02
8.972750428579896464e-01 1.057682197408498226e-01
1.245730555137297912e+00 2.661187747346422938e-01
1.507107421972534222e+00 5.471901333385140731e-01
1.684952990943452189e+00 8.780314476817911995e-01
1.761357373545803906e+00 1.250499834809470912e+00
1.778630829512543032e+00 1.633932492342708542e+00
1.861757555027732991e+00 2.005129346893800957e+00
2.020815286951318068e+00 2.349125203977361132e+00
2.271479242819921307e+00 2.638421335774514098e+00
2.378211787962377421e+00 2.393556134490840925e+00
2.494038491954363668e+00 2.339684186037962021e+00
2.787276191819120452e+00 2.579909047292142432e+00
3.132262239742870769e+00 2.737360281012913177e+00
3.346172739350385950e+00 2.642707683004471342e+00
3.541159006205773618e+00 2.504890830712084515e+00
3.922236584302135398e+00 2.491945242174346653e+00
4.305494309493526295e+00 2.511687891292461394e+00
4.660168251149284124e+00 2.531455837349732008e+00
4.632301796413376138e+00 2.492098082428185535e+00
4.604435341677468152e+00 2.452740327506641727e+00
4.577048992779933378e+00 2.413118597206323379e+00
4.564975166665059980e+00 2.366491732129900605e+00
4.553734256060691266e+00 2.319595952993637411e+00
4.542493345456320775e+00 2.272700173857374217e+00
4.531252434851951172e+00 2.225804394721108359e+00
4.520011524247583345e+00 2.178908615584841613e+00
4.508770613643213743e+00 2.132012836448577531e+00
4.497529703038839699e+00 2.085117057312309896e+00
4.486288792434472761e+00 2.038221278176045814e+00
4.473832118915931133e+00 1.991729526744709489e+00
4.447425834805240896e+00 1.951389053801716678e+00
4.420921737596052559e+00 1.911101276459963749e+00
4.394417640386864221e+00 1.870813499118211709e+00
4.368151066416681161e+00 1.830387721282307645e+00
4.354821498272548830e+00 1.784162804999565033e+00
4.342632501424398050e+00 1.737504466753883037e+00
4.355953540748224384e+00 1.653973076300429668e+00
4.475761537400448908e+00 1.649635884510987083e+00
4.588654125539409101e+00 1.627264504490851138e+00
4.676913992161852107e+00 1.546129042218018945e+00
4.793347803506220473e+00 1.543767155884546050e+00
4.809550460330575206e+00 1.503649698821440950e+00
4.724206679374319151e+00 1.419490315716914530e+00
4.839297569992074166e+00 1.418934224036570768e+00
4.959005159746191715e+00 1.419281796027113351e+00
5.073904887221559079e+00 1.385074971744291616e+00
5.188772777159577743e+00 1.350750998261829317e+00
5.303640667097593742e+00 1.316427024779363464e+00
5.418508557035611517e+00 1.282103051296898499e+00
5.533656878255550637e+00 1.248745631493600072e+00
5.649067447056300040e+00 1.216293083003144204e+00
5.764478015857046778e+00 1.183840534512683007e+00
5.880736998536209015e+00 1.155343014813788649e+00
5.999398048410419015e+00 1.138245572397218908e+00
6.110220429771712425e+00 1.095198514181498162e+00
6.092809996769853242e+00 1.074073840245763911e+00
6.067441593828175606e+00 1.057545471223034994e+00
6.042073190886496192e+00 1.041017102200306965e+00
6.016704787944818555e+00 1.024488733177577160e+00
5.991336385003138254e+00 1.007960364154848243e+00
5.965967982061458841e+00 9.914319951321202140e-01
5.940599579119779428e+00 9.749036261093912969e-01
5.919044517245729331e+00 9.536750861358305187e-01
5.897960303668012827e+00 9.319449506513883819e-01
5.876876090090297211e+00 9.102148151669471332e-01
5.855791876512582483e+00 8.884846796825067727e-01
5.834707662934868644e+00 8.667545441980628596e-01
5.813623449357155692e+00 8.450244087136216109e-01
5.792539235779439188e+00 8.232942732291785859e-01
5.771455022201724461e+00 8.015641377447391136e-01
5.750370808624009733e+00 7.798340022602969768e-01
5.729286595046295005e+00 7.581038667758521754e-01
5.708707973860794205e+00 7.359911480158238817e-01
5.696503007097608595e+00 7.083266635898972652e-01
5.697705500392572731e+00 6.243196111096818157e-01
5.753516279863054805e+00 5.688398306204547339e-01
5.829635999812011526e+00 5.306652980392172481e-01
5.905755719760972688e+00 4.924907654579850913e-01
5.950339143636309558e+00 4.431261695908945697e-01
5.925443006855504180e+00 3.730957109329997579e-01
5.996799344544169408e+00 3.266222800873554988e-01
6.068155682232835524e+00 2.801488492417130161e-01
6.139512019921499864e+00 2.336754183960714215e-01
6.210269523231826128e+00 1.863076168302812974e-01
6.280419771962361786e+00 1.380328894261024786e-01
6.350570020692895667e+00 8.975816202192099524e-02
6.420720269423430437e+00 4.148343461774217644e-02
6.490870518153966096e+00 -6.791292786435754181e-03
6.562262835816379258e+00 -5.319944284335509366e-02
6.633898672057038759e+00 -9.924087710647189198e-02
6.705534508297696483e+00 -1.452823113695904667e-01
6.778022496472300595e+00 -1.898864020420867327e-01
6.852857618173779031e+00 -2.305215009447367791e-01
6.753776599099007072e+00 -2.779569764316649483e-01
6.641058683093582715e+00 -3.529419657634114138e-01
6.542549835536938474e+00 -4.493939050869948382e-01
6.479433735486076706e+00 -5.444344586213625270e-01
6.585432170871319713e+00 -6.325699437851541873e-01
6.674602230822277882e+00 -7.376918547829562911e-01
6.766060782003184393e+00 -8.407478539336388224e-01
6.880931012426729332e+00 -9.124904974679601821e-01
6.812072218534944490e+00 -9.815053205487060950e-01
6.727413908066133708e+00 -1.087172327494356772e+00
6.658917542114806132e+00 -1.163288471956051229e+00
6.762917918822224372e+00 -1.253792014930525056e+00
6.816745829760164632e+00 -1.374790438083202115e+00
6.848770301461439836e+00 -1.508885191367854706e+00
6.885624506017410162e+00 -1.641325883349936898e+00
6.942884768975311260e+00 -1.766738131285335633e+00
7.000145031933207918e+00 -1.892150379220734369e+00
7.060003557459686441e+00 -2.016337672240733347e+00
7.078617340023272142e+00 -2.149867491437270850e+00
7.057382148760463103e+00 -2.159949921950244267e+00
7.019259750307732304e+00 -2.130154910189575812e+00
6.981049544418007180e+00 -2.100487211995641257e+00
6.934541627894548199e+00 -2.088385360595814699e+00
6.887199467694689048e+00 -2.078396373799440422e+00
6.839857307494830785e+00 -2.068407387003064812e+00
6.792515147294969857e+00 -2.058418400206694088e+00
6.745172987095112482e+00 -2.048429413410318922e+00
6.697900832546837435e+00 -2.043379000276598134e+00
6.650982112001719848e+00 -2.055198207188086545e+00
6.604063391456604037e+00 -2.067017414099576289e+00
6.557144670911487339e+00 -2.078836621011066477e+00
6.510225950366373304e+00 -2.090655827922554444e+00
6.463307229821254829e+00 -2.102475034834044187e+00
6.416388509276139018e+00 -2.114294241745534819e+00
6.369444170700399255e+00 -2.126004060850953170e+00
6.321309701378678980e+00 -2.130517894911326593e+00
6.273080372953224071e+00 -2.134389828438254533e+00
6.224851044527769162e+00 -2.138261761965182917e+00
6.218093040788928327e+00 -2.235883756118296706e+00
6.302116153808657195e+00 -2.393868397975189133e+00
6.418041713682259619e+00 -2.529695787430227494e+00
6.537005326462820065e+00 -2.663362123575022888e+00
6.632476937386096338e+00 -2.785235222613371420e+00
6.463806207610715227e+00 -2.783802893781951671e+00
6.346729271636890601e+00 -2.880233603642418316e+00
6.476247958927073611e+00 -3.003699956252372516e+00
6.578202806892005761e+00 -3.149472754469172742e+00
6.673909743625305424e+00 -3.300343434074377136e+00
6.676345749134678265e+00 -3.399510515100322205e+00
6.508405494668805247e+00 -3.460988431775886109e+00
6.627513314422225577e+00 -3.581156768208029195e+00
6.678083467650762550e+00 -3.749489537168913422e+00
6.716827323299966679e+00 -3.924183395771928318e+00
6.756604118930190417e+00 -4.098639384671591834e+00
6.798169294850941569e+00 -4.272683536354009881e+00
6.847515565406633975e+00 -4.443644523835804883e+00
6.937954859966827037e+00 -4.598045834010394906e+00
6.891338985387287508e+00 -4.584069786948241187e+00
6.851881502957510861e+00 -4.571016730954944762e+00
6.812424020527731550e+00 -4.557963674961648337e+00
6.772966538097954015e+00 -4.544910618968351024e+00
6.733509055668176480e+00 -4.531857562975052822e+00
6.694051573238398944e+00 -4.518804506981756397e+00
6.654382027660976640e+00 -4.506764244511257012e+00
6.612964357696925255e+00 -4.503324246724936586e+00
6.571543020593995088e+00 -4.499926008495235052e+00
6.530121683491067586e+00 -4.496527770265529966e+00
6.488700346388137419e+00 -4.493129532035828433e+00
6.447279009285206364e+00 -4.489731293806125123e+00
6.405857672182276197e+00 -4.486333055576422701e+00
6.364436335079347806e+00 -4.482934817346720280e+00
6.323048830915152685e+00 -4.479215239348513400e+00
6.283260186807499537e+00 -4.467267193968616823e+00
6.243514412424254090e+00 -4.455120235125498596e+00
6.203768638041006867e+00 -4.442973276282379480e+00
6.164022863657760531e+00 -4.430826317439260364e+00
6.175335693861637942e+00 -4.488386168877892324e+00
6.259629291185763833e+00 -4.597505638211862866e+00
6.319060367354357943e+00 -4.719442833249358316e+00
6.357813520183484890e+00 -4.851770692309237631e+00
6.404960925926237003e+00 -4.981003981344859888e+00
6.453028645395329832e+00 -5.100588535759811748e+00
6.324369354174192992e+00 -5.057805349645841275e+00
6.238125489401317836e+00 -5.106321487900617129e+00
6.306778604364502883e+00 -5.225900829525418345e+00
6.343485570376508065e+00 -5.355261357094465602e+00
6.312001466430717578e+00 -5.426963123244361142e+00
6.278872456191727736e+00 -5.474022240543375162e+00
6.310901560550675526e+00 -5.608136391964962719e+00
6.342930664909622429e+00 -5.742250543386552053e+00
6.369701725867902731e+00 -5.877474892139473717e+00
6.394473413371417614e+00 -6.013117188772187482e+00
6.419302668366255737e+00 -6.148743735494034190e+00
6.477420933615046117e+00 -6.273752074415571478e+00
6.458583993129467515e+00 -6.368720629221751750e+00
6.440901221539975907e+00 -6.340750086798998097e+00
6.425730369613356530e+00 -6.316752889569178464e+00
6.410559517686736264e+00 -6.292755692339358831e+00
6.390623467365884380e+00 -6.275409012088905669e+00
6.362467562116163045e+00 -6.271766866754750147e+00
6.334311656866444373e+00 -6.268124721420594625e+00
6.306155751616726590e+00 -6.264482576086439103e+00
6.277999846367004366e+00 -6.260840430752283581e+00
6.249843941117286583e+00 -6.257198285418127170e+00
6.221688035867568800e+00 -6.253556140083972537e+00
6.193532130617849241e+00 -6.249913994749816126e+00
6.165376225368130569e+00 -6.246271849415661492e+00
6.137220320118411010e+00 -6.242629704081505082e+00
6.109064414868692339e+00 -6.238987558747350448e+00
6.080908509618973667e+00 -6.235345413413194038e+00
6.052752604369254108e+00 -6.231703268079039404e+00
6.024899391330602150e+00 -6.226246633363141214e+00
5.997120508971378605e+00 -6.220385411823336597e+00
5.969341626612155061e+00 -6.214524190283531979e+00
5.930934378806474783e+00 -6.217958210481048908e+00
5.944831304451354548e+00 -6.277833655530848489e+00
5.958728230096236977e+00 -6.337709100580648958e+00
5.972625155741117631e+00 -6.397584545630447650e+00
5.983637770014497370e+00 -6.457991592065997821e+00
5.983823393450808936e+00 -6.513666687788660425e+00
5.924354922962956849e+00 -6.529213214092836282e+00
5.864886452475105649e+00 -6.544759740397012138e+00
5.873864829718216996e+00 -6.601803963631006411e+00
5.890126663386120676e+00 -6.661080824445733128e+00
5.906265939029493595e+00 -6.720390343495195928e+00
5.921280898367411893e+00 -6.779995246467782621e+00
5.936295857705335521e+00 -6.839600149440368426e+00
5.951310817043258261e+00 -6.899205052412956007e+00
5.966325776381180113e+00 -6.958809955385542700e+00
5.981340735719101076e+00 -7.018414858358128505e+00
6.000080183864707983e+00 -7.076751648340519729e+00
6.025484616192499310e+00 -7.132723143589382531e+00
6.050889048520291524e+00 -7.188694638838246220e+00
6.062879430359948252e+00 -7.215112060472041122e+00
6.070158431846129687e+00 -7.234296617977651778e+00
6.052055313174526496e+00 -7.222995576547358354e+00
6.034045193245687777e+00 -7.210712421976223752e+00
6.016035073316843729e+00 -7.198429267405087373e+00
5.998024953388002345e+00 -7.186146112833954547e+00
5.980014833459159185e+00 -7.173862958262818168e+00
5.962004713530316025e+00 -7.161579803691685342e+00
5.943994593601474641e+00 -7.149296649120551628e+00
5.924587671569855551e+00 -7.141902742161498452e+00
5.904022712593290478e+00 -7.149136190050427331e+00
5.883457753616725405e+00 -7.156369637939357986e+00
5.862892794640161220e+00 -7.163603085828288641e+00
5.842327835663597035e+00 -7.170836533717217520e+00
5.821762876687032850e+00 -7.178069981606147287e+00
5.801197917710466889e+00 -7.185303429495078831e+00
5.782547378384591319e+00 -7.174820685831548417e+00
5.765104727089493508e+00 -7.161744209935218208e+00
5.747662075794393033e+00 -7.148667734038888888e+00
5.696251991050826469e+00 -7.210807729395137144e+00
5.700233185054602636e+00 -7.361175818741738652e+00
5.704214379058375251e+00 -7.511543908088340160e+00
5.693324662404466885e+00 -7.661498342348244783e+00
5.685011410725669734e+00 -7.811527245587524426e+00
5.672506069113381066e+00 -7.935201440669525930e+00
5.547353774212417044e+00 -7.851755440890226367e+00
5.480440318611076833e+00 -7.892707864839563214e+00
5.470023629562268397e+00 -8.042767535599908868e+00
5.445645650109281810e+00 -8.190571192282741109e+00
5.407625756163926489e+00 -8.336107785151430249e+00
5.369605862218573833e+00 -8.481644378020121167e+00
5.370323660160646106e+00 -8.631462294413104530e+00
5.376325690221607445e+00 -8.781763285210207215e+00
5.382327720282568784e+00 -8.932064276007306347e+00
5.388329750343529234e+00 -9.082365266804407256e+00
5.362811806338129372e+00 -9.230423900077056487e+00
5.335109575572181129e+00 -9.378271790187241663e+00
5.294950121939719700e+00 -9.520685013940834551e+00
5.220399151918843295e+00 -9.419399157523381305e+00
5.160462857338030673e+00 -9.259575363173382812e+00
5.085757619585677958e+00 -9.106978971819501112e+00
4.996136507774033397e+00 -8.961706603606707233e+00
4.906515395962389725e+00 -8.816434235393909802e+00
4.816894284150746053e+00 -8.671161867181119476e+00
4.727273172339103269e+00 -8.525889498968325597e+00
4.614758233526928599e+00 -8.398504247646027210e+00
4.495340307997031992e+00 -8.276539647410363187e+00
4.350982092384805711e+00 -8.192039673894218055e+00
4.192322097270779757e+00 -8.129087226770014496e+00
4.045115391244088698e+00 -8.044256574526274406e+00
3.992973465157205304e+00 -8.074338284134313426e+00
3.956667023411694739e+00 -8.229282234804747631e+00
3.922713441544484869e+00 -8.347014633299821185e+00
3.774383993829608208e+00 -8.262549376601530327e+00
3.623363780215179020e+00 -8.183055634329793548e+00
3.471505395711467212e+00 -8.105113118945498130e+00
3.343089301601950503e+00 -7.995330611912665475e+00
3.333025368842785774e+00 -8.028677897883095937e+00
3.339221926144070540e+00 -8.098025248177254554e+00
3.345418483445354418e+00 -8.167372598471414946e+00
3.349983918799834370e+00 -8.236793322979414356e+00
3.333393895946976215e+00 -8.285184281887055135e+00
3.269692566882730578e+00 -8.257084584546021233e+00
3.205991237818487605e+00 -8.228984887204985554e+00
3.175357337331337959e+00 -8.265269394321567376e+00
3.164784482549250821e+00 -8.334085577425295099e+00
3.154211627767163684e+00 -8.402901760529022823e+00
3.142985656040544917e+00 -8.471561777590999043e+00
3.117946703911247397e+00 -8.536521074822260857e+00
3.092697293777746825e+00 -8.601404968071040713e+00
3.067447883644245810e+00 -8.666288861319822345e+00
3.042198473510743018e+00 -8.731172754568602201e+00
3.016949063377242446e+00 -8.796056647817383833e+00
2.993300891225389559e+00 -8.861514664956281706e+00
2.971833974701538317e+00 -8.927746257192669788e+00
2.950367058177685298e+00 -8.993977849429056093e+00
2.933397082593669492e+00 -9.010301483580398951e+00
2.917477000993701441e+00 -8.978710319440267540e+00
2.901556919393732059e+00 -8.947119155300136129e+00
2.885636837793764453e+00 -8.915527991160001164e+00
2.869716756193796847e+00 -8.883936827019869753e+00
2.853442747548472713e+00 -8.852577857971365205e+00
2.825009038825278207e+00 -8.831911411625476660e+00
2.795365824789268760e+00 -8.812605181763235151e+00
2.765722610753256649e+00 -8.793298951900993643e+00
2.736079396717245871e+00 -8.773992722038752134e+00
2.706436182681235092e+00 -8.754686492176510626e+00
2.676792968645223425e+00 -8.735380262314269117e+00
2.647149754609212646e+00 -8.716074032452027609e+00
2.617506540573201868e+00 -8.696767802589786100e+00
2.588511715890578824e+00 -8.676615561385244035e+00
2.564701564448533588e+00 -8.650460953318837909e+00
2.540982399825297389e+00 -8.624214965445368364e+00
2.517263235202060745e+00 -8.597968977571898819e+00
2.493544070578823657e+00 -8.571722989698429274e+00
2.455399513514757714e+00 -8.529514859772913127e+00
2.448087900532799122e+00 -8.592734007241300986e+00
2.447253051718364603e+00 -8.671863828967001808e+00
2.446418202903930084e+00 -8.750993650692704406e+00
2.460159121893947809e+00 -8.828438597405352084e+00
2.479741261404365460e+00 -8.905111705279487921e+00
2.467338481884167045e+00 -8.936870354964295160e+00
2.401961581227582077e+00 -8.892282391124002316e+00
2.327522492164347145e+00 -8.868668017435961559e+00
2.306666391264924787e+00 -8.908438425101532943e+00
2.325048269720102034e+00 -8.985408108765582824e+00
2.340111519901038051e+00 -9.062605482208462959e+00
2.328094415032638587e+00 -9.140821943707727826e+00
2.316077310164239567e+00 -9.219038405206996245e+00
2.304060205295841879e+00 -9.297254866706264664e+00
2.292043100427443747e+00 -9.375471328205529531e+00
2.294346816450135940e+00 -9.454329433109002423e+00
2.299583406978721989e+00 -9.533290206778717746e+00
2.304819997507308926e+00 -9.612250980448436621e+00
2.288792284616267381e+00 -9.608490258461191758e+00
2.268713262315969370e+00 -9.591705236066324858e+00
2.248634240015673136e+00 -9.574920213671457958e+00
2.228555217715376902e+00 -9.558135191276587506e+00
2.208476195415079779e+00 -9.541350168881720606e+00
2.188397173114783101e+00 -9.524565146486851930e+00
2.166536973491673734e+00 -9.510998588193958270e+00
2.141299654987825818e+00 -9.504071693646810814e+00
2.116062336483974793e+00 -9.497144799099665136e+00
2.090825017980124656e+00 -9.490217904552517680e+00
2.065587699476275407e+00 -9.483291010005370225e+00
2.040350380972426159e+00 -9.476364115458224546e+00
2.015113062468577354e+00 -9.469437220911077091e+00
1.989875743964725885e+00 -9.462510326363931412e+00
1.964638425460876414e+00 -9.455583431816783957e+00
1.941154737554871446e+00 -9.444993449293171750e+00
1.921465267425369827e+00 -9.427753122168912370e+00
1.901775797295867099e+00 -9.410512795044652989e+00
1.882086327166365480e+00 -9.393272467920393609e+00
1.860975630175985440e+00 -9.413476615893593191e+00
1.852501686917877644e+00 -9.487729206018862271e+00
1.842125819773243967e+00 -9.561593167286229544e+00
1.819897014133036617e+00 -9.632945357543173159e+00
1.814482505507170274e+00 -9.705318735563956523e+00
1.806631289244714500e+00 -9.753503806534229881e+00
1.737538668156471289e+00 -9.725017589414200359e+00
1.668446047068227189e+00 -9.696531372294170836e+00
1.642248026463673849e+00 -9.741077573294496972e+00
1.636799574042830940e+00 -9.815613264214157141e+00
1.625967213058766347e+00 -9.888472128866482080e+00
1.585560249579442083e+00 -9.951341295848667556e+00
1.545153286100118262e+00 -1.001421046283085303e+01
1.504746322620795107e+00 -1.007707962981303496e+01
1.465997686574472159e+00 -1.014078092791035601e+01
1.445088900479012173e+00 -1.021253103256998074e+01
1.423726671115225884e+00 -1.028412513693731967e+01
1.388681840683172242e+00 -1.035011117867010810e+01
1.349451450700570154e+00 -1.040186476306695340e+01
1.336069934965542938e+00 -1.038980408875747763e+01
1.327279333404275397e+00 -1.038188117594893356e+01
1.318488731843007855e+00 -1.037395826314038771e+01
1.309698130281740758e+00 -1.036603535033183832e+01
1.300907528720472328e+00 -1.035811243752329247e+01
1.292116927159204343e+00 -1.035018952471474663e+01
1.283326325597936801e+00 -1.034226661190620078e+01
1.274535724036669038e+00 -1.033434369909765493e+01
1.265745122475400608e+00 -1.032642078628910909e+01
1.256891922898015768e+00 -1.031857760935131907e+01
1.247030653292389379e+00 -1.031203790932888964e+01
1.237034757960545628e+00 -1.030570314021741929e+01
1.227038862628703209e+00 -1.029936837110594894e+01
1.217042967296859679e+00 -1.029303360199447859e+01
1.207047071965017038e+00 -1.028669883288300824e+01
1.197051176633174618e+00 -1.028036406377153966e+01
1.187055281301331977e+00 -1.027402929466006754e+01
1.177059385969489558e+00 -1.026769452554859896e+01
1.167063490637646694e+00 -1.026135975643713039e+01
1.076007836879431911e+00 -1.033685042785600672e+01
9.953247928222550556e-01 -1.047968904941900803e+01
9.035418265033112739e-01 -1.061532250517875120e+01
8.056575509849627226e-01 -1.074697087780294780e+01
7.213928920083820806e-01 -1.088726396378208250e+01
6.677606084016585175e-01 -1.083541789086347151e+01
5.795564136465330973e-01 -1.074676021016186489e+01
5.260400356747166883e-01 -1.090183639368831336e+01
4.494753904198691141e-01 -1.104663312126238139e+01
3.696914711444605484e-01 -1.118997589796705583e+01
2.899267816321408620e-01 -1.133332927803012069e+01
2.251844689611164352e-01 -1.148403696196890067e+01
1.609229505654456993e-01 -1.163497762137462033e+01
9.719774732343484935e-02 -1.178612437828668646e+01
9.283586209038668935e-02 -1.195011275537089546e+01
8.850187503548125056e-02 -1.211410617586256677e+01
7.709165825223517066e-02 -1.227770054381550224e+01
6.278464462777176569e-02 -1.244112616839592533e+01
-2.091038981106437770e-03 -1.258869429716156674e+01
-5.509185397448197047e-02 -1.241219533246551165e+01
-1.055740891381531515e-01 -1.224408353563664775e+01
-1.560563243018240898e-01 -1.207597173880778385e+01
-1.917960933279573843e-01 -1.190433716345069826e+01
-2.225188544922606648e-01 -1.173151892295915921e+01
-2.532416156565639453e-01 -1.155870068246762372e+01
-2.872603273908896360e-01 -1.138689322331494580e+01
-3.667319300193911391e-01 -1.123038668455120082e+01
-4.462035326478932529e-01 -1.107388014578745938e+01
-5.260164132320340746e-01 -1.091754825346558988e+01
-6.065025952290152844e-01 -1.076156105268392693e+01
-7.216141349783381509e-01 -1.067977107470866471e+01
-8.856996202568283572e-01 -1.070478547845147688e+01
-9.390300619013651762e-01 -1.072168777644359139e+01
-9.636672335867133565e-01 -1.054789755211697511e+01
-1.020314225154563825e+00 -1.038689187844419948e+01
-1.124143660214673490e+00 -1.024536633051999246e+01
-1.181792086254719987e+00 -1.008285734152108581e+01
-1.137864821521109127e+00 -9.918037354008204076e+00
-1.125773981317336192e+00 -9.909538824061529638e+00
-1.149299007199344524e+00 -9.920817647322630606e+00
-1.170388552164369989e+00 -9.936866430472274914e+00
-1.191478097129394786e+00 -9.952915213621919222e+00
-1.212567642094420473e+00 -9.968963996771565306e+00
-1.233657187059446381e+00 -9.985012779921207837e+00
-1.254746732024471401e+00 -1.000106156307085215e+01
-1.275836276989497975e+00 -1.001711034622049823e+01
-1.296925821954524993e+00 -1.003315912937014076e+01
-1.318015366919549791e+00 -1.004920791251978684e+01
-1.339104911884575699e+00 -1.006525669566942938e+01
-1.362060071839219511e+00 -1.007777730370304425e+01
-1.387562222924895394e+00 -1.008498650875073288e+01
-1.413064374010567725e+00 -1.009219571379842151e+01
-1.438566525096241833e+00 -1.009940491884611191e+01
-1.461471328127943448e+00 -1.011121616620164687e+01
-1.480407410468250973e+00 -1.012975685478155796e+01
-1.499343492808558054e+00 -1.014829754336146905e+01
-1.518279575148865135e+00 -1.016683823194138014e+01
-1.523015236325312660e+00 -1.012589212399895189e+01
-1.519231585058109291e+00 -1.007138598862638901e+01
-1.515447933790907475e+00 -1.001687985325382613e+01
-1.511664282523704550e+00 -9.962373717881266799e+00
-1.507880631256503179e+00 -9.907867582508702142e+00
-1.514128065896578557e+00 -9.855483734732683132e+00
-1.543187092650699199e+00 -9.809214870749794812e+00
-1.572246119404818065e+00 -9.762946006766906493e+00
-1.601305146158939374e+00 -9.716677142784014620e+00
-1.647735486129420668e+00 -9.709170617319413665e+00
-1.701017544283059291e+00 -9.721264297035533630e+00
-1.737590183479996719e+00 -9.709800172354498216e+00
-1.738490044933888035e+00 -9.655170280724298948e+00
-1.739389906387780016e+00 -9.600540389094094351e+00
-1.740289767841671109e+00 -9.545910497463893307e+00
-1.738677205733375475e+00 -9.491419669005967563e+00
-1.731328699076857269e+00 -9.437278794797261838e+00
-1.723980192420340174e+00 -9.383137920588556113e+00
-1.716631685763820414e+00 -9.328997046379850389e+00
-1.727124674011282890e+00 -9.324961506065033490e+00
-1.757426771513441732e+00 -9.345810714517480022e+00
-1.787728869015600575e+00 -9.366659922969924779e+00
-1.818030966517757641e+00 -9.387509131422369535e+00
-1.848333064019916927e+00 -9.408358339874816068e+00
-1.879082538783345857e+00 -9.428406680443918830e+00
-1.914557566243838771e+00 -9.437968433151308290e+00
-1.950207044933490730e+00 -9.447024992944072608e+00
-1.985856523623143133e+00 -9.456081552736833373e+00
-2.021506002312794870e+00 -9.465138112529595915e+00
-2.057155481002447051e+00 -9.474194672322358457e+00
-2.092804959692099676e+00 -9.483251232115120999e+00
-2.128454438381751412e+00 -9.492307791907883541e+00
-2.164103917071403149e+00 -9.501364351700644306e+00
-2.184363289357426741e+00 -9.529871761769154404e+00
-2.199936151397895667e+00 -9.563194315302645521e+00
-2.215509013438365482e+00 -9.596516868836133085e+00
-2.231320703176805420e+00 -9.629698438899223945e+00
-2.239454883416414965e+00 -9.600277193397193543e+00
-2.255790019913247679e+00 -9.510553967197932224e+00
-2.270988172711807529e+00 -9.427075797204029328e+00
-2.286186325510368711e+00 -9.343597627210126433e+00
-2.305189753870657388e+00 -9.261044342885270453e+00
-2.330196088661168563e+00 -9.179962458753461618e+00
-2.355202423451677518e+00 -9.098880574621649231e+00
-2.380208758242188694e+00 -9.017798690489840396e+00
-2.371895791903838813e+00 -8.936452319231445784e+00
-2.348156860471112495e+00 -8.854990353575981743e+00
-2.418442286366367711e+00 -8.842127178532720677e+00
-2.503287954581900010e+00 -8.841232025428935160e+00
-2.571687617239678314e+00 -8.888714449756571767e+00
-2.568491221885669251e+00 -8.813975716344575773e+00
-2.557802312209890960e+00 -8.729801278871182291e+00
-2.547113402534112225e+00 -8.645626841397787032e+00
-2.535773722044540879e+00 -8.561537853245020813e+00
-2.524361671485227276e+00 -8.477458403817404786e+00
-2.491635533746550557e+00 -8.400997813842131734e+00
-2.446215507266005673e+00 -8.329327667277986791e+00
-2.471533793685397828e+00 -8.345312121271081907e+00
-2.501336469924395622e+00 -8.369009230721278669e+00
-2.531139146163392972e+00 -8.392706340171475432e+00
-2.560941822402392098e+00 -8.416403449621673971e+00
-2.590744498641390337e+00 -8.440100559071872510e+00
-2.620547174880389019e+00 -8.463797668522069273e+00
-2.652558052255568288e+00 -8.484109745885618281e+00
-2.686394894149901180e+00 -8.501568859205576700e+00
-2.720231736044232740e+00 -8.519027972525536896e+00
-2.754068577938565188e+00 -8.536487085845493539e+00
-2.787905419832898080e+00 -8.553946199165451958e+00
-2.821742261727230972e+00 -8.571405312485413930e+00
-2.855579103621561643e+00 -8.588864425805372349e+00
-2.889415945515894535e+00 -8.606323539125332545e+00
-2.923252787410226095e+00 -8.623782652445289187e+00
-2.951275401617872607e+00 -8.647833588383925019e+00
-2.972729003537374126e+00 -8.679289835330768810e+00
-2.994182605456875645e+00 -8.710746082277612601e+00
-3.015636207376375832e+00 -8.742202329224458168e+00
-3.041354246460503674e+00 -8.716307563645278478e+00
-3.045839583919938143e+00 -8.623334137794582688e+00
-3.050324921379376608e+00 -8.530360711943886898e+00
-3.062161482057912387e+00 -8.438584171366596109e+00
-3.087482413627534061e+00 -8.349012822203004447e+00
-3.112803345197158844e+00 -8.259441473039411008e+00
-3.138124276766781851e+00 -8.169870123875819345e+00
-3.163445208336405745e+00 -8.080298774712225907e+00
-3.160765267232584996e+00 -7.988219357635879980e+00
-3.150822336333733542e+00 -7.895670374434116567e+00
-3.108681886067697242e+00 -7.827041607458827599e+00
-3.199256106029521707e+00 -7.805582650241685627e+00
-3.289994455460131473e+00 -7.785191479650348967e+00
-3.324376803474768938e+00 -7.748414243579038185e+00
-3.277579767334173333e+00 -7.667951745637477501e+00
-3.230782731193579949e+00 -7.587489247695916816e+00
-3.192038325877746274e+00 -7.503027565129732679e+00
-3.156558872527125192e+00 -7.416973021051687098e+00
-3.121079419176504999e+00 -7.330918476973635300e+00
-3.207758190057969028e+00 -7.432043861197241696e+00
-3.313076663074201456e+00 -7.558030703429441388e+00
-3.427647523514053329e+00 -7.675469407192014870e+00
-3.528874545819132180e+00 -7.803083548471974495e+00
-3.591333031776909213e+00 -7.737106733445917151e+00
-3.672876158939999858e+00 -7.607669033402331138e+00
-3.680417020395263528e+00 -7.522307478707062067e+00
-3.793789552453303404e+00 -7.641098615366582969e+00
-3.907162084511345057e+00 -7.759889752026102983e+00
-4.024718203879651846e+00 -7.874014569906802485e+00
-4.155143203888227887e+00 -7.973784227352718190e+00
-4.285568203896803041e+00 -8.073553884798634783e+00
-4.379634227187983342e+00 -8.204636428532548820e+00
-4.457992474035780361e+00 -8.348943913872194145e+00
-4.536350720883576493e+00 -8.493251399211839470e+00
-4.614708967731371736e+00 -8.637558884551481242e+00
-4.691844634591213037e+00 -8.782517065739517292e+00
-4.767721451207280303e+00 -8.928144583312004556e+00
-4.843598267823344905e+00 -9.073772100884490044e+00
-4.862138576751559249e+00 -8.990698511191290265e+00
-4.869178062817546504e+00 -8.865165686835164038e+00
-4.876217548883531983e+00 -8.739632862479037811e+00
-4.883257034949521014e+00 -8.614100038122911585e+00
-4.890296521015508269e+00 -8.488567213766788910e+00
-4.925117188236951549e+00 -8.368305848294081528e+00
-4.965118330587567463e+00 -8.249108730184856242e+00
-5.005119472938183378e+00 -8.129911612075630956e+00
-5.045120615288800181e+00 -8.010714493966403893e+00
-5.085787814981421739e+00 -7.891769030486565306e+00
-5.138120142740796759e+00 -7.777447677161020145e+00
-5.210272508799848268e+00 -7.697191832546491419e+00
-5.317906480479814846e+00 -7.748731071708249374e+00
-5.356797885849752916e+00 -7.687132223858208491e+00
-5.373688402743770354e+00 -7.562553427692427555e+00
-5.405444150026170291e+00 -7.440901335822437623e+00
-5.437244386009454367e+00 -7.319259281637602754e+00
-5.428945303904521680e+00 -7.194783316041811538e+00
-5.431863768121278468e+00 -7.091940952716799806e+00
-5.457652301728794342e+00 -7.101302536215326811e+00
-5.477749817824479450e+00 -7.108598204046082003e+00
-5.497847333920160118e+00 -7.115893871876836307e+00
-5.517944850015843450e+00 -7.123189539707592388e+00
-5.538042366111525894e+00 -7.130485207538347581e+00
-5.558139882207208338e+00 -7.137780875369102773e+00
-5.578237398302890782e+00 -7.145076543199857966e+00
-5.598334914398572337e+00 -7.152372211030613158e+00
-5.618826152864081713e+00 -7.158379268975849641e+00
-5.639661779254742768e+00 -7.163176517689612943e+00
-5.660497405645404712e+00 -7.167973766403379798e+00
-5.681333032036066655e+00 -7.172771015117143989e+00
-5.702168658426727710e+00 -7.177568263830908180e+00
-5.723004284817388765e+00 -7.182365512544674147e+00
-5.743839911208048932e+00 -7.187162761258440113e+00
-5.764675537598708210e+00 -7.191960009972203416e+00
-5.784621969088267868e+00 -7.198844698052615954e+00
-5.800083121130750641e+00 -7.213573869083221624e+00
-5.815360257235516528e+00 -7.228532011840577809e+00
-5.824634075143446665e+00 -7.176263601704640394e+00
-5.816829621580367871e+00 -7.087115179012560162e+00
-5.809025168017289076e+00 -6.997966756320481707e+00
-5.803720527778240879e+00 -6.908721475242103338e+00
-5.805407599085378401e+00 -6.819247990039455587e+00
-5.807094670392515035e+00 -6.729774504836806948e+00
-5.808781741699654333e+00 -6.640301019634160085e+00
-5.810468813006791855e+00 -6.550827534431512333e+00
-5.794074819984210478e+00 -6.463557594113338745e+00
-5.770388628693628341e+00 -6.377259766179781408e+00
-5.758919167094913583e+00 -6.300120257043476002e+00
-5.846851001295148009e+00 -6.316743833616712323e+00
-5.935489063091856643e+00 -6.312731909083709070e+00
-5.956197988573031843e+00 -6.261481996193275279e+00
-5.920521309976175317e+00 -6.179411749646792629e+00
-5.884844631379319679e+00 -6.097341503100309978e+00
-5.847939618275320051e+00 -6.015840347297622515e+00
-5.808113871521586979e+00 -5.935701338947062311e+00
-5.770822353702553364e+00 -5.855101206837165506e+00
-5.802782794531436750e+00 -5.857353472820863161e+00
-5.830270352631256259e+00 -5.859290532838731025e+00
-5.857757910731077544e+00 -5.861227592856602442e+00
-5.885245468830897053e+00 -5.863164652874472971e+00
-5.912733026930719227e+00 -5.865101712892341723e+00
-5.940220585030537848e+00 -5.867038772910212252e+00
-5.967708143130358245e+00 -5.868975832928082781e+00
-5.995208173857308864e+00 -5.869909674822858747e+00
-6.022596694029781261e+00 -5.866878665986547503e+00
-6.049985214202256323e+00 -5.863847657150236259e+00
-6.077373734374730496e+00 -5.860816648313925015e+00
-6.104762254547203781e+00 -5.857785639477614659e+00
-6.132150774719679731e+00 -5.854754630641302526e+00
-6.159539294892152128e+00 -5.851723621804992170e+00
-6.186927815064627190e+00 -5.848692612968680038e+00
-6.214316335237101363e+00 -5.845661604132368794e+00
-6.241752112746643988e+00 -5.845340737261432551e+00
-6.269169880007248175e+00 -5.848094659963176234e+00
-6.296587647267851473e+00 -5.850848582664919917e+00
-6.296398202715731252e+00 -5.789162807778216902e+00
-6.235906978552043789e+00 -5.690713434261852832e+00
-6.175434503589130486e+00 -5.592252677606010636e+00
-6.156001001901554304e+00 -5.478798753813700628e+00
-6.138826224039488189e+00 -5.364533735754914545e+00
-6.121651446177425626e+00 -5.250268717696127574e+00
-6.104476668315362176e+00 -5.136003699637338826e+00
-6.070758576535574491e+00 -5.027168354249337057e+00
-6.016761630927056181e+00 -4.925012604477056577e+00
-5.934925019872768104e+00 -4.853166162499869429e+00
-5.899916930512815405e+00 -4.797726896317604073e+00
-5.992369793435864622e+00 -4.728416467925350197e+00
-6.095657042610615584e+00 -4.689846741863881618e+00
-6.106756658649873160e+00 -4.623406922725015633e+00
-6.056192987829961183e+00 -4.519508979820444416e+00
-6.003744540789147877e+00 -4.416573757522565202e+00
-5.949052349944571105e+00 -4.314788534591107450e+00
-5.894360159099996110e+00 -4.213003311659649697e+00
-5.827107404500119436e+00 -4.119043282277179863e+00
-5.846957484933024141e+00 -4.108728342532036670e+00
-5.900974076279894120e+00 -4.129676679030853670e+00
-5.954990667626766765e+00 -4.150625015529668005e+00
-6.009007258973637633e+00 -4.171573352028485893e+00
-6.063906329114382210e+00 -4.185647520289202284e+00
-6.121417659824203383e+00 -4.178642394823642192e+00
-6.178928990534023669e+00 -4.171637269358083877e+00
-6.236440321243844842e+00 -4.164632143892523786e+00
-6.293951651953667792e+00 -4.157627018426964582e+00
-6.351462982663485413e+00 -4.150621892961404491e+00
-6.408974313373305698e+00 -4.143616767495847952e+00
-6.466485644083126871e+00 -4.136611642030287861e+00
-6.523996974792948045e+00 -4.129606516564727769e+00
-6.581666805400081088e+00 -4.124094732443995603e+00
-6.639370013356945321e+00 -4.118901974574670888e+00
-6.697073221313812219e+00 -4.113709216705341731e+00
-6.754776429270674676e+00 -4.108516458836017016e+00
-6.812479637227538909e+00 -4.103323700966692300e+00
-6.870182845184403142e+00 -4.098130943097364920e+00
-6.817270164544010136e+00 -4.033403934834720594e+00
-6.695400576225441824e+00 -3.954001793004655596e+00
-6.592665523166650665e+00 -3.852759614295117707e+00
-6.498559440287796640e+00 -3.741850003127566993e+00
-6.404453357408941727e+00 -3.630940391960020275e+00
-6.333980618908717553e+00 -3.506181200027432165e+00
-6.280821158961638062e+00 -3.371524847959253890e+00
-6.217401135847625326e+00 -3.287566444157217660e+00
-6.353847980242247395e+00 -3.251546191016725817e+00
-6.265952061050188426e+00 -3.135653119293168700e+00
-6.184911074780589324e+00 -3.015192198374983867e+00
-6.112267092810630409e+00 -2.889177323984349233e+00
-5.972732043227669152e+00 -2.857916852354005499e+00
-6.056590339603372897e+00 -2.805095384092807009e+00
-6.189985531851688982e+00 -2.747107287304122458e+00
-6.304468350765762175e+00 -2.715948159863723621e+00
-6.211560215229222415e+00 -2.604033124970005719e+00
-6.119434067764108143e+00 -2.491479492513944294e+00
-6.028367775218339553e+00 -2.378060679938127642e+00
-6.034089037107275288e+00 -2.372307428546170271e+00
-6.088544944357956901e+00 -2.379643194050692134e+00
-6.144324727687775045e+00 -2.385096867907333440e+00
-6.200104511017588749e+00 -2.390550541763974302e+00
-6.255884294347406005e+00 -2.396004215620616051e+00
-6.311664077677225038e+00 -2.401457889477254248e+00
-6.367443861007039629e+00 -2.406911563333895998e+00
-6.423223644336856886e+00 -2.412365237190536416e+00
-6.479003427666675030e+00 -2.417818911047175057e+00
-6.534835081696649617e+00 -2.422568388929226213e+00
-6.590831334910245864e+00 -2.424923471283374710e+00
-6.646827588123841224e+00 -2.427278553637525871e+00
-6.702823841337436583e+00 -2.429633635991677032e+00
-6.758820094551029278e+00 -2.431988718345827749e+00
-6.814816347764623750e+00 -2.434343800699980687e+00
-6.869925210905019064e+00 -2.440314450296954263e+00
-6.917665367730134740e+00 -2.469674358559233340e+00
-6.965405524555245975e+00 -2.499034266821518635e+00
-7.013145681380358099e+00 -2.528394175083799045e+00
-6.988760484814614315e+00 -2.416791777859415902e+00
-6.946350207261572152e+00 -2.281483929375700548e+00
-6.903939929708531764e+00 -2.146176080891985638e+00
-6.861529652155486936e+00 -2.010868232408272060e+00
-6.821016374709121699e+00 -1.875031169037566059e+00
-6.787675748810586995e+00 -1.737207919300404857e+00
-6.754386845597922573e+00 -1.599373179181559745e+00
-6.796477007565266959e+00 -1.466349606235695546e+00
-6.855603684420649380e+00 -1.409497564231387834e+00
-6.754284713935733819e+00 -1.310294178587071645e+00
-6.652965743450820923e+00 -1.211090792942755456e+00
-6.564802712249282024e+00 -1.111975164760874435e+00
-6.686719652628176469e+00 -1.041675918403563550e+00
-6.791229010620062567e+00 -9.508467344761255546e-01
-6.738729654430597904e+00 -8.915111999627374217e-01
-6.634546959927345888e+00 -7.999819681557074347e-01
-6.544079449705134444e+00 -6.909236464477501727e-01
-6.422742949256221578e+00 -6.178320980324736311e-01
-6.326396123036133190e+00 -5.138036405884243152e-01
-6.321630543650204714e+00 -4.949537124237548547e-01
-6.350635231041390938e+00 -4.916436046583889663e-01
-6.379639918432572721e+00 -4.883334968930252984e-01
-6.408644605823760720e+00 -4.850233891276585219e-01
-6.437649293214946944e+00 -4.817132813622944099e-01
-6.466653980606131391e+00 -4.784031735969302979e-01
-6.490990049711158782e+00 -4.666961284434019142e-01
-6.508576363454507074e+00 -4.433948350672984873e-01
-6.526162677197853590e+00 -4.200935416911955045e-01
-6.543748990941200994e+00 -3.967922483150916335e-01
-6.561335304684548397e+00 -3.734909549389877625e-01
-6.578921618427895801e+00 -3.501896615628856679e-01
-6.596507932171245869e+00 -3.268883681867791324e-01
-6.614094245914594161e+00 -3.035870748106761496e-01
-6.631680559657942453e+00 -2.802857814345713905e-01
-6.652594698460810640e+00 -2.610097030595377454e-01
-6.679304447015147694e+00 -2.492275964464218951e-01
-6.706014195569485636e+00 -2.374454898333082653e-01
-6.732723944123821802e+00 -2.256633832201941914e-01
-6.785509720342838058e+00 -1.878019343458841028e-01
-6.690923878578969308e+00 -1.730614624830799642e-01
-6.596428662956034472e+00 -1.579067897221277939e-01
-6.515455077095106518e+00 -1.072101261637836700e-01
-6.435044872393979709e+00 -5.526821675683013524e-02
-6.354634667692849348e+00 -3.326307349875712305e-03
-6.274224462991718987e+00 4.861560205707604609e-02
-6.191734279699678822e+00 9.704933312838015524e-02
-6.107567553047799080e+00 1.426533362161128693e-01
-6.023400826395922003e+00 1.882573393038455833e-01
-5.936183930336093262e+00 2.260748626000417261e-01
-5.843074800337921815e+00 2.483111591419877584e-01
-5.891434534056951833e+00 2.939719739115291830e-01
-5.973503168918988138e+00 3.432518089843021869e-01
-5.925736066948583236e+00 3.780605494018338675e-01
-5.834185478309340311e+00 4.060293300818358375e-01
-5.742554235809307350e+00 4.337152172799889627e-01
-5.649939179249868992e+00 4.579270794844871872e-01
-5.557324122690427082e+00 4.821389416889871882e-01
-5.548231597134435589e+00 5.048855417816104918e-01
-5.573966299652309608e+00 4.945618227149584101e-01
-5.605986291908143571e+00 5.099852933667188282e-01
-5.638006284163974868e+00 5.254087640184792463e-01
-5.670026276419808831e+00 5.408322346702405525e-01
-5.702046268675643681e+00 5.562557053220000824e-01
-5.734066260931475867e+00 5.716791759737622769e-01
-5.766086253187305388e+00 5.871026466255200305e-01
-5.798106245443137574e+00 6.025261172772822249e-01
-5.830126237698971536e+00 6.179495879290435312e-01
-5.862146229954804610e+00 6.333730585808030611e-01
-5.894166222210636796e+00 6.487965292325625910e-01
-5.926186214466469870e+00 6.642199998843247855e-01
-5.958977806317686365e+00 6.778942438208384047e-01
-5.991964450557700772e+00 6.911246879854191505e-01
-6.024951094797712514e+00 7.043551321500025608e-01
-6.057937739037726921e+00 7.175855763145833066e-01
-6.090924383277738663e+00 7.308160204791658288e-01
-6.123911027517753070e+00 7.440464646437483509e-01
-6.059962247522723722e+00 8.132104208938750745e-01
-5.958583594770659353e+00 8.825934837908890884e-01
-5.857204942018593208e+00 9.519765466879031024e-01
-5.755826289266530615e+00 1.021359609584917116e+00
-5.654447636514463582e+00 1.090742672481928466e+00
-5.553068983762400102e+00 1.160125735378943368e+00
-5.451690331010335733e+00 1.229508798275956494e+00
-5.350311678258272252e+00 1.298891861172968731e+00
-5.248933025506209660e+00 1.368274924069985410e+00
-5.141886723812548965e+00 1.425945066338841549e+00
-5.024181357658859426e+00 1.461117320025806521e+00
-5.033804168172877347e+00 1.570292448465775870e+00
-5.062088156190803545e+00 1.689802886847145302e+00
-5.040211743387727594e+00 1.775058886997026519e+00
-4.917758619355833360e+00 1.765216475421386377e+00
-4.795606401451770751e+00 1.761820846621019676e+00
-4.674896521861217735e+00 1.784641136278008133e+00
-4.556670521367736981e+00 1.814804422766268743e+00
-4.450128809351367565e+00 1.874164304654569513e+00
-4.502556661709919972e+00 1.891330795261898956e+00
-4.555370603680062302e+00 1.908623703477290157e+00
-4.608184545650203745e+00 1.925916611692680469e+00
-4.660998487620346076e+00 1.943209519908069005e+00
-4.690838644435717519e+00 1.986716684949886513e+00
-4.712996334443998236e+00 2.037681318907842432e+00
-4.735154024452279842e+00 2.088645952865798350e+00
-4.757311714460559671e+00 2.139610586823752492e+00
-4.779469404468843940e+00 2.190575220781709298e+00
-4.801627094477122881e+00 2.241539854739663440e+00
-4.823784784485402710e+00 2.292504488697617582e+00
-4.845942474493683427e+00 2.343469122655577053e+00
-4.868100164501965033e+00 2.394433756613528530e+00
-4.890288736215548937e+00 2.445384950555339998e+00
-4.912484941904382119e+00 2.496332821894486464e+00
-4.934681147593215300e+00 2.547280693233634707e+00
-4.964681882364859078e+00 2.592370218079144806e+00
-5.007504411329264826e+00 2.627790384002864243e+00
-5.050326940293672351e+00 2.663210549926585458e+00
-4.652849619541775006e+00 2.712233906334507338e+00
-4.224893375147333430e+00 2.784004844904586662e+00
-3.796276234705345587e+00 2.846047911724053137e+00
-3.498545819729109496e+00 2.969230161384653677e+00
-3.329124583749583088e+00 3.062419338434520633e+00
-3.166912150117380254e+00 3.269080862918182895e+00
-2.762794661911544658e+00 3.111423047729159563e+00
-2.361920156260044923e+00 2.944088980619691931e+00
-2.118915595374769367e+00 2.954666728404277798e+00
-1.913970772646007790e+00 3.123644512630889380e+00
-1.648730511036659241e+00 2.783034228247287523e+00
-1.461885450709447420e+00 2.393395007243910300e+00
-1.320674885066200899e+00 1.983917416449732407e+00
-1.241671448018186075e+00 1.556741859579739540e+00
-1.264527896786025174e+00 1.125001214077387957e+00
-1.215330001001885263e+00 6.974128960298280333e-01
-9.443269164539237481e-01 3.849601647217619771e-01
-5.345520316574809971e-01 2.509803737648335087e-01
-1.736803318222127634e-01 1.330243578658851789e-02
