1.236344738064459881e-01 1.802974612537600052e-02
1.849578646903056178e-01 9.040296854641027835e-03
2.459531170306906156e-01 -2.457354555681856567e-03
3.075333362740120813e-01 -5.133110777747695863e-03
3.694929879928948169e-01 -1.442805248997647283e-03
4.314526397117808276e-01 2.247500279757286279e-03
4.934122914306630081e-01 5.937805808512219841e-03
5.553719431495456327e-01 9.628111337262268421e-03
6.173315948684274801e-01 1.331841686602031061e-02
6.792912465873141015e-01 1.700872239477035919e-02
7.412508983061961709e-01 2.069902792352484866e-02
8.032105500250785735e-01 2.438933345227889404e-02
8.651450616611987554e-01 2.839784292826275092e-02
9.266538791945941878e-01 3.668949562383527763e-02
9.881345763664551862e-01 4.521830980183727533e-02
1.049615273538312632e+00 5.374712397983394396e-02
1.111095970710174186e+00 6.227593815783505349e-02
1.172576667882035295e+00 7.080475233583616301e-02
1.234057365053896405e+00 7.933356651383682845e-02
1.420901929617531145e+00 1.981923106588401318e-01
1.524711074356818408e+00 3.129388269611244056e-01
1.628520219096105226e+00 4.276853432634140084e-01
1.739549733399977871e+00 5.353894298553165676e-01
1.851700043309185695e+00 6.419981045599589820e-01
1.963850353218397071e+00 7.486067792646040608e-01
2.076000663127603563e+00 8.552154539692571333e-01
2.194201398979134687e+00 9.546526751958763768e-01
2.320849610673535679e+00 1.043142794044254362e+00
2.458220593646305741e+00 1.114362977785294362e+00
2.595482038012867143e+00 1.185779444281765738e+00
2.726619161978388384e+00 1.267910223523616597e+00
2.869402608503606622e+00 1.325125210349474170e+00
3.017382340703493870e+00 1.370177028949286946e+00
3.128705479936433331e+00 1.476706114537428949e+00
3.271765893295427663e+00 1.532326685021996315e+00
3.423229894939120665e+00 1.562964675294089556e+00
3.576248614027395689e+00 1.543976563966982685e+00
3.730062876012766537e+00 1.527272442580386969e+00
3.596903872643524736e+00 1.512237092156859308e+00
3.446396541293604621e+00 1.534935056252882735e+00
3.298324083361399595e+00 1.505791996292779711e+00
3.157485413182906431e+00 1.454282375351324763e+00
3.039859841729531720e+00 1.357690402667009355e+00
2.899921153897226489e+00 1.301888980973313625e+00
2.758307645802257291e+00 1.248272953784980377e+00
2.628644325950847627e+00 1.168554211639299734e+00
2.495960972749823537e+00 1.094177868328445768e+00
2.360626143454455761e+00 1.024520576220783852e+00
2.233903606012501708e+00 9.411179608919817419e-01
2.113397784993066963e+00 8.482665470424874954e-01
2.005711661635384946e+00 7.406963225360136960e-01
1.898025538277702484e+00 6.331260980295452256e-01
1.790890694655264959e+00 5.250108630459795478e-01
1.684613003741788351e+00 4.160489119883776787e-01
1.578335312828307302e+00 3.070869609307833592e-01
1.475799397175168171e+00 1.946324579123062115e-01
1.373753211347840342e+00 8.170519751769322880e-02
1.421712571913822165e+00 5.693834095897587488e-02
1.478051058471204549e+00 4.521380342202308000e-02
1.534389545028586266e+00 3.348926588507428193e-02
1.591111899649538142e+00 2.444902819933103544e-02
1.648542255890386166e+00 2.080979337851607269e-02
1.705972612131229749e+00 1.717055855770333039e-02
1.763402968372078217e+00 1.353132373688836765e-02
1.820833324612925797e+00 9.892088916076513527e-03
1.878263680853769380e+00 6.252854095264659406e-03
1.935694037094617403e+00 2.613619274453249375e-03
1.993124393335461431e+00 -1.025615546362157460e-03
2.050575189515456032e+00 -4.138631320050656370e-03
2.108118242747362370e+00 -3.709144675339004493e-03
2.165661519529336942e+00 -3.198120972836449027e-03
2.223204796311312847e+00 -2.687097270337890365e-03
2.280748073093288752e+00 -2.176073567835778988e-03
2.338291349875263769e+00 -1.665049865337664414e-03
2.395667588547337523e+00 -5.181720548725454734e-03
2.449657886490418157e+00 1.189522848015212020e-03
2.556663979333942294e+00 8.135815373496191327e-02
2.643723296895716501e+00 1.641493823673014774e-01
2.729162601934739918e+00 2.487754831298616409e-01
2.821800187269373872e+00 3.252831567402174606e-01
2.923257400195196531e+00 3.894069303779268409e-01
3.027334509856681510e+00 4.496514904670965151e-01
3.131411619518165601e+00 5.098960505562657453e-01
3.236936389294071681e+00 5.675596856601625717e-01
3.342638849599214090e+00 6.249046214545850297e-01
3.449260257398462315e+00 6.804101156368007608e-01
3.558836607882503777e+00 7.299527759451218678e-01
3.669062584223674595e+00 7.780165710415323232e-01
3.783027656634014857e+00 8.131300628484425808e-01
3.894076953240663386e+00 8.504640311154960663e-01
4.001131167658810384e+00 9.006931069117514177e-01
4.119747231655247255e+00 9.190709095779494575e-01
4.239818474827970363e+00 9.124129962598792609e-01
4.359541620505638981e+00 9.019240866051330130e-01
4.479381006938410792e+00 8.946181461156235137e-01
4.350699884615446322e+00 8.742528672047646943e-01
4.234081152245877000e+00 8.853089678411985020e-01
4.117495052539521971e+00 8.863971527857450461e-01
4.001148399810644740e+00 8.727728179559801625e-01
3.899228856367058516e+00 8.169746072689689775e-01
3.789908791183647541e+00 7.798353018393000546e-01
3.676533625480834289e+00 7.530160977506006326e-01
3.571011280086254569e+00 7.023626083996847846e-01
3.466416126469314296e+00 6.496192073633220154e-01
3.362261184141556392e+00 5.960103080137857390e-01
3.258106241813794934e+00 5.424014086642525712e-01
3.155183129463015934e+00 4.864879211196431186e-01
3.052787390686932945e+00 4.295908317277636890e-01
2.950634502289788852e+00 3.722739121532607776e-01
2.854016146432537315e+00 3.060396680852703888e-01
2.764200382909104636e+00 2.315401420123275322e-01
2.681509140130330149e+00 1.485683126455521474e-01
2.598817897351554329e+00 6.559648327877587448e-02
2.512196416445189762e+00 -1.322479692431155485e-02
2.559415516397520740e+00 -4.065208187417690411e-02
2.600690716392142221e+00 -5.799995185198358882e-02
2.641965916386760149e+00 -7.534782182978716492e-02
2.683241116381380742e+00 -9.269569180758940874e-02
2.724757324889115928e+00 -1.094349915796208883e-01
2.766860227334035915e+00 -1.246644476787817091e-01
2.808963129778954126e+00 -1.398939037779451944e-01
2.851066032223873670e+00 -1.551233598771046829e-01
2.893168934668794545e+00 -1.703528159762650596e-01
2.935271837113711424e+00 -1.855822720754294330e-01
2.977374739558631855e+00 -2.008117281745889215e-01
3.020112224710822080e+00 -2.140536211327392913e-01
3.063405707421722468e+00 -2.254669940839693076e-01
3.106699190132617971e+00 -2.368803670351948831e-01
3.149992672843517028e+00 -2.482937399864217909e-01
3.193286155554416084e+00 -2.597071129376504750e-01
3.236579638265312031e+00 -2.711204858888773828e-01
3.281025163421855684e+00 -2.760424835268322497e-01
3.325651655450252875e+00 -2.796573053208075699e-01
3.388905254595326433e+00 -2.103963415193788045e-01
3.443323881963400890e+00 -1.470828345944448223e-01
3.505193086060987007e+00 -9.101784065027196391e-02
3.567415678575155624e+00 -3.532938792331208333e-02
3.636463993795133298e+00 1.150926760090831280e-02
3.706302896806040970e+00 5.728726968105490869e-02
3.776141799816948641e+00 1.030652717612010605e-01
3.852573261978700980e+00 1.365830919559489764e-01
3.929305010806907639e+00 1.695275386804171447e-01
4.006036759635118294e+00 2.024719854048888656e-01
4.082921276743418204e+00 2.350141839366957086e-01
4.163134496833237996e+00 2.582292043122853542e-01
4.243988474894478280e+00 2.739029434977400257e-01
4.325967344469126452e+00 2.580107192519056625e-01
4.407946214043771960e+00 2.421184950060664143e-01
4.490908459949233489e+00 2.481133128606742844e-01
4.573872366374889253e+00 2.574614347546142490e-01
4.656165170786549012e+00 2.444430407371669389e-01
4.729368949354145535e+00 2.089002757001061639e-01
4.665938276451734090e+00 2.117081137902530052e-01
4.584911156504821506e+00 2.205920351058296980e-01
4.503906083877753375e+00 2.227061424710505833e-01
4.423737175304309766e+00 2.078577540424992876e-01
4.343709175021741586e+00 2.146329328349128041e-01
4.263886998144191587e+00 2.312446341117766480e-01
4.184823360856369412e+00 2.308385917209303528e-01
4.107829759071518261e+00 2.040148368574095095e-01
4.032106153926210190e+00 1.739860116780791444e-01
3.957780546616420203e+00 1.404713486361557351e-01
3.883454939306630660e+00 1.069566855942358785e-01
3.809129331996839340e+00 7.344202255231646603e-02
3.735185791299516112e+00 3.916525609264853713e-02
3.670697249255483463e+00 -1.064689117664840978e-02
3.606544076903291707e+00 -6.096487024906904750e-02
3.542390904551100395e+00 -1.112828493214896852e-01
3.478237732198908638e+00 -1.616008283939054380e-01
3.428055035614237411e+00 -2.245075663894886553e-01
3.386197490395548737e+00 -2.944752335583165070e-01
3.472753194913799746e+00 -3.316783870006649870e-01
3.556124182505825626e+00 -3.618353292004918842e-01
3.639495170097847954e+00 -3.919922714003201136e-01
3.722866157689873390e+00 -4.221492136001478990e-01
3.806055966898261644e+00 -4.527829749067455722e-01
3.888297487605313574e+00 -4.858963408894525493e-01
3.970539008312368168e+00 -5.190097068721590823e-01
4.057276367174606158e+00 -5.161278568789198218e-01
4.144870880837539850e+00 -5.024397631085153471e-01
4.231409606258290879e+00 -5.016683323305684006e-01
4.314483892821840527e+00 -5.326332422589166171e-01
4.397558179385390176e+00 -5.635981521872595046e-01
4.480632465948936272e+00 -5.945630621156072770e-01
4.563706752512486808e+00 -6.255279720439506086e-01
4.634931900496411572e+00 -6.778661499086511277e-01
4.723266209919297687e+00 -6.780549011498013812e-01
4.800325523127702887e+00 -7.177468605978978289e-01
4.871226320978204960e+00 -7.699615338418106525e-01
4.903256427410519258e+00 -8.525301659523369935e-01
4.709420580027373404e+00 -7.042096858250292968e-01
4.480625306779177919e+00 -6.310583758192840342e-01
4.242561625686689375e+00 -5.425692322543840262e-01
3.993148114281222405e+00 -5.591972420980897418e-01
3.754011797119621630e+00 -4.736831834555514931e-01
3.511515568907872975e+00 -3.982081627541291802e-01
3.268180218871116427e+00 -3.254416720125883344e-01
3.022568558634355362e+00 -2.606915686732027559e-01
2.778098566356136612e+00 -1.923706503526401157e-01
2.541197377767786758e+00 -1.007437417932806056e-01
2.291914083291927806e+00 -6.114479209563761231e-02
2.037927023208464750e+00 -6.176634821966420219e-02
1.784394321537301487e+00 -5.515778758117084735e-02
1.532753885501488611e+00 -2.059256693345457023e-02
1.280861203328170994e+00 1.114441613535799291e-03
1.028078016958531293e+00 -2.375168425134166483e-02
7.752948305888883729e-01 -4.861781011622401394e-02
5.225116442192486721e-01 -7.348393598110147806e-02
2.693238401594131304e-01 -9.345106007060843822e-02
3.128239579599740861e-01 -1.776960194390277969e-01
3.949897878118689976e-01 -2.436608220253302370e-01
4.771556176637596902e-01 -3.096256246116286803e-01
5.593214475156508270e-01 -3.755904271979320086e-01
6.414872773675418527e-01 -4.415552297842348928e-01
7.236531072194329894e-01 -5.075200323705382210e-01
8.058189370713277899e-01 -5.734848349568406611e-01
8.879847669232188156e-01 -6.394496375431426571e-01
9.733122598762163902e-01 -7.012648829604373191e-01
1.058778551783877919e+00 -7.628935428765357685e-01
1.144244843691540225e+00 -8.245222027926377706e-01
1.229711135599197869e+00 -8.861508627087359979e-01
1.315177427506859509e+00 -9.477795226248382221e-01
1.400643719414521149e+00 -1.009408182540935783e+00
1.486110011322183455e+00 -1.071036842457037785e+00
1.572558461097892435e+00 -1.131202166371084727e+00
1.662421014230628380e+00 -1.186223074396721922e+00
1.752283567363364103e+00 -1.241243982422363334e+00
1.841970943528843829e+00 -1.296548433723929472e+00
2.021847506619915080e+00 -1.276270235928010699e+00
2.187597485397345221e+00 -1.247464983131637561e+00
2.353974605620755334e+00 -1.223927349580061774e+00
2.521911356822491790e+00 -1.213925067381117939e+00
2.688289666016101087e+00 -1.226274070502901825e+00
2.853190559960072648e+00 -1.259598134328616670e+00
3.018091453904041987e+00 -1.292922198154334845e+00
3.182494041590362421e+00 -1.328601148646952224e+00
3.346740557145750472e+00 -1.365013786306067844e+00
3.510891521169376528e+00 -1.401849591618169688e+00
3.674830645025116915e+00 -1.439622091175304597e+00
3.825649254765930873e+00 -1.512122547305791542e+00
3.973442362543036843e+00 -1.592496643549331292e+00
4.126014811242902702e+00 -1.663087811127829996e+00
4.271720642089813502e+00 -1.746034352070364948e+00
4.424990470950012522e+00 -1.813628554604137078e+00
4.569724729001755748e+00 -1.895981918244321607e+00
4.681434500495832651e+00 -2.017327728053585734e+00
4.742690426296108264e+00 -2.173778175282184755e+00
4.658883682920684777e+00 -2.041437073078578024e+00
4.555855765595212326e+00 -1.916272612339369186e+00
4.412712501879743954e+00 -1.841006533539475409e+00
4.258184254220964249e+00 -1.785317604179662343e+00
4.120303110733208207e+00 -1.696043114498248405e+00
3.970425728385303721e+00 -1.628418840185271277e+00
3.820268318533785123e+00 -1.561418942176998836e+00
3.669932818897865712e+00 -1.494861630104553418e+00
3.510924764112881125e+00 -1.453109364900700529e+00
3.351696129778878319e+00 -1.412090902911669277e+00
3.190934015908992283e+00 -1.378117321089543656e+00
3.028975995356250284e+00 -1.349729439970053901e+00
2.867017974803504288e+00 -1.321341558850565479e+00
2.705075309391852922e+00 -1.292869722866424764e+00
2.546654541620864798e+00 -1.258331824915346786e+00
2.383343344435330025e+00 -1.277455765138109101e+00
2.220032147249791254e+00 -1.296579705360871859e+00
2.056720950064256481e+00 -1.315703645583634396e+00
1.899463716188449780e+00 -1.355077503958546759e+00
1.921136857073222792e+00 -1.404488342933162492e+00
1.961790814799889038e+00 -1.457540256316864458e+00
2.002444772526552175e+00 -1.510592169700570420e+00
2.043098730253214868e+00 -1.563644083084276604e+00
2.083752687979877560e+00 -1.616695996467978791e+00
2.124406645706544250e+00 -1.669747909851684309e+00
2.165060603433206943e+00 -1.722799823235386718e+00
2.207782120282659299e+00 -1.774196992846805765e+00
2.250762026476658129e+00 -1.825382708198535653e+00
2.293741932670656514e+00 -1.876568423550269538e+00
2.336721838864656231e+00 -1.927754138902003422e+00
2.379701745058655060e+00 -1.978939854253733088e+00
2.423151596093114701e+00 -2.029711102644963461e+00
2.469629314712916468e+00 -2.077742619288382109e+00
2.516129260880963781e+00 -2.125753084802500581e+00
2.562629207049007984e+00 -2.173763550316619053e+00
2.609129153217051744e+00 -2.221774015830737969e+00
2.655629099385099501e+00 -2.269784481344856442e+00
2.712898484370787511e+00 -2.302537538755353719e+00
2.837701500846530056e+00 -2.295437495823785756e+00
2.955776945640399500e+00 -2.278275017560860594e+00
3.074291700027493413e+00 -2.266767973269562475e+00
3.193607226569828317e+00 -2.266359991258556583e+00
3.312922753112159668e+00 -2.265952009247551135e+00
3.431174553948252548e+00 -2.272743622813957032e+00
3.544801318430621073e+00 -2.309148563641592489e+00
3.658428082912986934e+00 -2.345553504469236383e+00
3.772054847395355459e+00 -2.381958445296871396e+00
3.885672617496185755e+00 -2.418390710130428722e+00
3.993234439137719249e+00 -2.469800838787920227e+00
4.099927683355820029e+00 -2.523204863928156350e+00
4.205781012238875682e+00 -2.578263324565653214e+00
4.311634341121934000e+00 -2.633321785203146526e+00
4.422666966125278876e+00 -2.676599345620962911e+00
4.523923343592462842e+00 -2.736671129898506472e+00
4.615787373417918893e+00 -2.812811535384839967e+00
4.697453933057174957e+00 -2.898232683282003119e+00
4.762151476463021282e+00 -2.998407643731014538e+00
4.677580057979788819e+00 -2.907502455199761915e+00
4.591349934821822742e+00 -2.831247937624110644e+00
4.502605384320725435e+00 -2.757693075370684976e+00
4.403075207225616516e+00 -2.703082988076529247e+00
4.293874309846228421e+00 -2.666190210784777914e+00
4.191739808930825539e+00 -2.612778540876546707e+00
4.089806719522352196e+00 -2.558968148865274905e+00
3.987873630113878853e+00 -2.505157756854006657e+00
3.885940540705406399e+00 -2.451347364842734411e+00
3.777298288048591690e+00 -2.414542055017586009e+00
3.665841796699948141e+00 -2.385159006485959576e+00
3.554385305351301927e+00 -2.355775957954337585e+00
3.442928814002659266e+00 -2.326392909422710709e+00
3.330312997228015881e+00 -2.304820343638608993e+00
3.215055358937308760e+00 -2.303559462831033855e+00
3.099797720646601640e+00 -2.302298582023455165e+00
2.985611412078251536e+00 -2.311683612933025156e+00
2.873309785484261969e+00 -2.337650084951884644e+00
2.760132405853167992e+00 -2.358651465129801839e+00
2.771778574313801258e+00 -2.409266228364689955e+00
2.794718288158210662e+00 -2.453835033198792814e+00
2.817658002002626283e+00 -2.498403838032891233e+00
2.840597715847039240e+00 -2.542972642866990096e+00
2.867787452838586049e+00 -2.585015040781055262e+00
2.896234049093580953e+00 -2.626287307463525789e+00
2.924680645348573194e+00 -2.667559574145996315e+00
2.953127241603564990e+00 -2.708831840828466841e+00
2.981573837858557674e+00 -2.750104107510941365e+00
3.010020434113553467e+00 -2.791376374193411891e+00
3.038467030368545263e+00 -2.832648640875882418e+00
3.066913626623537059e+00 -2.873920907558353388e+00
3.095360222878528855e+00 -2.915193174240827911e+00
3.124056478110007973e+00 -2.956284285000302159e+00
3.155397150845853371e+00 -2.995400911935477417e+00
3.186911565028400783e+00 -3.034381041929291811e+00
3.218425979210952192e+00 -3.073361171923101320e+00
3.251772454597085638e+00 -3.110595469461169937e+00
3.291098703747957988e+00 -3.141676894192461766e+00
3.379270388687742876e+00 -3.130445876640869596e+00
3.458696206568479425e+00 -3.112998119416791720e+00
3.538122024449214642e+00 -3.095550362192713845e+00
3.619246241608180981e+00 -3.091849441823248501e+00
3.700549466537986110e+00 -3.090215307744536677e+00
3.781852691467794791e+00 -3.088581173665827961e+00
3.860941816531502369e+00 -3.103006122526819066e+00
3.938655307695660301e+00 -3.126953942244943718e+00
4.016368798859821787e+00 -3.150901761963067926e+00
4.094082290023984605e+00 -3.174849581681195687e+00
4.167172485738086962e+00 -3.209896119430111661e+00
4.231772122661661584e+00 -3.258014892213906055e+00
4.288824426097682441e+00 -3.315962449977958748e+00
4.343552772288417962e+00 -3.375684052616531705e+00
4.380290332402966946e+00 -3.448217009314328507e+00
4.442679899279367461e+00 -3.499350500221374283e+00
4.508071701935541853e+00 -3.547690927645528625e+00
4.564527212144472657e+00 -3.605433672277460033e+00
4.615354409558487525e+00 -3.668911863660099471e+00
4.586154426094292802e+00 -3.648559526038865020e+00
4.525815886286749468e+00 -3.593972315776746917e+00
4.461669655697257930e+00 -3.544153181634116301e+00
4.394618995410740858e+00 -3.498058584711603469e+00
4.338871284169893094e+00 -3.442003385118771686e+00
4.302891950479309280e+00 -3.369123130903939778e+00
4.242368680351250809e+00 -3.314804940407307221e+00
4.181605532279362158e+00 -3.260690776395463786e+00
4.112174981056090139e+00 -3.221258707050040915e+00
4.035307360590666192e+00 -3.194577780636389530e+00
3.958439740125241801e+00 -3.167896854222741698e+00
3.881523608343544485e+00 -3.141387988192247072e+00
3.801162156246794765e+00 -3.128814989525817492e+00
3.720313063250318741e+00 -3.121451170869252945e+00
3.638953992377189195e+00 -3.122548666640637016e+00
3.557594921504060537e+00 -3.123646162412024641e+00
3.477825650889264875e+00 -3.133441647811297859e+00
3.402017150415446167e+00 -3.162997935910761171e+00
3.326208649941629680e+00 -3.192554224010224040e+00
3.351500532281933342e+00 -3.278644419183358583e+00
3.389804247064696519e+00 -3.360362345542371898e+00
3.431039105988539450e+00 -3.440601005550991687e+00
3.474075364719055870e+00 -3.519928645683898072e+00
3.517111623449573177e+00 -3.599256285816804457e+00
3.575530903857666587e+00 -3.666157055761181116e+00
3.644608665057657682e+00 -3.724236802335809671e+00
3.707325963577114969e+00 -3.788271884054044136e+00
3.760420168818976006e+00 -3.861251329271935262e+00
3.813514374060837486e+00 -3.934230774489826388e+00
3.866630431580938332e+00 -4.007194247788321562e+00
3.920789004448472781e+00 -4.079386754636380452e+00
3.975021313532470568e+00 -4.151524475046674212e+00
4.022957417359456223e+00 -4.227401238441848008e+00
4.058998366761427334e+00 -4.310142062832113652e+00
4.095039316163393117e+00 -4.392882887222375743e+00
4.129452563435719981e+00 -4.476223990704735201e+00
4.150986242069834020e+00 -4.563866986654547375e+00
4.152622957519922053e+00 -4.652779323173152015e+00
4.052297301677773689e+00 -4.361608893535437126e+00
3.883865102749309184e+00 -4.083562546271049420e+00
3.691780275817562185e+00 -3.819757947286317012e+00
3.468869111892789459e+00 -3.588316361650982778e+00
3.315404659857755565e+00 -3.300293608962590497e+00
3.130032012481360759e+00 -3.032947452491901785e+00
2.935744404528361606e+00 -2.771279006762845221e+00
2.759691337391828370e+00 -2.496504992681808588e+00
2.563620615689908178e+00 -2.241378616118977707e+00
2.332112506128055429e+00 -2.012384164830395505e+00
2.123466809171846048e+00 -1.761435720712776209e+00
1.921759900483461792e+00 -1.504876832581732105e+00
1.685901660420604742e+00 -1.284607154442769961e+00
1.416480295416594926e+00 -1.100431770137512366e+00
1.149059666351598175e+00 -9.133806801244974682e-01
8.827350853844277978e-01 -7.247549616307695786e-01
6.273207299547325366e-01 -5.216798382826288716e-01
3.731116060748741470e-01 -3.170187392900607470e-01
1.102244142038782959e-01 -1.237081722546284901e-01
1.234394778390459080e-01 -2.319356583204430500e-01
1.403144111924887194e-01 -3.382840516705880596e-01
1.571893445459393579e-01 -4.446324450207326251e-01
1.758223782527745804e-01 -5.506367337318529565e-01
2.018444451734938694e-01 -6.551240352426770386e-01
2.278665120942092170e-01 -7.596113367535011207e-01
2.538885790149283395e-01 -8.640986382643249808e-01
2.799106459356436316e-01 -9.685859397751490629e-01
3.059327128563632536e-01 -1.073073241285976920e+00
3.319547797770786013e-01 -1.177560542796801002e+00
3.579768466977977237e-01 -1.282047844307624862e+00
3.839989136185169571e-01 -1.386535145818448722e+00
4.100209805392327489e-01 -1.491022447329276801e+00
4.360430474599519268e-01 -1.595509748840100883e+00
4.620651143806672190e-01 -1.699997050350924743e+00
4.880871813013863414e-01 -1.804484351861748381e+00
5.169623488674539580e-01 -1.908212210713836177e+00
5.464439248397912063e-01 -2.011776590797083486e+00
5.759255008121288988e-01 -2.115340970880334570e+00
7.706211936908130555e-01 -2.229732039715872194e+00
9.584349913466811977e-01 -2.336504801204736914e+00
1.126408421825971562e+00 -2.473149178244919977e+00
1.289925304739967693e+00 -2.614475133358379999e+00
1.433220390665459476e+00 -2.776812059143262790e+00
1.576515476590955700e+00 -2.939148984928149133e+00
1.726563957955423501e+00 -3.095220354688359876e+00
1.877808389444223458e+00 -3.250178029771949806e+00
2.021431509830661444e+00 -3.411885804218615093e+00
2.156771391711920671e+00 -3.580912061042955230e+00
2.284203325846991373e+00 -3.755820730794895645e+00
2.406211525765032722e+00 -3.934689046047763927e+00
2.522390107710245744e+00 -4.117416428289400798e+00
2.619172121992491054e+00 -4.310932765821087642e+00
2.699921124753493107e+00 -4.511607709425417667e+00
2.830089538468458343e+00 -4.682158122171609094e+00
2.947002065427263506e+00 -4.863078419168764377e+00
3.046419257843846040e+00 -5.055231943128133842e+00
3.111706013296386963e+00 -5.260167216600720508e+00
3.034105375210257804e+00 -5.088123514973784012e+00
2.932572961701869207e+00 -4.900890554361604146e+00
2.823428479735540453e+00 -4.718902324304532492e+00
2.684646312224803655e+00 -4.558818579333435039e+00
2.603876552749176732e+00 -4.361987133988455945e+00
2.510060296977034255e+00 -4.170723269524856391e+00
2.391892768584908069e+00 -3.993554379475590999e+00
2.272498858644293129e+00 -3.817121196885719936e+00
2.142784014844609786e+00 -3.648548977686903783e+00
2.004122046207643226e+00 -3.486819474801930774e+00
1.865460077570674002e+00 -3.325089971916961762e+00
1.724411286513863661e+00 -3.165440952367546412e+00
1.580562092012006925e+00 -3.008396000047548036e+00
1.430845594836998247e+00 -2.856842233603606562e+00
1.280007990512716187e+00 -2.706430518610790870e+00
1.125517962578276965e+00 -2.559745805983626443e+00
9.689342413301678114e-01 -2.415790160659541108e+00
7.817846683348256276e-01 -2.314012899066593132e+00
5.997478827207932683e-01 -2.203958960157430536e+00
6.013669886909424056e-01 -2.269417541479529010e+00
6.161402974949015121e-01 -2.347915653929414148e+00
6.309136062988639493e-01 -2.426413766379295289e+00
6.456869151028268305e-01 -2.504911878829180427e+00
6.604602239067816072e-01 -2.583409991279062456e+00
6.752335327107444884e-01 -2.661908103728947594e+00
6.900068415147031509e-01 -2.740406216178829180e+00
7.047801503186660321e-01 -2.818904328628713873e+00
7.195534591226251386e-01 -2.897402441078599455e+00
7.343267679265875758e-01 -2.975900553528480597e+00
7.491000767305465713e-01 -3.054398665978366179e+00
7.638733855345052337e-01 -3.132896778428247764e+00
7.767240856949746419e-01 -3.211725205012019302e+00
7.888398404184284729e-01 -3.290677170147115138e+00
8.009555951418820818e-01 -3.369629135282207422e+00
8.130713498653318050e-01 -3.448581100417299705e+00
8.251871045887853029e-01 -3.527533065552391545e+00
8.373028593122389118e-01 -3.606485030687483828e+00
8.533551489285123859e-01 -3.684710368107033229e+00
9.838007188768740363e-01 -3.759182272360024335e+00
1.103341882425552090e+00 -3.832171030629528019e+00
1.215928957519350151e+00 -3.915444873634807976e+00
1.323821066518181766e+00 -4.005076517195722552e+00
1.420729959276425314e+00 -4.106180207604039900e+00
1.514271004040848911e+00 -4.210671099338818557e+00
1.592759419747953764e+00 -4.326918740513903572e+00
1.671061785501267938e+00 -4.443294331722196233e+00
1.728943086490503767e+00 -4.570472073704084259e+00
1.788226121623754938e+00 -4.697547844089778657e+00
1.849123170440944097e+00 -4.823904337407125098e+00
1.913644173853138675e+00 -4.948448455298345650e+00
1.982278234483348278e+00 -5.069993070267616808e+00
2.029854522325926780e+00 -5.194547420816761019e+00
2.047396683940895912e+00 -5.333642164193380886e+00
2.086746644169319875e+00 -5.467264051134980818e+00
2.168123773996726733e+00 -5.579795957113409699e+00
2.217739139330223264e+00 -5.710993724756271206e+00
2.242806759578480857e+00 -5.848255700524087608e+00
2.204604899495604009e+00 -5.741473234460773512e+00
2.152308059986653088e+00 -5.615910523189555192e+00
2.080487787370696839e+00 -5.501197191372234840e+00
2.034077869258045901e+00 -5.376261788011233556e+00
2.009868662722711807e+00 -5.242280084453796007e+00
1.977814601229783253e+00 -5.114754862593361651e+00
1.893519537730167901e+00 -5.010263260370917848e+00
1.839361759214497738e+00 -4.885231355878785209e+00
1.780380731472883227e+00 -4.762400320505139284e+00
1.721393520683331069e+00 -4.639572268480785411e+00
1.656231848682242269e+00 -4.519922738780779881e+00
1.588825878362840172e+00 -4.401619884328834331e+00
1.507165369376143094e+00 -4.292542910789724608e+00
1.425504860389441131e+00 -4.183465937250611333e+00
1.328042906296861059e+00 -4.088495157054271800e+00
1.228401372914672551e+00 -3.995555446974757174e+00
1.125899258211874088e+00 -3.906260141550474074e+00
1.011121786178068138e+00 -3.832827473085085312e+00
8.892689010211891620e-01 -3.775353941700836380e+00
8.593411860512508715e-01 -3.803536668471338089e+00
8.632328250361571698e-01 -3.857377388115609484e+00
8.671244640210592491e-01 -3.911218107759877771e+00
8.710161030059617726e-01 -3.965058827404150055e+00
8.749077419908644071e-01 -4.018899547048421894e+00
8.787993809757663755e-01 -4.072740266692689737e+00
8.826910199606726737e-01 -4.126580986336961132e+00
8.847959253872899055e-01 -4.180504371959484544e+00
8.858130549849262403e-01 -4.234475969982734789e+00
8.868301845825590224e-01 -4.288447568005985033e+00
8.878473141801954682e-01 -4.342419166029236166e+00
8.888644437778281393e-01 -4.396390764052486411e+00
8.898815733754645851e-01 -4.450362362075736655e+00
8.908987029731011420e-01 -4.504333960098987788e+00
8.919158325707341461e-01 -4.558305558122241585e+00
8.943540241582010886e-01 -4.612221873220667234e+00
8.978057754944832602e-01 -4.666092582873632821e+00
9.012575268307652099e-01 -4.719963292526598408e+00
9.116525868879027383e-01 -4.772688907068109998e+00
1.001586586923063127e+00 -4.818138802711434465e+00
1.088672996199779863e+00 -4.859026030996048462e+00
1.174968195482362532e+00 -4.901759914153881681e+00
1.247089427088973190e+00 -4.964383561142203583e+00
1.314649314480183628e+00 -5.033003585950240222e+00
1.375567995529809018e+00 -5.107435372354752090e+00
1.434379836629102511e+00 -5.183686362744908571e+00
1.487462179109432459e+00 -5.263908332306707294e+00
1.538197436221153680e+00 -5.345755628381628100e+00
1.588932693332875346e+00 -5.427602924456551570e+00
1.636769998404545845e+00 -5.511134135829614422e+00
1.663442514393259852e+00 -5.602641007866118628e+00
1.676811993394371036e+00 -5.697359901438966645e+00
1.650408518042941974e+00 -5.789965931242305963e+00
1.623961093750001083e+00 -5.882559559193898835e+00
1.623139054968966821e+00 -5.978111135240933294e+00
1.626527506897355924e+00 -6.074132736503697672e+00
1.608689659587433596e+00 -6.168762844779636545e+00
1.563748794852710455e+00 -6.251445228690367450e+00
1.583969197310004073e+00 -6.162008773079062252e+00
1.594873370891826347e+00 -6.070198010809239264e+00
1.592966768929145793e+00 -5.977381079508772288e+00
1.587681011924370722e+00 -5.885247516444707117e+00
1.615724611657342269e+00 -5.796567790768818895e+00
1.641053799792215884e+00 -5.707257290301237518e+00
1.638122466995029392e+00 -5.615986357384009864e+00
1.607523201201167762e+00 -5.528155712590687720e+00
1.565566145129248188e+00 -5.445633692854535468e+00
1.517032967049983361e+00 -5.366292229183509122e+00
1.468196323092977096e+00 -5.287142344395662441e+00
1.411891796256302456e+00 -5.213118412379914801e+00
1.355491580662813611e+00 -5.139161986608099753e+00
1.297528298708392702e+00 -5.066532387755496636e+00
1.231949793909874913e+00 -5.000577881159474103e+00
1.159602043152644146e+00 -4.942889631268441164e+00
1.081710853760949886e+00 -4.892061490961310710e+00
9.987668804457439098e-01 -4.852222432148517228e+00
9.089794354285171130e-01 -4.827958220864979388e+00
9.058407704646884717e-01 -4.977296828211914104e+00
9.075208962250215228e-01 -5.120972026384482234e+00
9.092010219853465802e-01 -5.264647224557046812e+00
9.053041766448578498e-01 -5.408231634931827791e+00
8.986744542290927562e-01 -5.551763625000894820e+00
8.920447318133273296e-01 -5.695295615069958295e+00
8.854150093975617919e-01 -5.838827605139021770e+00
8.777331288821947908e-01 -5.982305432446172411e+00
8.695330460342334256e-01 -6.125756274318161054e+00
8.613329631862725044e-01 -6.269207116190150586e+00
8.496355097891448160e-01 -6.412297985239156617e+00
8.279731176755609212e-01 -6.554340676569661461e+00
8.063107255619769154e-01 -6.696383367900167194e+00
7.835575624095418856e-01 -6.838233494919137456e+00
7.542826567235209057e-01 -6.978904619495473582e+00
7.250077510375081413e-01 -7.119575744071811485e+00
6.957328453514909361e-01 -7.260246868648145835e+00
6.536728129578098789e-01 -7.396784981826098004e+00
5.937461846078961880e-01 -7.527376653103814874e+00
6.223833046845095307e-01 -7.424794936270021850e+00
6.604645056846814022e-01 -7.297007540365056499e+00
6.851766442238604871e-01 -7.165909190599936807e+00
7.098887827630427916e-01 -7.034810840834813561e+00
7.346009213022252071e-01 -6.903712491069690316e+00
7.593130598414038479e-01 -6.772614141304567070e+00
7.794278883766720956e-01 -6.640746596804210533e+00
7.987231119317996786e-01 -6.508742197444659539e+00
8.180183354869312584e-01 -6.376737798085112097e+00
8.347801439924582567e-01 -6.244487264678345362e+00
8.390910624509537730e-01 -6.111149786509743720e+00
8.434019809094496223e-01 -5.977812308341145631e+00
8.477128993679450275e-01 -5.844474830172543989e+00
8.520238178264403217e-01 -5.711137352003941459e+00
8.561809795446375659e-01 -5.577796204555176551e+00
8.572590281193841477e-01 -5.444393557216033130e+00
8.582975485697050821e-01 -5.310990451639023391e+00
8.593423203413927958e-01 -5.177587396803353670e+00
8.682170831080079365e-01 -5.044484320637742769e+00
8.059483104365424699e-01 -5.070657645229088573e+00
7.517708974998560389e-01 -5.114766484800533419e+00
7.066697524596623481e-01 -5.169401010305762156e+00
6.615686074194688793e-01 -5.224035535810991782e+00
6.164674623792758545e-01 -5.278670061316225848e+00
5.813157987707392449e-01 -5.339113217132446465e+00
5.563656775188294823e-01 -5.405419597750253047e+00
5.314155562669194977e-01 -5.471725978368057852e+00
5.064654350150095130e-01 -5.538032358985864434e+00
4.847887699517798854e-01 -5.605331981080030168e+00
4.699130329865263134e-01 -5.674597824833347737e+00
4.550372960212724083e-01 -5.743863668586660864e+00
4.401615590560150060e-01 -5.813129512339980209e+00
4.252858220907610454e-01 -5.882395356093292449e+00
4.104100851255038096e-01 -5.951661199846611794e+00
3.978088641691127636e-01 -6.021324550589029379e+00
3.887367268275884746e-01 -6.091586496087110447e+00
3.796276262604025842e-01 -6.161842366659595172e+00
3.632361059989119845e-01 -6.230753823037737504e+00
3.622908785809727528e-01 -6.156409500824274517e+00
3.628521283968594857e-01 -6.084314176731390411e+00
3.668635754489204537e-01 -6.012509695920774888e+00
3.797694228890672319e-01 -5.941576700359714636e+00
3.926752703292100133e-01 -5.870643704798650830e+00
4.055811177693530167e-01 -5.799710709237590578e+00
4.184869652094999060e-01 -5.728777713676530325e+00
4.385446025801500447e-01 -5.659580081077660196e+00
4.597765954752821571e-01 -5.590679767325726246e+00
4.810085883704182108e-01 -5.521779453573794072e+00
5.022405812655498236e-01 -5.452879139821860122e+00
5.257971113694424048e-01 -5.384779397791337630e+00
5.517279786605462366e-01 -5.317506514108943705e+00
5.780493563738864360e-01 -5.250393182341227316e+00
6.233779921206841212e-01 -5.194510597385990636e+00
6.695951441633589685e-01 -5.139175024609714981e+00
7.158122962060298189e-01 -5.083839451833439327e+00
7.723745028770481191e-01 -5.039262484039669587e+00
8.265828843527887049e-01 -4.992277911539513724e+00
8.437990535698773886e-01 -4.924393066536182140e+00
8.433281120219517923e-01 -4.862658684118827956e+00
8.428571704740227544e-01 -4.800924301701478214e+00
8.423862289260937164e-01 -4.739189919284126695e+00
8.419152873781643454e-01 -4.677455536866773400e+00
8.414443458302391932e-01 -4.615721154449422770e+00
8.409734042823100442e-01 -4.553986772032072139e+00
8.405024627343811172e-01 -4.492252389614721508e+00
8.400315211864517462e-01 -4.430518007197367325e+00
8.377547674878083050e-01 -4.368825498615855452e+00
8.352984130094774917e-01 -4.307138205912496076e+00
8.328420585311426816e-01 -4.245450913209134924e+00
8.303857040528114242e-01 -4.183763620505770220e+00
8.279293495744766140e-01 -4.122076327802409068e+00
8.253777990183354119e-01 -4.060392947898662896e+00
8.227467035599822509e-01 -3.998712861200583113e+00
8.201156081016297561e-01 -3.937032774502506882e+00
8.174845126432804809e-01 -3.875352687804427099e+00
7.988218250676124566e-01 -3.816782981055196089e+00
6.989427834505461679e-01 -3.863424592297495686e+00
6.037691300555302343e-01 -3.942881600497312622e+00
5.280876914675745049e-01 -4.042596489786509650e+00
4.524062528796184424e-01 -4.142311379075707123e+00
3.889046723695953056e-01 -4.250064143078136070e+00
3.273751581053920834e-01 -4.359081839655850388e+00
2.658456438411844758e-01 -4.468099536233561153e+00
2.093110283605544297e-01 -4.579748032890763376e+00
1.543240789863769558e-01 -4.692207690951873289e+00
1.042051715667969281e-01 -4.806814836203308516e+00
5.873136574587989323e-02 -4.923446188235514498e+00
1.390139462537043347e-02 -5.040300899351102260e+00
-2.044966462824115982e-02 -5.160528804661195679e+00
-2.389560965520520774e-02 -5.285660048622716545e+00
-3.102624303875001210e-02 -5.410211529594493918e+00
-6.752249098533813498e-02 -5.529956104329725619e+00
-7.686050692089407832e-02 -5.654660317770341393e+00
-8.385937052656411428e-02 -5.779607040266995455e+00
-6.950731310373436944e-02 -5.903962587838260667e+00
-1.061910103065687450e-01 -5.788406187999795449e+00
-1.035536652273273406e-01 -5.659747191461882210e+00
-9.291760966388151743e-02 -5.532386321070925206e+00
-5.753150331404677242e-02 -5.409267477358769227e+00
-5.879706486429925327e-02 -5.280587675784586210e+00
-4.977781483295085074e-02 -5.153202134358872755e+00
-1.318679605807160371e-02 -5.029827946117466198e+00
2.892332160730382018e-02 -4.908266600455448270e+00
7.292677079506648674e-02 -4.787340155727456192e+00
1.300243692140775620e-01 -4.672025168457278888e+00
1.873077833694844485e-01 -4.556791911791031602e+00
2.445911975248912795e-01 -4.441558655124785204e+00
3.039218762974878474e-01 -4.327398637473443443e+00
3.664571782385688259e-01 -4.214928957157605183e+00
4.344095412707407178e-01 -4.105944289169815242e+00
5.118346198460868024e-01 -4.003155913432031809e+00
5.879237428885513150e-01 -3.899395478777171853e+00
6.828783234391284651e-01 -3.816532184425486918e+00
7.811872397413531788e-01 -3.738006420503452887e+00
7.708245916057769875e-01 -3.645955462800278823e+00
7.581547731349246311e-01 -3.565685732715479617e+00
7.454849546640761604e-01 -3.485416002630680410e+00
7.328151361932233598e-01 -3.405146272545877206e+00
7.201453177223748892e-01 -3.324876542461077555e+00
7.074754992515188690e-01 -3.244606812376279237e+00
6.948056807806665125e-01 -3.164337082291480030e+00
6.821358623098179308e-01 -3.084067352206680379e+00
6.694660438389656854e-01 -3.003797622121881172e+00
6.567962253681133289e-01 -2.923527892037081966e+00
6.427447450264046624e-01 -2.843494260832145848e+00
6.279453264466585694e-01 -2.763589748583637817e+00
6.131459078669121432e-01 -2.683685236335125790e+00
5.983464892871622753e-01 -2.603780724086618203e+00
5.835470707074197350e-01 -2.523876211838105732e+00
5.687476521276731978e-01 -2.443971699589593705e+00
5.534415785128883325e-01 -2.364164883735677236e+00
5.373199900364776793e-01 -2.284516605330126460e+00
5.211984015600670261e-01 -2.204868326924575683e+00
3.891878597441927878e-01 -2.334409003581611852e+00
2.836864303036997215e-01 -2.497926516683782072e+00
1.835149108077591129e-01 -2.665369865290829310e+00
9.803577868700441567e-02 -2.840467974238158000e+00
1.876165305649901693e-02 -3.018757685989520212e+00
-6.049328061679304369e-02 -3.197055887749651326e+00
-1.378129702821766500e-01 -3.376201589989641150e+00
-2.150727050706927601e-01 -3.555373411689577434e+00
-2.923324398592127560e-01 -3.734545233389513719e+00
-3.644898516714374370e-01 -3.915725164624267673e+00
-4.296513557870406119e-01 -4.099642501197678257e+00
-4.948128599026432317e-01 -4.283559837771095502e+00
-5.585912926204185114e-01 -4.467955327298259505e+00
-6.208223808937148869e-01 -4.652884773204493563e+00
-6.760364030369966359e-01 -4.839982417904963086e+00
-7.300004135115335524e-01 -5.027468923426411607e+00
-7.906069819683766431e-01 -5.212937120621378817e+00
-8.299461758103038322e-01 -5.403923950438365154e+00
-8.214166042868241702e-01 -5.598263498648854863e+00
-8.615014517962639173e-01 -5.414928358613709136e+00
-8.160163125272047457e-01 -5.222554075442303656e+00
-7.621969467885857386e-01 -5.031437795544875691e+00
-7.069532121941156655e-01 -4.840724519131573977e+00
-6.561285279601315468e-01 -4.648813539736416978e+00
-6.076645145643712054e-01 -4.456265718617050453e+00
-5.513407882644639768e-01 -4.266169903987265144e+00
-4.816854588678726179e-01 -4.080235616942371024e+00
-4.120301294712805928e-01 -3.894301329897476904e+00
-3.421650484228457856e-01 -3.708447784749218545e+00
-2.623182979829018491e-01 -3.526658311460955986e+00
-1.824084035464208498e-01 -3.344895188734176461e+00
-9.850409885276456556e-02 -3.164958454457862391e+00
-1.319359420502852487e-02 -2.985666676037907141e+00
7.145910082909179284e-02 -2.806064391286259951e+00
1.556240855754628116e-01 -2.626232026693887889e+00
2.457777320942443611e-01 -2.449462487467963356e+00
3.427746732853726441e-01 -2.276214892883510643e+00
4.938459320361723304e-01 -2.148526571627700221e+00
4.680234541628502942e-01 -2.028798263486008224e+00
4.426143580686962009e-01 -1.923691108441266673e+00
4.172052619745459379e-01 -1.818583953396524455e+00
3.917961658804000047e-01 -1.713476798351785790e+00
3.663870697862497416e-01 -1.608369643307043351e+00
3.409779736920957038e-01 -1.503262488262301799e+00
3.155688775979454408e-01 -1.398155333217559360e+00
2.901597815037956218e-01 -1.293048178172821139e+00
2.647506854096491891e-01 -1.187941023128078033e+00
2.393415893154994256e-01 -1.082833868083340256e+00
2.140649506662611889e-01 -9.776948156532878631e-01
1.888433349897754021e-01 -8.725425151145520530e-01
1.636217193132973313e-01 -7.673902145758146887e-01
1.384001036368114335e-01 -6.622379140370791006e-01
1.131784879603295879e-01 -5.570856134983426244e-01
8.832115374177529343e-02 -4.518474790413185005e-01
6.396084717161432120e-02 -3.464923098765906317e-01
3.960054060145346000e-02 -2.411371407118618748e-01
-2.886981641301300527e-03 -1.428655904722431202e-01
-1.282045123515292984e-01 -4.000169373140112228e-01
-2.501875544649715399e-01 -6.719660162818934523e-01
-3.787147236605098444e-01 -9.409748714019758875e-01
-5.069680784120685901e-01 -1.210111328275821352e+00
-6.295830337596329818e-01 -1.481865941998476766e+00
-7.559809984454849419e-01 -1.751833647931653415e+00
-8.494338971943865557e-01 -2.033782900538033900e+00
-9.272122732229476361e-01 -2.321594508324787753e+00
-1.018389717609164524e+00 -2.605400134132032086e+00
-1.133658173248390799e+00 -2.879668361709528668e+00
-1.234893925507272616e+00 -3.159535831848972354e+00
-1.323643118377833439e+00 -3.444148040470004446e+00
-1.412351644857928079e+00 -3.728774865721844911e+00
-1.502756967228343843e+00 -4.012852753196285427e+00
-1.565791547386076399e+00 -4.304246382104002677e+00
-1.625896973679669344e+00 -4.593527812784438780e+00
-1.706267568995708750e+00 -4.873877677961275801e+00
-1.807746715762492684e+00 -5.154209781455962869e+00
-1.942206059632386683e+00 -5.420256927555854531e+00
-1.925672447115081454e+00 -5.357173748604786567e+00
-1.893280425634728648e+00 -5.285382495570953409e+00
-1.860888404154374953e+00 -5.213591242537118475e+00
-1.831458031083201821e+00 -5.140611068469016942e+00
-1.805698711599905248e+00 -5.066182011458264967e+00
-1.779939392116611785e+00 -4.991752954447518320e+00
-1.754244500759040815e+00 -4.917301818985214013e+00
-1.731734694793925389e+00 -4.841828760871756288e+00
-1.703335474312262399e+00 -4.768870482571684555e+00
-1.671770420125652912e+00 -4.697889823447386703e+00
-1.661684676473508482e+00 -4.619777693513971606e+00
-1.661275704627668492e+00 -4.541506392205436171e+00
-1.649402904987005591e+00 -4.464956967288729039e+00
-1.626003145333918098e+00 -4.389752723286616032e+00
-1.602603385680831494e+00 -4.314548479284503024e+00
-1.583506683757692546e+00 -4.238270403901772454e+00
-1.569256794929878129e+00 -4.160809654253020184e+00
-1.555006906102064157e+00 -4.083348904604267027e+00
-1.541613136990095612e+00 -4.005739548533739480e+00
-1.603454053527209489e+00 -3.999367331215001098e+00
-1.674369626771823327e+00 -4.012501874218103559e+00
-1.745285200016441607e+00 -4.025636417221202912e+00
-1.815421168185681111e+00 -4.041969290871620046e+00
-1.884280615985248097e+00 -4.063414831136477723e+00
-1.945755036299655405e+00 -4.098086184586409608e+00
-1.998641053317889327e+00 -4.147122945821833717e+00
-2.051527070336122804e+00 -4.196159707057257826e+00
-2.104413087354361167e+00 -4.245196468292682823e+00
-2.163860000730402966e+00 -4.285453643190439976e+00
-2.226124213273020125e+00 -4.321850107097819027e+00
-2.259751580068487531e+00 -4.380659748518944241e+00
-2.277413622610142241e+00 -4.450585330402614836e+00
-2.296576204133616184e+00 -4.519990148734159163e+00
-2.338288995206151188e+00 -4.578702214745950627e+00
-2.380884374879636223e+00 -4.636901599441882738e+00
-2.422770064158788816e+00 -4.695612197445573344e+00
-2.461629575580782880e+00 -4.756075264635848399e+00
-2.489282462391108730e+00 -4.822683400772215023e+00
-2.485282199294836403e+00 -4.740401571795441527e+00
-2.451180971475262371e+00 -4.678516513484870742e+00
-2.405888698016145355e+00 -4.621209770114465876e+00
-2.360826621269510817e+00 -4.563746265800873836e+00
-2.329667231444992215e+00 -4.497741220411805685e+00
-2.307296988611678312e+00 -4.428473190138356941e+00
-2.290188303312183038e+00 -4.357460897131161914e+00
-2.260727480820902358e+00 -4.294508670921204363e+00
-2.197391470456923734e+00 -4.258121823544837703e+00
-2.134055460092949108e+00 -4.221734976168468378e+00
-2.077299431947048358e+00 -4.176521301668899788e+00
-2.024740733294132511e+00 -4.125796198744126286e+00
-1.972182034641212667e+00 -4.075071095819351896e+00
-1.909314212908410191e+00 -4.041558603587652065e+00
-1.838901171607231433e+00 -4.022130364204340225e+00
-1.768488130306049122e+00 -4.002702124821027496e+00
-1.697640781172618851e+00 -3.985000806225913905e+00
-1.626380292524452376e+00 -3.968957252117137458e+00
-1.559421854771499749e+00 -3.943400615376762897e+00
-1.515744701053409305e+00 -3.898717116457830922e+00
-1.497401972179489338e+00 -3.857597109720164674e+00
-1.483902698686507815e+00 -3.813937261562311942e+00
-1.470403425193521851e+00 -3.770277413404458322e+00
-1.456904151700539440e+00 -3.726617565246605590e+00
-1.443404878207557918e+00 -3.682957717088748861e+00
-1.429905604714572398e+00 -3.639297868930895685e+00
-1.416406331221590875e+00 -3.595638020773042953e+00
-1.402907057728609352e+00 -3.551978172615189777e+00
-1.389407784235622945e+00 -3.508318324457336601e+00
-1.375908510742637425e+00 -3.464658476299478984e+00
-1.362339770263920169e+00 -3.421020375468280861e+00
-1.348502289524919462e+00 -3.377466536914106587e+00
-1.334664808785918755e+00 -3.333912698359935423e+00
-1.320827328046918048e+00 -3.290358859805760705e+00
-1.306989847307916897e+00 -3.246805021251589984e+00
-1.293152366568913081e+00 -3.203251182697414823e+00
-1.279314885829912818e+00 -3.159697344143240105e+00
-1.282786276187583674e+00 -3.114370300966456728e+00
-1.380859817150200008e+00 -3.116787474270927838e+00
-1.487112576312836776e+00 -3.139126960060016902e+00
-1.590114213347534555e+00 -3.170596307620106913e+00
-1.686043596877797146e+00 -3.221451541672243568e+00
-1.781972980408065066e+00 -3.272306775724376671e+00
-1.876530829565052905e+00 -3.325526748734745741e+00
-1.967979025666864334e+00 -3.384058183748067883e+00
-2.059427221768675764e+00 -3.442589618761386472e+00
-2.149061896791431447e+00 -3.503377142970547808e+00
-2.221930544744972202e+00 -3.583867244904761051e+00
-2.294771963168716233e+00 -3.664383263292480208e+00
-2.367613381592460264e+00 -3.744899281680199365e+00
-2.427834396127377392e+00 -3.834932533693466539e+00
-2.484529924427730574e+00 -3.927530149892472178e+00
-2.542200933800606411e+00 -4.019425639284555984e+00
-2.623399399924976727e+00 -4.091401347517791720e+00
-2.696811545176901248e+00 -4.169059427489935743e+00
-2.738674472967805862e+00 -4.269240247669086052e+00
-2.776674171644849753e+00 -4.370926666019598450e+00
-2.774651807875184506e+00 -4.295811145610061388e+00
-2.742776001347143389e+00 -4.188136422254609137e+00
-2.680956075001102779e+00 -4.096907323201691042e+00
-2.592860349666022746e+00 -4.025684236558254803e+00
-2.524543004345664254e+00 -3.936691143568767259e+00
-2.464094677751030193e+00 -3.840880994287800831e+00
-2.401107986132188454e+00 -3.746897028471365410e+00
-2.329199318570470911e+00 -3.659360016740149213e+00
-2.257290651008753368e+00 -3.571823005008933016e+00
-2.177399795942119631e+00 -3.492528733934045615e+00
-2.086626552240057553e+00 -3.424751133496005018e+00
-1.991873855729294096e+00 -3.362753853461827092e+00
-1.896004988870943819e+00 -3.302398694107975263e+00
-1.800136122012590878e+00 -3.242043534754127432e+00
-1.703343515448205281e+00 -3.183343879586189473e+00
-1.600767471480600612e+00 -3.135263321173367146e+00
-1.492446765781396234e+00 -3.103661198999109416e+00
-1.381974155365844226e+00 -3.078573607617970165e+00
-1.271562400371878621e+00 -3.053220395838085910e+00
-1.236213302191828234e+00 -2.989415089592896813e+00
-1.208667051860623065e+00 -2.928987094246593870e+00
-1.181120801529421005e+00 -2.868559098900291815e+00
-1.153574551198215392e+00 -2.808131103553984875e+00
-1.126028300867010223e+00 -2.747703108207682376e+00
-1.101142087712220885e+00 -2.686232377636921687e+00
-1.080879412107239812e+00 -2.622988702014693807e+00
-1.060616736502263180e+00 -2.559745026392462819e+00
-1.040354060897282107e+00 -2.496501350770238936e+00
-1.020091385292301478e+00 -2.433257675148007504e+00
-9.998287096873247348e-01 -2.370013999525780513e+00
-9.795660340823476586e-01 -2.306770323903553521e+00
-9.593033584773628109e-01 -2.243526648281325198e+00
-9.390406828723855126e-01 -2.180282972659098206e+00
-9.191372305220953942e-01 -2.116930920727026155e+00
-9.018119369508100780e-01 -2.052820291876959580e+00
-8.844866433795292027e-01 -1.988709663026893004e+00
-8.671613498082483273e-01 -1.924599034176823098e+00
-8.671279967503312536e-01 -1.859039218161194995e+00
-1.007199488651795427e+00 -1.851623935892538375e+00
-1.152892128417901674e+00 -1.875757038497446239e+00
-1.296052536856918458e+00 -1.910517569632644186e+00
-1.436923847415044531e+00 -1.954834900159097000e+00
-1.576793366768044269e+00 -2.001605115934963930e+00
-1.703214507785989262e+00 -2.077936282748236163e+00
-1.820066550120458260e+00 -2.167625561530406308e+00
-1.932580579192757053e+00 -2.263277771046302789e+00
-2.045094608265055847e+00 -2.358929980562195716e+00
-2.152389493677592913e+00 -2.460336165547560849e+00
-2.258341850649686400e+00 -2.563209145359624408e+00
-2.362441773557320435e+00 -2.667937328732855384e+00
-2.447119553622468580e+00 -2.786550003602950021e+00
-2.508947683232247261e+00 -2.920662025108523352e+00
-2.571374550924222735e+00 -3.054468583133602255e+00
-2.647701483208276585e+00 -3.180888743206317759e+00
-2.764034571265442608e+00 -3.264977484577783695e+00
-2.875967565576848184e+00 -3.359387655135371631e+00
-2.995856042287996956e+00 -3.440666611364859406e+00
-2.888125468361578463e+00 -3.333940975865146150e+00
-2.771466524925464636e+00 -3.242478559897687074e+00
-2.669050262476923674e+00 -3.138202862215565325e+00
-2.587512483295870691e+00 -3.013726735998925044e+00
-2.527304749197095024e+00 -2.877561112263705034e+00
-2.467254824249528689e+00 -2.741323146311092973e+00
-2.376051863629732086e+00 -2.624911889273161769e+00
-2.272041484335563410e+00 -2.518675497419645026e+00
-2.161381246435889913e+00 -2.419070835876617753e+00
-2.050721008536211976e+00 -2.319466174333590036e+00
-1.939388153657519709e+00 -2.220658932033631849e+00
-1.820709618831769294e+00 -2.130757974170403024e+00
-1.702031084006014883e+00 -2.040857016307173311e+00
-1.574597218002701027e+00 -1.964160804669153659e+00
-1.439455686956885749e+00 -1.902965884789753925e+00
-1.299261631998980704e+00 -1.852842000187961968e+00
-1.156701005482702715e+00 -1.813686088482679093e+00
-1.008064648710550681e+00 -1.805083164641617888e+00
-8.637372281397218687e-01 -1.778452345207952146e+00
-8.051887094298243452e-01 -1.694354996695723647e+00
-7.667949387924434257e-01 -1.607433095506071385e+00
-7.284011681550580652e-01 -1.520511194316422676e+00
-6.900073975176691521e-01 -1.433589293126770192e+00
-6.516136268802840137e-01 -1.346667391937121039e+00
-6.132198562428986532e-01 -1.259745490747472330e+00
-5.747620687460052169e-01 -1.172851953980245554e+00
-5.361553701940856564e-01 -1.086024415968962042e+00
-4.975486716421618771e-01 -9.991968779576823056e-01
-4.589419730902420946e-01 -9.123693399463987941e-01
-4.203352745383223121e-01 -8.255418019351188352e-01
-3.817285759864025296e-01 -7.387142639238359898e-01
-3.387194952973738848e-01 -6.540297630834488452e-01
-2.938956618597118320e-01 -5.702423983669708818e-01
-2.490718284220538870e-01 -4.864550336504933625e-01
-2.042479949843917231e-01 -4.026676689340149551e-01
-1.594241615467297812e-01 -3.188803042175369917e-01
-1.186998134844550190e-01 -2.330656132046566853e-01
-9.777265891023734223e-02 -1.411463417678460175e-01
-3.435880261543985403e-01 -2.301249153142461701e-01
-5.839342555409013924e-01 -3.188002416081490153e-01
-8.298133615088679749e-01 -3.910994397401532652e-01
-1.075692467476834668e+00 -4.633986378721544064e-01
-1.303598252760518772e+00 -5.754980193864445148e-01
-1.523289064631655254e+00 -7.072847044599113175e-01
-1.746960675765264259e+00 -8.324035246870542526e-01
-1.974506646843711799e+00 -9.501173686100892191e-01
-2.192644688133194020e+00 -1.078066610924257152e+00
-2.351560572933984794e+00 -1.279137370509332960e+00
-2.527968566294144903e+00 -1.464654049654583456e+00
-2.719249394147676302e+00 -1.634232920854279403e+00
-2.914255001412641821e+00 -1.797978137184685909e+00
-3.073170886213430819e+00 -1.999048896769761052e+00
-3.224481184039259762e+00 -2.205818541035656111e+00
-3.419244395753279875e+00 -2.357212628743308169e+00
-3.567331495521321116e+00 -2.566358087988167558e+00
-3.726185271491844198e+00 -2.767472620624587432e+00
-3.836820645126030271e+00 -2.996025782319100106e+00
-3.852037261430276693e+00 -2.941572321676478197e+00
-3.820546285018132870e+00 -2.863747040947368649e+00
-3.781800326920309985e+00 -2.787740156724973772e+00
-3.733053056594385133e+00 -2.718104738125420639e+00
-3.680153342444941522e+00 -2.651172563791837078e+00
-3.627253628295493471e+00 -2.584240389458249965e+00
-3.574373392592880450e+00 -2.517292917986915679e+00
-3.523223950804898585e+00 -2.449016683860400612e+00
-3.472257382930605374e+00 -2.380601008191516321e+00
-3.423935374013191257e+00 -2.310364657607212990e+00
-3.372213396734489166e+00 -2.245628713949911148e+00
-3.292897146607772552e+00 -2.214208526427380974e+00
-3.231124710058026928e+00 -2.158937886669802353e+00
-3.179229763497962047e+00 -2.091223706178246822e+00
-3.127334816937897166e+00 -2.023509525686691735e+00
-3.075439870377828733e+00 -1.955795345195139756e+00
-3.023539088241252504e+00 -1.888085682188358483e+00
-2.970694665732996231e+00 -1.821110041335352703e+00
-2.917794951583549068e+00 -1.754177867001765589e+00
-2.993980706795730473e+00 -1.718864246439169685e+00
-3.064592009615190182e+00 -1.705175711033401598e+00
-3.135340107530698361e+00 -1.692619833635136573e+00
-3.207253062580886382e+00 -1.691256388232408314e+00
-3.279166017631070851e+00 -1.689892942829678946e+00
-3.350310619013048274e+00 -1.696568798424125557e+00
-3.420561438802582899e+00 -1.712001050570662208e+00
-3.490979669433212251e+00 -1.725043565168160375e+00
-3.562670740644174217e+00 -1.719236466405350772e+00
-3.634361811855136182e+00 -1.713429367642538281e+00
-3.704357060376555211e+00 -1.713858083616337069e+00
-3.760126593489871993e+00 -1.759260540098039449e+00
-3.814586338889309758e+00 -1.806101246785792203e+00
-3.863092276049477469e+00 -1.859209684417018504e+00
-3.911598213209649622e+00 -1.912318122048245694e+00
-3.972313760642221858e+00 -1.950062574719910735e+00
-4.035535192539810190e+00 -1.984361009614733051e+00
-4.089103511297972560e+00 -2.032257456403070872e+00
-4.141764244234607872e+00 -2.081249081136208101e+00
-4.122312475299051648e+00 -2.024020642148692595e+00
-4.070003734470556189e+00 -1.969860471822971082e+00
-4.008577162526126614e+00 -1.927736834882163297e+00
-3.942262216107905282e+00 -1.892938259164842929e+00
-3.890285639453271216e+00 -1.838275421723087222e+00
-3.838348537577085828e+00 -1.783574668140950559e+00
-3.785383400415623711e+00 -1.729887806720622923e+00
-3.731350758273504375e+00 -1.677255985767020841e+00
-3.662734807414691041e+00 -1.667292490349892908e+00
-3.588385862873855636e+00 -1.680015282473284133e+00
-3.513275940662496488e+00 -1.683798630148085618e+00
-3.437847590161317690e+00 -1.683352609495696317e+00
-3.363211782663364957e+00 -1.674314073867505526e+00
-3.288984472728662567e+00 -1.660940486270497951e+00
-3.213667224054190363e+00 -1.662910046417278354e+00
-3.138297985775451160e+00 -1.665928806930097927e+00
-3.063780475675675241e+00 -1.677040235718450178e+00
-2.989501388134561122e+00 -1.690164722291649380e+00
-2.914669030957176776e+00 -1.698167671097207787e+00
-2.853139398677496885e+00 -1.673510664956512572e+00
-2.813406902620951833e+00 -1.645710601098493431e+00
-2.774733978312429628e+00 -1.616524627386766833e+00
-2.738240596725535436e+00 -1.584591135661824746e+00
-2.701747215138637692e+00 -1.552657643936888210e+00
-2.665253833551743501e+00 -1.520724152211951008e+00
-2.628760451964848865e+00 -1.488790660487014028e+00
-2.592267070377954674e+00 -1.456857168762073274e+00
-2.555773688791060483e+00 -1.424923677037135850e+00
-2.521906614096180554e+00 -1.390332705356282172e+00
-2.490213899179008372e+00 -1.353630026781386553e+00
-2.458521184261837522e+00 -1.316927348206487602e+00
-2.426828469344665784e+00 -1.280224669631588208e+00
-2.395135754427494490e+00 -1.243521991056688814e+00
-2.363421921066863884e+00 -1.206837637432342625e+00
-2.330704112426368990e+00 -1.171049593626142471e+00
-2.297806246408252040e+00 -1.135423125869043259e+00
-2.264908380390139087e+00 -1.099796658111948711e+00
-2.242574276434737612e+00 -1.057529808865260046e+00
-2.344576213694850253e+00 -1.028956864313808506e+00
-2.446972615601094247e+00 -1.006646899754051860e+00
-2.549599209680879941e+00 -9.854897167317442364e-01
-2.652799295192029838e+00 -9.672551344087663150e-01
-2.755999380703183288e+00 -9.490205520857848409e-01
-2.859199466214333629e+00 -9.307859697628033668e-01
-2.963630043222933441e+00 -9.368262761823922258e-01
-3.068086183234344233e+00 -9.452922348356314064e-01
-3.171201501185202165e+00 -9.628181068305086132e-01
-3.273559530957097508e+00 -9.853034661387003457e-01
-3.375072019055906480e+00 -1.010755735485875384e+00
-3.473288178847423247e+00 -1.047311769157623473e+00
-3.571504338638940901e+00 -1.083867802829365345e+00
-3.669720498430457667e+00 -1.120423836501106329e+00
-3.765104648388336805e+00 -1.163265142735367963e+00
-3.859165862609232001e+00 -1.208006394391695881e+00
-3.962468792021369701e+00 -1.225649025059283304e+00
-4.065357016499571152e+00 -1.245495417896659074e+00
-4.167997224267339540e+00 -1.266655412967350625e+00
-4.103694922087835373e+00 -1.222193139375951754e+00
-3.997951315017877150e+00 -1.197272529399364682e+00
-3.892000552381947642e+00 -1.173276406587917098e+00
-3.791304976945694349e+00 -1.135712479895801374e+00
-3.695859071878223823e+00 -1.083997537588874849e+00
-3.593718343319443065e+00 -1.046983772483819353e+00
-3.491577614760658754e+00 -1.009970007378769852e+00
-3.389025538135738813e+00 -9.741487482580621915e-01
-3.285695840551594582e+00 -9.405969847434527686e-01
-3.182294581535636269e+00 -9.072782040008187110e-01
-3.074607693326944169e+00 -8.935719758968596604e-01
-2.966704546463390546e+00 -8.809363858942824699e-01
-2.858697806668824892e+00 -8.851629089880224122e-01
-2.750661526900922027e+00 -8.966044775728996274e-01
-2.643030142284326534e+00 -9.106244961635407975e-01
-2.536846086057373384e+00 -9.335960751463245888e-01
-2.430662029830419346e+00 -9.565676541291037172e-01
-2.324346370395381278e+00 -9.788514639072123380e-01
-2.216830860191433494e+00 -9.944451261889108995e-01
-2.154413228070323871e+00 -9.728758765251153129e-01
-2.103965376781540275e+00 -9.492294112602033263e-01
-2.053517525492757123e+00 -9.255829459952962246e-01
-2.003597534347347775e+00 -9.008588657247200704e-01
-1.953994560123437196e+00 -8.754878987088241526e-01
-1.904391585899525730e+00 -8.501169316929333419e-01
-1.854788611675611154e+00 -8.247459646770374242e-01
-1.805185637451700575e+00 -7.993749976611403962e-01
-1.755582663227788665e+00 -7.740040306452495855e-01
-1.705979689003873645e+00 -7.486330636293572205e-01
-1.657519199547280664e+00 -7.211869167820554871e-01
-1.609674622584321479e+00 -6.926380556066082939e-01
-1.561830045621356966e+00 -6.640891944311655415e-01
-1.513985468658393785e+00 -6.355403332557223450e-01
-1.466140891695430604e+00 -6.069914720802747077e-01
-1.416447898617048118e+00 -5.818563705444099732e-01
-1.366358558455067040e+00 -5.574596695109335087e-01
-1.316269218293081966e+00 -5.330629684774552679e-01
-1.278294762551402286e+00 -4.944535822434024119e-01
-1.398450153955270281e+00 -3.930804400456691106e-01
-1.536728513113069461e+00 -3.267032939987291051e-01
-1.677249176546717013e+00 -2.645776522123592933e-01
-1.820077180453502308e+00 -2.087982768032143888e-01
-1.968080326516376655e+00 -1.675584783714527681e-01
-2.116083472579251001e+00 -1.263186799396871507e-01
-2.267354121487704877e+00 -1.017343524471341354e-01
-2.420045986774695290e+00 -1.178607221766472257e-01
-2.572644590359214778e+00 -1.357302046329662559e-01
-2.725252340719479083e+00 -1.366204181919150606e-01
-2.877898286083654167e+00 -1.199572281038596699e-01
-3.031241644911957689e+00 -1.294829250007776267e-01
-3.184517985098323400e+00 -1.396663566419253932e-01
-3.333138660285897004e+00 -1.772320775124898162e-01
-3.483498460828880816e+00 -1.948447935406552034e-01
-3.636658620703551392e+00 -2.006515813931173398e-01
-3.788777978383571110e+00 -2.221736312802633506e-01
-3.940803986552965377e+00 -2.443940061484082271e-01
-4.083701283826043138e+00 -2.956265098832275839e-01
-3.966345222868241649e+00 -2.223711740412901428e-01
-3.813598944001938662e+00 -1.957960962055609322e-01
-3.658987070615110859e+00 -1.744776720231682177e-01
-3.504170853563984167e+00 -1.637683862601595486e-01
-3.351183646527911009e+00 -1.451125669084096792e-01
-3.200073433179968063e+00 -1.077943886203218682e-01
-3.044603252746200361e+00 -9.333063870993330013e-02
-2.889133072312432216e+00 -7.886688879955361386e-02
-2.733887519208017647e+00 -9.479649953919011551e-02
-2.578529690569578037e+00 -9.591834018494571623e-02
-2.423023770617555250e+00 -8.184404000863398920e-02
-2.267708456791994731e+00 -6.592126150612731550e-02
-2.114935011662949726e+00 -8.135151487343561527e-02
-1.963815875595676719e+00 -1.206348927813962746e-01
-1.812885237066833799e+00 -1.606295568310476263e-01
-1.662392129090732418e+00 -2.020962389859493058e-01
-1.520353962398925507e+00 -2.669448031058219151e-01
-1.378317174140302637e+00 -3.317963727236135085e-01
-1.237125070404521576e+00 -3.984654453295242149e-01
-1.166948395127844318e+00 -3.944162570594880179e-01
-1.106752242767027550e+00 -3.842981645891314635e-01
-1.046819342969670164e+00 -3.729501804011650101e-01
-9.880970028413792461e-01 -3.562876678612703074e-01
-9.293746627130851090e-01 -3.396251553213724961e-01
-8.706523225847903058e-01 -3.229626427814777934e-01
-8.119299824564990553e-01 -3.063001302415844229e-01
-7.532076423282051403e-01 -2.896376177016852793e-01
-6.944853021999138898e-01 -2.729751051617914648e-01
-6.357629620716193086e-01 -2.563125926218972062e-01
-5.770406219433249495e-01 -2.396500800819989507e-01
-5.198757413577989039e-01 -2.187560667711720974e-01
-4.644374538009067299e-01 -1.932110314992319111e-01
-4.089991662440197739e-01 -1.676659962272855076e-01
-3.535608786871323739e-01 -1.421209609553391040e-01
-2.981225911302403109e-01 -1.165759256833998059e-01
-2.426843035733529108e-01 -9.103089041145384641e-02
-1.872460160164648446e-01 -6.548585513951410420e-02
-1.385565801011704457e-01 -2.917470020254153695e-02
