1.022591414772950069e-01 -9.756329814567310521e-03
8.001882051731362688e-02 1.497396925000629153e-01
1.290809591987765181e-01 2.861822705231202857e-01
2.436761337693437446e-01 3.994778546854784729e-01
3.468120845062239721e-01 5.229713864990319649e-01
4.454359250635425149e-01 6.503668541522586999e-01
5.183988544167058565e-01 7.940474555764449605e-01
5.514050379608930186e-01 9.515465222888557228e-01
6.485862226148924048e-01 9.463735408488549439e-01
7.213610735387532280e-01 1.085414869153688677e+00
7.942483922117979933e-01 1.229134673642148456e+00
8.821539858724767313e-01 1.364039812807983143e+00
9.717268493000499330e-01 1.361887385802798889e+00
1.051636617225911285e+00 1.499954079928683015e+00
1.180561262961079549e+00 1.567524735658696322e+00
1.271186936154681479e+00 1.598434854717806441e+00
1.415589531757886821e+00 1.660691195518026131e+00
1.570289111118331471e+00 1.705813070160466349e+00
1.725653309447976236e+00 1.748201332490672222e+00
1.883947868041244256e+00 1.748579307039648700e+00
1.881951155502559203e+00 1.744081035660986601e+00
1.881918568871737030e+00 1.738366779864942036e+00
1.881885982240914634e+00 1.732652524068896582e+00
1.881853395610092461e+00 1.726938268272850241e+00
1.881820808979270288e+00 1.721224012476804788e+00
1.881788222348447892e+00 1.715509756680759779e+00
1.881755635717625941e+00 1.709795500884713881e+00
1.881723049086803767e+00 1.704081245088668872e+00
1.881690462455981372e+00 1.698366989292623419e+00
1.881657875825159643e+00 1.692652733496577966e+00
1.881625289194337691e+00 1.686938477700532069e+00
1.881592702563515074e+00 1.681224221904486615e+00
1.881560115932693344e+00 1.675509966108445159e+00
1.881527529301870949e+00 1.669795710312399706e+00
1.881494942671048776e+00 1.664081454516353809e+00
1.881462356040226380e+00 1.658367198720309243e+00
1.881429769409404651e+00 1.652652942924263346e+00
1.881397182778582033e+00 1.646938687128217449e+00
1.935092406829368672e+00 1.637338268163135879e+00
2.000624256616655217e+00 1.634443469632711476e+00
2.066156106403940651e+00 1.631548671102287962e+00
2.129970916524314806e+00 1.640498419109914785e+00
2.191520481456470826e+00 1.663180003087617376e+00
2.251771451160255122e+00 1.688639679140172323e+00
2.308210888703063457e+00 1.722067109267636731e+00
2.369777261951543146e+00 1.743646255685492807e+00
2.370595215515192145e+00 1.693765061305132935e+00
2.397642673710218109e+00 1.655459237103789061e+00
2.461890198088029003e+00 1.642228258062239821e+00
2.526887116883480555e+00 1.636928075479517020e+00
2.592470666220104469e+00 1.638193481140060914e+00
2.658054215556729272e+00 1.639458886800610138e+00
2.723637764893354518e+00 1.640724292461154921e+00
2.789221314229978432e+00 1.641989698121703256e+00
2.854702043682527002e+00 1.640356785361058556e+00
2.919993482814104535e+00 1.634045591242463402e+00
2.978873807644726313e+00 1.605342520193441924e+00
2.990042685651674415e+00 1.597540025246977358e+00
2.989042877784090280e+00 1.591279054164189244e+00
2.988043069916507033e+00 1.585018083081397133e+00
2.987043262048922010e+00 1.578757111998604579e+00
2.986043454181336543e+00 1.572496140915816909e+00
2.985043646313752408e+00 1.566235169833024798e+00
2.984043838446167829e+00 1.559974198750236241e+00
2.983044030578585026e+00 1.553713227667445462e+00
2.982044222710998227e+00 1.547452256584652908e+00
2.981044414843415868e+00 1.541191285501863906e+00
2.980044606975830401e+00 1.534930314419071795e+00
2.979044799108246266e+00 1.528669343336279685e+00
2.978044991240661687e+00 1.522408372253492459e+00
2.977045183373078441e+00 1.516147401170699904e+00
2.976045375505493418e+00 1.509886430087908238e+00
2.975045567637907951e+00 1.503625459005119680e+00
2.974045759770323816e+00 1.497364487922327569e+00
2.973286086683676555e+00 1.491130073984726856e+00
2.975629835334568707e+00 1.485238875725197971e+00
2.984420437647054669e+00 1.471888643818334952e+00
3.011962992529416461e+00 1.456442698490703958e+00
3.042866670533260542e+00 1.445945283884822796e+00
3.073770348537106845e+00 1.435447869278943411e+00
3.104674026540952259e+00 1.424950454673063138e+00
3.135577704544795896e+00 1.414453040067182421e+00
3.166963430040151461e+00 1.405531298545802166e+00
3.198466526203954885e+00 1.396999712546274086e+00
3.229969622367753423e+00 1.388468126546742898e+00
3.261472718531555071e+00 1.379936540547215262e+00
3.292975814695355830e+00 1.371404954547683186e+00
3.324478910859157033e+00 1.362873368548156439e+00
3.355982007022958236e+00 1.354341782548628803e+00
3.387485103186758106e+00 1.345810196549097615e+00
3.418988199350559309e+00 1.337278610549569535e+00
3.449934374888302457e+00 1.326970000371568315e+00
3.480607761608975892e+00 1.315817584729337408e+00
3.511281148329650215e+00 1.304665169087107834e+00
3.541954535050324537e+00 1.293512753444881813e+00
3.532554812570546154e+00 1.247658601335888129e+00
3.518213188575332495e+00 1.205437831113850944e+00
3.517539237189739154e+00 1.161897433675622260e+00
3.539702151865628199e+00 1.127527307269812429e+00
3.577379085130921066e+00 1.103679365709061333e+00
3.615056018396212156e+00 1.079831424148308905e+00
3.652732951661505023e+00 1.055983482587557365e+00
3.690409884926796114e+00 1.032135541026801828e+00
3.728086818192089424e+00 1.008287599466054285e+00
3.765763751457380071e+00 9.844396579052991925e-01
3.803440684722672938e+00 9.605917163445512053e-01
3.841117617987964472e+00 9.367437747837956685e-01
3.878794551253258671e+00 9.128958332230441286e-01
3.916471484518550206e+00 8.890478916622930328e-01
3.956061822878948586e+00 8.686358809395859915e-01
3.996298837680133165e+00 8.494197872457140974e-01
4.036535852481319075e+00 8.302036935518462002e-01
4.074141058941622262e+00 8.076318180592148011e-01
4.098663212101304687e+00 7.703901797846226529e-01
3.929539274722116726e+00 6.036943075538405701e-01
3.721317871995757365e+00 4.618386649337939964e-01
3.512082575119844119e+00 3.254630260345328097e-01
3.433038446800293464e+00 1.436480669186424031e-01
3.184825540693137835e+00 1.045350383332390720e-01
2.951613024513177752e+00 1.365551474940729371e-02
2.815294749760250070e+00 -1.260706524583612431e-01
2.568489209052458477e+00 -1.248695336288236923e-01
2.326238477757025969e+00 -1.716330857861416703e-01
2.197895619387314259e+00 -2.249251345070057972e-01
1.991415761349597302e+00 -2.705134467786274310e-01
1.872376215568329449e+00 -3.212041171271553530e-01
1.626654843149527574e+00 -2.670954225442014884e-01
1.388648386839129278e+00 -1.844388883134020496e-01
1.151791429817372148e+00 -9.858586660324752948e-02
9.136202376087914079e-01 -2.715331391591746524e-02
6.633525120347243398e-01 -5.622635009144372198e-02
4.146841289177558565e-01 -9.628055174053762322e-02
1.641548583694858177e-01 -1.117183214055734730e-01
3.760142679611768735e-01 -1.615536500219212357e-01
5.834663639485578868e-01 -2.257761993235307685e-01
7.896963570120258957e-01 -2.943286541638914233e-01
1.003482738958673126e+00 -3.318481402531268110e-01
1.212906901489605893e+00 -3.870230751026215721e-01
1.421429317765096068e+00 -4.421434894245805935e-01
1.638623856982343030e+00 -4.496788220519862822e-01
1.855818396199591991e+00 -4.572141546793844213e-01
2.072979334690478570e+00 -4.656261340184251196e-01
2.290112438293308905e+00 -4.747620205873859245e-01
2.507142797938085810e+00 -4.744640006241895858e-01
2.723902817375613239e+00 -4.589175228396007444e-01
2.905732032829523970e+00 -5.246735159003763638e-01
3.109725542626097017e+00 -5.643817277928757647e-01
3.240509639701943723e+00 -6.092099834356763388e-01
3.414719700125323332e+00 -6.974007504674781810e-01
3.547035425826197574e+00 -8.561792571847256506e-01
3.729044034929560159e+00 -9.681372854845654574e-01
3.934334717756255539e+00 -1.036092521275287837e+00
3.950989968513696660e+00 -1.044539210817190700e+00
3.954165182304116399e+00 -1.051475085504484541e+00
3.947734929883757626e+00 -1.058538385332568943e+00
3.941304677463395301e+00 -1.065601685160653567e+00
3.934874425043035640e+00 -1.072664984988738190e+00
3.928444172622676867e+00 -1.079728284816822814e+00
3.922013920202314541e+00 -1.086791584644903441e+00
3.915583667781953991e+00 -1.093854884472988509e+00
3.909153415361592110e+00 -1.100918184301072689e+00
3.902723162941232449e+00 -1.107981484129157757e+00
3.896292910520872343e+00 -1.115044783957242380e+00
3.889862658100510462e+00 -1.122108083785326560e+00
3.883432405680150357e+00 -1.129171383613411406e+00
3.882328155415971427e+00 -1.138353584372487237e+00
3.884591944004295083e+00 -1.147633326388209030e+00
3.886855732592616963e+00 -1.156913068403931044e+00
3.889119521180941064e+00 -1.166192810419653059e+00
3.891383309769263388e+00 -1.175472552435374851e+00
3.893647098357585712e+00 -1.184752294451096422e+00
3.904186592794804955e+00 -1.227955882391247977e+00
3.952012781303290367e+00 -1.260683140857589146e+00
4.003583493218211053e+00 -1.290543516303328309e+00
4.053829833780289604e+00 -1.322520251357971688e+00
4.103223883757892487e+00 -1.355858040366577200e+00
4.099748331180681049e+00 -1.392382437154099373e+00
4.058730079674311320e+00 -1.433425035502280620e+00
4.083393546744703784e+00 -1.487673480099705126e+00
4.108907554781104920e+00 -1.541432219574650153e+00
4.148890801781155879e+00 -1.585600576423131569e+00
4.189060357074530394e+00 -1.629618608826962189e+00
4.182256601824738240e+00 -1.670856257597428174e+00
4.184028129776333316e+00 -1.718885174552790662e+00
4.211980914483431704e+00 -1.771514274642862041e+00
4.249480447851360587e+00 -1.816665017700644480e+00
4.294290010162132631e+00 -1.855949664506862051e+00
4.339099572472904676e+00 -1.895234311313079623e+00
4.380049783088487914e+00 -1.938426073160090413e+00
4.419661342476318922e+00 -1.982946907743871501e+00
4.423037238608682031e+00 -1.994797504234457675e+00
4.417398047879964373e+00 -2.002459156388508354e+00
4.411758857151246715e+00 -2.010120808542557480e+00
4.406119666422529946e+00 -2.017782460696607938e+00
4.400480475693810511e+00 -2.025444112850658840e+00
4.394841284965095518e+00 -2.033105765004708854e+00
4.389202094236376084e+00 -2.040767417158758867e+00
4.383562903507660202e+00 -2.048429069312809325e+00
4.377923712778943433e+00 -2.056090721466859783e+00
4.372284522050224886e+00 -2.063752373620909353e+00
4.366645331321508117e+00 -2.071414025774959811e+00
4.361006140592788682e+00 -2.079075677929011157e+00
4.353706550560783484e+00 -2.085025928228486425e+00
4.344991367080123013e+00 -2.088839976301453571e+00
4.336276183599460765e+00 -2.092654024374423827e+00
4.327561000118799406e+00 -2.096468072447392306e+00
4.318845816638136270e+00 -2.100282120520359452e+00
4.310130633157475799e+00 -2.104096168593329708e+00
4.301415449676813552e+00 -2.107910216666299519e+00
4.290501227161159115e+00 -2.135557726424360148e+00
4.305072157618145212e+00 -2.166690229354689468e+00
4.319643088075127757e+00 -2.197822732285019676e+00
4.334214018532115631e+00 -2.228955235215348551e+00
4.348784948989098176e+00 -2.260087738145679204e+00
4.363355879446087826e+00 -2.291220241076007635e+00
4.377926809903070371e+00 -2.322352744006338732e+00
4.392497740360054692e+00 -2.353485246936667163e+00
4.407068670817041678e+00 -2.384617749866998260e+00
4.421639601274026887e+00 -2.415750252797326691e+00
4.436210531731010320e+00 -2.446882755727656900e+00
4.452405042729296269e+00 -2.477182260369357625e+00
4.469288657545456900e+00 -2.507123674895542109e+00
4.486172272361619306e+00 -2.537065089421726150e+00
4.503055887177779937e+00 -2.567006503947909302e+00
4.519939501993943232e+00 -2.596947918474093786e+00
4.536823116810102974e+00 -2.626889333000277826e+00
4.546570336044100102e+00 -2.659620655999016314e+00
4.553835545717893396e+00 -2.693217701724572422e+00
4.555938312351738517e+00 -2.706319681847871639e+00
4.553716192506989557e+00 -2.712416738978192132e+00
4.546704416721961906e+00 -2.715175171113171082e+00
4.539692640936935142e+00 -2.717933603248151808e+00
4.532680865151906602e+00 -2.720692035383129870e+00
4.525669089366879838e+00 -2.723450467518107487e+00
4.518657313581851298e+00 -2.726208899653086437e+00
4.511645537796824534e+00 -2.728967331788064943e+00
4.504633762011796883e+00 -2.731725763923043004e+00
4.497621986226769231e+00 -2.734484196058021510e+00
4.490610210441741579e+00 -2.737242628193001792e+00
4.483598434656712151e+00 -2.740001060327977633e+00
4.476586658871683611e+00 -2.742759492462958804e+00
4.472463162757245314e+00 -2.748320817369410474e+00
4.470963016485381303e+00 -2.755681211611328063e+00
4.469774838648621795e+00 -2.763121788264453649e+00
4.468586660811862288e+00 -2.770562364917578790e+00
4.467398482975104557e+00 -2.778002941570702156e+00
4.466210305138345937e+00 -2.785443518223827297e+00
4.463380485685981114e+00 -2.866991872305447941e+00
4.509399305991973250e+00 -2.939009003278330923e+00
4.555418126297968939e+00 -3.011026134251214792e+00
4.601436946603962852e+00 -3.083043265224095553e+00
4.645759525466810480e+00 -3.156004928055970105e+00
4.681459031015235972e+00 -3.233656356114431141e+00
4.658690862933743126e+00 -3.292915981088237132e+00
4.621937920811652667e+00 -3.365034008159883072e+00
4.635314032966579845e+00 -3.444577030512721016e+00
4.671617512448076326e+00 -3.521947931718903746e+00
4.707920991929575472e+00 -3.599318832925087364e+00
4.744224471411071953e+00 -3.676689734131272758e+00
4.780544237561978882e+00 -3.754052956153711929e+00
4.817563089647220131e+00 -3.831084100400127923e+00
4.854594150607489667e+00 -3.908109417667097851e+00
4.891625211567762754e+00 -3.985134734934066003e+00
4.928656272528034066e+00 -4.062160052201036819e+00
4.964121754714541979e+00 -4.139900008482307214e+00
4.997930513838619859e+00 -4.218393108703986982e+00
4.666167159084563920e+00 -4.067271583848969030e+00
4.348913960021901559e+00 -3.836742684271423176e+00
3.960706563673293878e+00 -3.776645775168319119e+00
3.691203187450889267e+00 -3.739824905792083154e+00
3.366418235324426078e+00 -3.740403202970448149e+00
3.078786582751368961e+00 -3.492957617090742595e+00
2.772145688794791951e+00 -3.516215045527243177e+00
2.491337272757406129e+00 -3.274073262790615502e+00
2.167953105020670179e+00 -3.182143994293844536e+00
1.852279826753597369e+00 -3.014483827696380569e+00
1.550727283824516523e+00 -2.885298731143917550e+00
1.255194701142057667e+00 -2.622914764326765180e+00
1.041679491823382042e+00 -2.311000822958447554e+00
9.315586594565157252e-01 -1.937715492081953705e+00
8.489097070432631842e-01 -1.551133280840468531e+00
7.137061982357946199e-01 -1.180208040380820833e+00
5.164162675370833622e-01 -8.416100988444275011e-01
2.936891992407927310e-01 -5.155071136706423918e-01
8.333377268936920101e-02 -1.975780619081066725e-01
9.331188309860499741e-02 -4.492329813792503845e-01
2.480486505864955005e-01 -6.449087086124798418e-01
3.849595146052884331e-01 -8.528121584309608094e-01
4.597579743842667432e-01 -1.088938346425205594e+00
4.983827328100912113e-01 -1.336309338232690935e+00
5.510002696364020291e-01 -1.576098436648383005e+00
7.096767232152396687e-01 -1.769842840922037697e+00
8.873214906030972848e-01 -1.945172281358083399e+00
1.059961432119635116e+00 -2.126579198335596388e+00
1.229735031509157972e+00 -2.310666427945553547e+00
1.398736281986826091e+00 -2.495473593511976063e+00
1.544623381040701293e+00 -2.698897922640765223e+00
1.697936361712424347e+00 -2.895964576554423964e+00
1.770314675749839806e+00 -3.126532233671286853e+00
1.948836926014171356e+00 -3.301856908872442986e+00
1.997702594490663008e+00 -3.538299031681640727e+00
2.076693213170190955e+00 -3.772075063870111933e+00
2.169505569761828401e+00 -4.002904425213218431e+00
2.285380716044357552e+00 -4.224838301537527485e+00
2.279008931860711407e+00 -4.232309843906145730e+00
2.270854867609221728e+00 -4.233892351743325122e+00
2.262700803357729384e+00 -4.235474859580504514e+00
2.254546739106239261e+00 -4.237057367417682130e+00
2.246392674854747362e+00 -4.238639875254860634e+00
2.238238610603257683e+00 -4.240222383092040914e+00
2.230084546351765340e+00 -4.241804890929216754e+00
2.221930482100275217e+00 -4.243387398766396146e+00
2.213776417848785538e+00 -4.244969906603576426e+00
2.205622353597293639e+00 -4.246552414440754930e+00
2.197468289345803516e+00 -4.248134922277932546e+00
2.189314225094311173e+00 -4.249717430115111938e+00
2.181160160842821938e+00 -4.251299937952290442e+00
2.173006096591329595e+00 -4.252882445789470722e+00
2.164887974631650724e+00 -4.254623325304143222e+00
2.158049126254498074e+00 -4.258647944356727777e+00
2.152607641819505258e+00 -4.264923559228270378e+00
2.147166157384513330e+00 -4.271199174099809426e+00
2.141724672949522290e+00 -4.277474788971352027e+00
2.109812343906918741e+00 -4.328277287165091636e+00
2.109401686080991212e+00 -4.400288532353394899e+00
2.108991028255064126e+00 -4.472299777541701715e+00
2.119005941885364841e+00 -4.542844839631928977e+00
2.139790931922624484e+00 -4.611792444830157933e+00
2.160575921959886792e+00 -4.680740050028388666e+00
2.153980513993608348e+00 -4.734654663956454179e+00
2.084019745395560008e+00 -4.751721559707895004e+00
2.077800305843825246e+00 -4.817013098336016874e+00
2.082710362094029932e+00 -4.888857927106359469e+00
2.087620418344233730e+00 -4.960702755876704728e+00
2.074232631247046488e+00 -5.030490215313556668e+00
2.047463246364806366e+00 -5.086514762447359672e+00
1.993539681549895359e+00 -5.038785974163219272e+00
1.996765281723482444e+00 -5.097514593511963454e+00
2.007309226328872320e+00 -5.168750913641364519e+00
2.017853170934258866e+00 -5.239987233770768249e+00
2.022763443986735243e+00 -5.311783312489520625e+00
2.026347883612450662e+00 -5.383706464992659591e+00
2.007890006660410620e+00 -5.407406326400483465e+00
1.972205198936926696e+00 -5.409946697823980521e+00
1.936520391213440107e+00 -5.412487069247479354e+00
1.911251299963824479e+00 -5.430463500153580370e+00
1.898941816954107020e+00 -5.464054207458799439e+00
1.886632333944387119e+00 -5.497644914764016733e+00
1.874322850934667883e+00 -5.531235622069235802e+00
1.862013367924946650e+00 -5.564826329374454872e+00
1.849703884915228747e+00 -5.598417036679672165e+00
1.839884599125375608e+00 -5.632535003897123360e+00
1.839680588032247766e+00 -5.668309539096132887e+00
1.839476576939119701e+00 -5.704084074295145967e+00
1.839272565845991858e+00 -5.739858609494158159e+00
1.839092905128785205e+00 -5.775633224691254952e+00
1.843071368731206139e+00 -5.811171925582385711e+00
1.842831937999190650e+00 -5.844342016487240166e+00
1.807894257377534064e+00 -5.836646728187861122e+00
1.772956576755877034e+00 -5.828951439888484742e+00
1.738018896134220226e+00 -5.821256151589105698e+00
1.725988959930033984e+00 -5.828082242919143674e+00
1.717652597306829731e+00 -5.854922688531052799e+00
1.709316234683625479e+00 -5.881763134142959260e+00
1.700979872060421005e+00 -5.908603579754864832e+00
1.692643509437218308e+00 -5.935444025366773957e+00
1.684307146814013834e+00 -5.962284470978679529e+00
1.675970784190809582e+00 -5.989124916590588654e+00
1.667874196259315989e+00 -6.016035198869926326e+00
1.662196984313172754e+00 -6.043560802929136777e+00
1.656528022599335959e+00 -6.071088377023459159e+00
1.650859060885497387e+00 -6.098615951117778877e+00
1.645190099171658815e+00 -6.126143525212101260e+00
1.639521137457822242e+00 -6.153671099306423642e+00
1.633852175743985224e+00 -6.181198673400743360e+00
1.628183214030148873e+00 -6.208726247495064854e+00
1.626508318279602738e+00 -6.236461958991730725e+00
1.630623443139438411e+00 -6.264264300796321017e+00
1.634738567999272307e+00 -6.292066642600910420e+00
1.638853692859110200e+00 -6.319868984405501600e+00
1.641576717343478986e+00 -6.333353103401837991e+00
1.632110829501240312e+00 -6.337221131932634144e+00
1.621972049416095185e+00 -6.339464674032890379e+00
1.611833269330952056e+00 -6.341708216133146614e+00
1.601694489245807373e+00 -6.343951758233403737e+00
1.591555709160662468e+00 -6.346195300333662637e+00
1.581416929075517785e+00 -6.348438842433917095e+00
1.571278148990372880e+00 -6.350682384534174219e+00
1.561139368905229752e+00 -6.352925926634430454e+00
1.551000588820084625e+00 -6.355169468734686689e+00
1.540861808734939942e+00 -6.357413010834942035e+00
1.530723028649796813e+00 -6.359656552935201823e+00
1.520584248564651686e+00 -6.361900095035455394e+00
1.510445468479507225e+00 -6.364143637135714293e+00
1.500306688394362320e+00 -6.366387179235969640e+00
1.490167908309217637e+00 -6.368630721336227651e+00
1.480029128224074286e+00 -6.370874263436481222e+00
1.469890348138929603e+00 -6.373117805536738345e+00
1.459751568053784698e+00 -6.375361347636995468e+00
1.394711090046464319e+00 -6.501919363928543305e+00
1.308146148151324795e+00 -6.577713328193445008e+00
1.280848568742150251e+00 -6.714837856357461554e+00
1.283619643791546139e+00 -6.845156022146501762e+00
1.166162554725569400e+00 -6.864837410695823650e+00
1.088546431812840831e+00 -6.971564446607372290e+00
1.034970577554559679e+00 -7.099171708744028919e+00
1.011214962052292332e+00 -7.236446395037057222e+00
9.893979273915358696e-01 -7.330664810777665075e+00
8.685589109554192611e-01 -7.386738131593739709e+00
7.920535658767038356e-01 -7.498245442869835742e+00
7.415495445686040021e-01 -7.628593206274279837e+00
6.724006872740635465e-01 -7.720701901312610360e+00
5.957627040108484096e-01 -7.837674469898315621e+00
5.284092729046044878e-01 -7.960203908859201150e+00
4.613026766096639530e-01 -8.082861498084042751e+00
3.706165110605740276e-01 -8.189313278990670852e+00
2.731159724711669790e-01 -8.289139250284740967e+00
1.730733651147268737e-01 -8.379425789252769263e+00
1.739104049294693810e-01 -8.232645975192912857e+00
1.670675290948405167e-01 -8.094124143934568139e+00
1.391601756701574266e-01 -7.957709909584192332e+00
1.112528222454781807e-01 -7.821295675233819189e+00
6.441492137838644716e-02 -7.690304284045915928e+00
1.038024145571303514e-03 -7.591568886972716257e+00
-4.937781568812679711e-02 -7.507749023893661722e+00
-1.087876139987606350e-01 -7.384118267170447503e+00
-2.068491723335402765e-01 -7.303511824783185169e+00
-2.270801523874740324e-01 -7.187975611472601223e+00
-2.620956464509788253e-01 -7.053236336049287125e+00
-3.192413222551292451e-01 -6.930375635004025980e+00
-4.153472114617601796e-01 -6.831549936120092426e+00
-5.264571087018172779e-01 -6.803456139635686739e+00
-5.118123900985167563e-01 -6.664988829682763516e+00
-5.847422144566920554e-01 -6.547227546045789381e+00
-6.783022478377178643e-01 -6.535317223119878172e+00
-6.950883388476785107e-01 -6.411761416599108365e+00
-7.487859341399061286e-01 -6.284942062743002822e+00
-7.559185159515913188e-01 -6.274786619220821038e+00
-7.622160486438811500e-01 -6.269091552395996914e+00
-7.678450542296046955e-01 -6.262448078786488459e+00
-7.734740598153280189e-01 -6.255804605176981781e+00
-7.791030654010480117e-01 -6.249161131567473326e+00
-7.847320709867720012e-01 -6.242517657957962207e+00
-7.903610765724959908e-01 -6.235874184348452864e+00
-7.963899587594880369e-01 -6.230124917048939892e+00
-8.046818434220588401e-01 -6.232027088264934456e+00
-8.124921939073053156e-01 -6.235876746792906822e+00
-8.203025443925482385e-01 -6.239726405320876523e+00
-8.281128948777956023e-01 -6.243576063848848889e+00
-8.359232453630385251e-01 -6.247425722376818591e+00
-8.437335958482850007e-01 -6.251275380904789181e+00
-8.515439463335279235e-01 -6.255125039432759770e+00
-8.593542968187706244e-01 -6.258974697960729472e+00
-8.671646473040182101e-01 -6.262824356488700950e+00
-8.749749977892609110e-01 -6.266674015016670651e+00
-8.830085036393739983e-01 -6.266785584685814037e+00
-8.997489532308673432e-01 -6.222077173581526566e+00
-9.141334445650919349e-01 -6.183660776902235590e+00
-9.285179358993158605e-01 -6.145244380222946390e+00
-9.429024272335404522e-01 -6.106827983543657190e+00
-9.565982464541071817e-01 -6.068165097504729211e+00
-9.698533713689707625e-01 -6.029344551549575826e+00
-9.831084962838294583e-01 -5.990524005594419776e+00
-9.963636211986894864e-01 -5.951703459639263727e+00
-1.009618746113548848e+00 -5.912882913684109454e+00
-1.034423154264215938e+00 -5.882073752771301400e+00
-1.072119348296983299e+00 -5.870980088578532374e+00
-1.110769140393923049e+00 -5.879050026132348172e+00
-1.135857488565664042e+00 -5.880155721001010249e+00
-1.141427082196994069e+00 -5.839514451931912653e+00
-1.146996675828323209e+00 -5.798873182862817721e+00
-1.152566269459653014e+00 -5.758231913793720125e+00
-1.158926029755054321e+00 -5.717780596580001706e+00
-1.179295903168398718e+00 -5.682237044641093249e+00
-1.200200166637684696e+00 -5.646941933172625383e+00
-1.202552895517717824e+00 -5.635771156872976029e+00
-1.209396153949604091e+00 -5.634134032828129079e+00
-1.216311338099328898e+00 -5.633070094181365839e+00
-1.223347617385176278e+00 -5.633029968460076198e+00
-1.230383896671023436e+00 -5.632989842738786557e+00
-1.237420175956870150e+00 -5.632949717017497804e+00
-1.244456455242717086e+00 -5.632909591296207275e+00
-1.251492734528568018e+00 -5.632869465574918522e+00
-1.258529013814415176e+00 -5.632829339853629769e+00
-1.265565293100261890e+00 -5.632789214132338351e+00
-1.272601572386109048e+00 -5.632749088411050487e+00
-1.279637304583831847e+00 -5.632680494793421921e+00
-1.286657103814629721e+00 -5.632324675223728150e+00
-1.293591050320634039e+00 -5.631128338267068045e+00
-1.300524996826634139e+00 -5.629932001310407053e+00
-1.307458943332633350e+00 -5.628735664353746060e+00
-1.314392889838633893e+00 -5.627539327397085955e+00
-1.321326836344637989e+00 -5.626342990440423186e+00
-1.328260782850637645e+00 -5.625146653483765746e+00
-1.340594391687610853e+00 -5.556312249935488445e+00
-1.346005061389427659e+00 -5.486581525468654519e+00
-1.352930737135364936e+00 -5.417155129511813882e+00
-1.383767387873165111e+00 -5.354386717153289510e+00
-1.414688409495779897e+00 -5.291652837127379883e+00
-1.470039021416036817e+00 -5.267524177290513698e+00
-1.519480014957963698e+00 -5.246673722655273764e+00
-1.519081173424674747e+00 -5.176734533306792230e+00
-1.526599310816061372e+00 -5.107992482788402455e+00
-1.548337650119563591e+00 -5.041516217207238526e+00
-1.570075989423058260e+00 -4.975039951626072821e+00
-1.624526664839722079e+00 -4.958617307392247042e+00
-1.694082132228622806e+00 -4.965944396691790885e+00
-1.722749324573829011e+00 -4.933907693245975778e+00
-1.709621975625092549e+00 -4.865210371676139900e+00
-1.696494626676352091e+00 -4.796513050106303133e+00
-1.685105151193892148e+00 -4.727583453600093577e+00
-1.680827395530148261e+00 -4.657774069647986792e+00
-1.676967847049726679e+00 -4.587951384466572691e+00
-1.674629416179366448e+00 -4.576304389965597075e+00
-1.683057098354923120e+00 -4.570903872390680078e+00
-1.686806028062116880e+00 -4.560408341618197525e+00
-1.690554957769311306e+00 -4.549912810845714084e+00
-1.694303887476508175e+00 -4.539417280073230643e+00
-1.698052817183702823e+00 -4.528921749300747202e+00
-1.701801746890891920e+00 -4.518426218528264648e+00
-1.705550676598089233e+00 -4.507930687755782095e+00
-1.709814465617900847e+00 -4.497684298905698874e+00
-1.717659646933861195e+00 -4.490045704449409314e+00
-1.726691604161153970e+00 -4.483516203029699554e+00
-1.735723561388446301e+00 -4.476986701609993347e+00
-1.744755518615738188e+00 -4.470457200190283586e+00
-1.753787475843034960e+00 -4.463927698770577379e+00
-1.762819433070327513e+00 -4.457398197350871172e+00
-1.772846474484769175e+00 -4.454469845913448189e+00
-1.783217766783031566e+00 -4.458549911624885453e+00
-1.793589059081289960e+00 -4.462629977336323606e+00
-1.803960351379552796e+00 -4.466710043047761758e+00
-1.725263046264242206e+00 -4.236440312371259509e+00
-1.627581693077026603e+00 -4.009225925451595174e+00
-1.595688043317136540e+00 -3.762084138502213015e+00
-1.573123670054718426e+00 -3.619441081542695393e+00
-1.464971977207466747e+00 -3.397144010002659975e+00
-1.481887424849910762e+00 -3.192463318677582595e+00
-1.302607577831036867e+00 -3.015216632046521461e+00
-1.123327730812162306e+00 -2.837969945415459883e+00
-9.750572992301307362e-01 -2.635929293310501187e+00
-8.417067209030621999e-01 -2.421977722321555948e+00
-6.983034160122190137e-01 -2.214840613853781282e+00
-5.488612720836578696e-01 -2.011801954759417477e+00
-4.319457838760674684e-01 -1.789257060324090709e+00
-3.635287289076284956e-01 -1.549726594385856027e+00
-3.259585820142769097e-01 -1.300555920373265506e+00
-2.696919646111335944e-01 -1.054913628913156876e+00
-1.907162908530969370e-01 -8.173214245073532336e-01
-5.658871961495645642e-02 -6.189878520313153443e-01
-8.324067585717037643e-02 -3.926929903570324232e-01
-3.080605847073247805e-01 -6.973884536669414658e-01
-5.574890794012370421e-01 -9.854931497869722223e-01
-7.161279214950055927e-01 -1.337841025146432994e+00
-9.099215179042754453e-01 -1.660507705068474227e+00
-1.045655261232310229e+00 -2.022065237454941045e+00
-1.266306476209972498e+00 -2.319144419080593433e+00
-1.488661493642824407e+00 -2.636156701028739668e+00
-1.754764182444800369e+00 -2.746346341607621255e+00
-2.023791372190680171e+00 -3.010401782415539795e+00
-2.221296056109165029e+00 -3.081546029407106424e+00
-2.502316287279064966e+00 -3.201438545305486549e+00
-2.838372574881578458e+00 -3.363019297733780721e+00
-3.067411915146237344e+00 -3.377168296465889341e+00
-3.348999083230128182e+00 -3.492399028611574252e+00
-3.662960425440632495e+00 -3.481376804468059305e+00
-4.026311421751780806e+00 -3.599372990405078632e+00
-4.314826481518458046e+00 -3.456208557923426739e+00
-4.702763468288228665e+00 -3.453996273450813614e+00
-5.051860805209495986e+00 -3.370369477685437598e+00
-5.003239164481139589e+00 -3.319896253896570837e+00
-4.956423217097142953e+00 -3.271297486890710093e+00
-4.909607269713146316e+00 -3.222698719884848018e+00
-4.864922939079100672e+00 -3.172166256477368940e+00
-4.821226282101944705e+00 -3.120744711839232188e+00
-4.777529625124785184e+00 -3.069323167201098101e+00
-4.733832968147629217e+00 -3.017901622562961350e+00
-4.704477291681127937e+00 -2.958666621929165963e+00
-4.685213732091694894e+00 -2.893994461335173352e+00
-4.665950172502254745e+00 -2.829322300741178964e+00
-4.658238036024402007e+00 -2.763393620343309820e+00
-4.673712660866922164e+00 -2.700705538510362658e+00
-4.686718831623910120e+00 -2.654092105029732807e+00
-4.641602607950666481e+00 -2.603911448093889636e+00
-4.602542835847776459e+00 -2.548938982457370273e+00
-4.564120901561198096e+00 -2.493465312580312343e+00
-4.526095598845429890e+00 -2.437791597701244761e+00
-4.505495783487341477e+00 -2.373533648192867496e+00
-4.485001168513222503e+00 -2.309241005993205142e+00
-4.478929620368212738e+00 -2.296356229026216056e+00
-4.484548131397442461e+00 -2.296032476082520368e+00
-4.488173924252871316e+00 -2.292801125581206634e+00
-4.490503135149676694e+00 -2.287677917723591303e+00
-4.492832346046480296e+00 -2.282554709865975973e+00
-4.495161556943284786e+00 -2.277431502008360642e+00
-4.497490767840091053e+00 -2.272308294150746200e+00
-4.499819978736895543e+00 -2.267185086293131757e+00
-4.502149189633701809e+00 -2.262061878435516871e+00
-4.504478400530508075e+00 -2.256938670577903316e+00
-4.506807611427312565e+00 -2.251815462720288430e+00
-4.509136822324118832e+00 -2.246692254862673543e+00
-4.511466033220920657e+00 -2.241569047005059545e+00
-4.513795244117726035e+00 -2.236445839147442882e+00
-4.516124455014533190e+00 -2.231322631289828440e+00
-4.518453665911336792e+00 -2.226199423432213109e+00
-4.520782876808143058e+00 -2.221076215574598667e+00
-4.523112087704948436e+00 -2.215953007716984668e+00
-4.525441298601754703e+00 -2.210829799859369782e+00
-4.520673360028358623e+00 -2.177588897946113544e+00
-4.496823686322128921e+00 -2.148122857740359937e+00
-4.472974012615902772e+00 -2.118656817534602776e+00
-4.449124338909672183e+00 -2.089190777328849169e+00
-4.424963559805053848e+00 -2.059986175715528223e+00
-4.399838353284190262e+00 -2.031599938582285603e+00
-4.374713146763326677e+00 -2.003213701449045203e+00
-4.349587940242463091e+00 -1.974827464315804360e+00
-4.324462733721597729e+00 -1.946441227182561517e+00
-4.329082356255565145e+00 -1.920399849848499318e+00
-4.360048529508056880e+00 -1.898639885140521510e+00
-4.343723581118610788e+00 -1.866380994785269865e+00
-4.324436167270088838e+00 -1.833745889019599895e+00
-4.305148753421568664e+00 -1.801110783253927039e+00
-4.276775503653258426e+00 -1.776307930354513287e+00
-4.247039374138603662e+00 -1.752795868284411807e+00
-4.217303244623948011e+00 -1.729283806214312325e+00
-4.187567115109291471e+00 -1.705771744144211510e+00
-4.187486871238148112e+00 -1.676720208557660019e+00
-4.193476109107057148e+00 -1.665041924120780559e+00
-4.197677322306711645e+00 -1.661244035234741734e+00
-4.201030962408197844e+00 -1.656150883310051558e+00
-4.204384602509687596e+00 -1.651057731385361160e+00
-4.207674263750647903e+00 -1.645926236126522335e+00
-4.210584620084140361e+00 -1.640567418675776601e+00
-4.213287612436684704e+00 -1.635101241204044431e+00
-4.215983627568651748e+00 -1.629631451366534423e+00
-4.218679642700613464e+00 -1.624161661529023526e+00
-4.221375657832579620e+00 -1.618691871691517070e+00
-4.224071672964545776e+00 -1.613222081854006618e+00
-4.226767688096512821e+00 -1.607752292016499940e+00
-4.229463703228474536e+00 -1.602282502178988821e+00
-4.232159718360440692e+00 -1.596812712341482587e+00
-4.234855733492407737e+00 -1.591342922503972579e+00
-4.237551748624369452e+00 -1.585873132666466123e+00
-4.240247763756340049e+00 -1.580403342828955449e+00
-4.242943778888306205e+00 -1.574933552991448549e+00
-4.245639794020267921e+00 -1.569463763153938318e+00
-4.203530236959781341e+00 -1.542614940315951255e+00
-4.152941121202182728e+00 -1.523972383237302219e+00
-4.107290993133093870e+00 -1.498612375985274303e+00
-4.077878016358626567e+00 -1.453427418700457663e+00
-4.048465039584166369e+00 -1.408242461415636804e+00
-4.045033820475778086e+00 -1.357926153875502084e+00
-4.045312939517275552e+00 -1.309387617726415431e+00
-4.000711440643433647e+00 -1.279097192411267292e+00
-3.956109941769589966e+00 -1.248806767096119374e+00
-3.912445719913014486e+00 -1.217366745400464634e+00
-3.893096915453899243e+00 -1.176465334522854622e+00
-3.923762632836259812e+00 -1.132121029984491267e+00
-3.922743351413647162e+00 -1.101979121711499143e+00
-3.869207642262285418e+00 -1.095597005038575045e+00
-3.815671933110923675e+00 -1.089214888365646727e+00
-3.765526119208966627e+00 -1.070201817279149648e+00
-3.716009267177644126e+00 -1.048873785666412095e+00
-3.672087994175332160e+00 -1.022904966272613514e+00
-3.676258907926850839e+00 -9.691517612886912936e-01
-3.663600173797978421e+00 -9.611280333231005946e-01
-3.668720717084168470e+00 -9.587814430929015863e-01
-3.673841260370357631e+00 -9.564348528627026891e-01
-3.677506539212079595e+00 -9.530727473808099370e-01
-3.677942285907183528e+00 -9.474570039685898948e-01
-3.678378032602290126e+00 -9.418412605563658557e-01
-3.678813779297393616e+00 -9.362255171441417056e-01
-3.679390742722314478e+00 -9.306244564920295170e-01
-3.680285216875405663e+00 -9.250729643414211667e-01
-3.681801707726267026e+00 -9.196483256664951256e-01
-3.683318198577130165e+00 -9.142236869915738584e-01
-3.684834689427991972e+00 -9.087990483166518141e-01
-3.686351180278857775e+00 -9.033744096417305469e-01
-3.687867671129717806e+00 -8.979497709668088357e-01
-3.689384161980583166e+00 -8.925251322918870134e-01
-3.690900652831443196e+00 -8.871004936169614163e-01
-3.692417143682305003e+00 -8.816758549420397051e-01
-3.693933634533169474e+00 -8.762512162671184379e-01
-3.695450125384033946e+00 -8.708265775921961716e-01
-3.496524314790636190e+00 -7.805409811872043857e-01
-3.294780028616920209e+00 -7.100308812036925099e-01
-3.169179226575458141e+00 -6.097321507780714134e-01
-3.001235038660444054e+00 -5.382240589037998735e-01
-2.814413614264065444e+00 -5.076326262680859180e-01
-2.601329497123963552e+00 -4.920048640920045013e-01
-2.528819909947344069e+00 -3.905361668518978480e-01
-2.320249339484107942e+00 -4.256916777778652072e-01
-2.108849252476903580e+00 -4.168254683542469419e-01
-1.930431331423131835e+00 -3.339714725557929587e-01
-1.749222365703050341e+00 -3.210516068700917103e-01
-1.542142793191691563e+00 -3.730615633815821397e-01
-1.339759218075206926e+00 -4.418075649789863224e-01
-1.135490981122305953e+00 -4.475593564276958425e-01
-9.296425856576580049e-01 -3.900131810796405585e-01
-7.367839342842434913e-01 -2.998234101090129222e-01
-5.478708001793137772e-01 -1.998386513944414578e-01
-3.395706087542242346e-01 -1.547092653486117353e-01
-1.293970674515706465e-01 -1.250105795582394652e-01
-3.169091685587477336e-01 3.198209424320053174e-02
-5.182079929896346027e-01 1.569855650044613693e-01
-7.393301349339180817e-01 2.375183698461076354e-01
-9.726438983897789381e-01 2.842672889267827685e-01
-1.205957661845632245e+00 3.310162080074612323e-01
-1.435885542146627669e+00 3.920637826190191966e-01
-1.667888564098523263e+00 4.422004739794989092e-01
-1.900649146124661959e+00 4.812779984488813056e-01
-1.987600853243073340e+00 6.231064054921318096e-01
-2.195121527984140730e+00 6.981468523834379880e-01
-2.300552853268475584e+00 8.446171558676334179e-01
-2.501592937453050336e+00 9.714161147314617217e-01
-2.677758981945359995e+00 1.121982881376833774e+00
-2.716427556571036295e+00 1.283126467724700071e+00
-2.889945025625864528e+00 1.442683509440680911e+00
-2.888711811034427424e+00 1.586422957598684125e+00
-3.012239412989240250e+00 1.789798515838795456e+00
-3.148543963099899923e+00 1.984800417829314600e+00
-3.272487972498245412e+00 2.187596010042893280e+00
-3.258860187421467547e+00 2.205807926708602817e+00
-3.225051642932585061e+00 2.210812051284831714e+00
-3.191243098443702131e+00 2.215816175861059278e+00
-3.158345715879392390e+00 2.224120369962706789e+00
-3.126985122424014385e+00 2.237706102234383376e+00
-3.095624528968634603e+00 2.251291834506062184e+00
-3.064263935513259707e+00 2.264877566777736995e+00
-3.032903342057881257e+00 2.278463299049413138e+00
-3.001542748602502364e+00 2.292049031321087060e+00
-2.970182155147127467e+00 2.305634763592766312e+00
-2.938214186134988637e+00 2.317651462445592170e+00
-2.905870732180170446e+00 2.328695009407668159e+00
-2.873527278225348258e+00 2.339738556369741929e+00
-2.841183824270529623e+00 2.350782103331820139e+00
-2.808840370315707879e+00 2.361825650293894352e+00
-2.776496916360885248e+00 2.372869197255972562e+00
-2.744245732386207060e+00 2.384177339138571217e+00
-2.712060445413891241e+00 2.395673697072317143e+00
-2.679875158441573646e+00 2.407170055006059961e+00
-2.656608679409989016e+00 2.395290530421863462e+00
-2.660313127422395230e+00 2.401047298488664161e+00
-2.664017575434798335e+00 2.406804066555464416e+00
-2.667722023447200108e+00 2.412560834622268224e+00
-2.667635098152644879e+00 2.418931605778140259e+00
-2.665936931676414545e+00 2.425563313270977073e+00
-2.664238765200181103e+00 2.432195020763813886e+00
-2.662540598723951213e+00 2.438826728256650256e+00
-2.660842432247720435e+00 2.445458435749486625e+00
-2.659144265771486104e+00 2.452090143242323883e+00
-2.657446099295256214e+00 2.458721850735161141e+00
-2.655747932819026325e+00 2.465353558227998398e+00
-2.654049766342795991e+00 2.471985265720834768e+00
-2.652351599866566101e+00 2.478616973213671137e+00
-2.650653433390331770e+00 2.485248680706508395e+00
-2.648955266914102324e+00 2.491880388199344765e+00
-2.647257100437871546e+00 2.498512095692181134e+00
-2.645558933961641213e+00 2.505143803185018392e+00
-2.643860767485406882e+00 2.511775510677855650e+00
-2.602605313475772952e+00 2.514308929839526030e+00
-2.565702183315013318e+00 2.516148073946219199e+00
-2.528799053154254572e+00 2.517987218052917697e+00
-2.491894314912238784e+00 2.519716446422499700e+00
-2.454987507758160437e+00 2.517999943852386124e+00
-2.418086856355929903e+00 2.516111719078125475e+00
-2.381186204953695373e+00 2.514223494303862161e+00
-2.344285553551463952e+00 2.512335269529602400e+00
-2.307384902149233419e+00 2.510447044755339974e+00
-2.309993529231870735e+00 2.546391527075043903e+00
-2.297144256420252439e+00 2.565390662911139152e+00
-2.261431266796457784e+00 2.555914068647487269e+00
-2.225718277172663573e+00 2.546437474383834498e+00
-2.190005287548865365e+00 2.536960880120181727e+00
-2.154292297925071153e+00 2.527484285856533397e+00
-2.118579308301277386e+00 2.518007691592878849e+00
-2.082768706210788245e+00 2.508978052749107235e+00
-2.046042757349979535e+00 2.504961964831896815e+00
-2.009298761067279226e+00 2.501075809420171048e+00
-1.996633175487172229e+00 2.485957952368845092e+00
-1.997096837358390387e+00 2.492985695856604345e+00
-1.997560499229613429e+00 2.500013439344368038e+00
-1.996890958707195685e+00 2.506809423839585271e+00
-1.993705351322477393e+00 2.513090830246676788e+00
-1.990519743937759989e+00 2.519372236653765640e+00
-1.987334136553042141e+00 2.525653643060858045e+00
-1.984148529168324737e+00 2.531935049467946008e+00
-1.980962921783606889e+00 2.538216455875038413e+00
-1.977777314398889486e+00 2.544497862282126377e+00
-1.974591707014175190e+00 2.550779268689217893e+00
-1.971406099629457787e+00 2.557060675096310298e+00
-1.968220492244743935e+00 2.563342081503402703e+00
-1.965034884860025644e+00 2.569623487910490667e+00
-1.961849277475308240e+00 2.575904894317583071e+00
-1.958663670090589948e+00 2.582186300724671035e+00
-1.955478062705872988e+00 2.588467707131763440e+00
-1.952292455321154696e+00 2.594749113538855845e+00
-1.949106847936436848e+00 2.601030519945943809e+00
-1.890544366360619621e+00 2.579174419735763557e+00
-1.836176941283881758e+00 2.558432237406646159e+00
-1.781809516207147004e+00 2.537690055077529649e+00
-1.728152915803106371e+00 2.515296117122169051e+00
-1.675868598589560499e+00 2.489753893045900668e+00
-1.623584281376018179e+00 2.464211668969632285e+00
-1.571299964162471863e+00 2.438669444893365679e+00
-1.519243253297402285e+00 2.412738867094037509e+00
-1.477842920671429194e+00 2.371941130603759440e+00
-1.436931815534628232e+00 2.330560742571087474e+00
-1.398620191673425550e+00 2.300729576460531778e+00
-1.385673321649335099e+00 2.357460816477191301e+00
-1.339408711049162370e+00 2.349960643501240121e+00
-1.286369817227409396e+00 2.326024671003482869e+00
-1.233389859921098841e+00 2.301963894531091626e+00
-1.197798643889262493e+00 2.256343461902722503e+00
-1.163150786671171000e+00 2.209593263748661052e+00
-1.127041339107528017e+00 2.164388124505721045e+00
-1.070761022366739423e+00 2.149748288542622454e+00
-1.055390656637180236e+00 2.130091874147362230e+00
-1.056694388775337945e+00 2.138023803679103274e+00
-1.057998120913499873e+00 2.145955733210848315e+00
-1.058079039078195782e+00 2.153599385328331728e+00
-1.053369612327765381e+00 2.160113717471145556e+00
-1.048660185577334536e+00 2.166628049613962492e+00
-1.043950758826904135e+00 2.173142381756776320e+00
-1.039241332076473512e+00 2.179656713899593701e+00
-1.034531905326043111e+00 2.186171046042407529e+00
-1.029822478575616485e+00 2.192685378185225353e+00
-1.025113051825181865e+00 2.199199710328038737e+00
-1.020403625074751464e+00 2.205714042470856562e+00
-1.015694198324320618e+00 2.212228374613669502e+00
-1.010984771573893770e+00 2.218742706756486438e+00
-1.006275344823463147e+00 2.225257038899300710e+00
-1.001565918073032968e+00 2.231771371042118091e+00
-9.968564913226023450e-01 2.238285703184932363e+00
-9.921470645721719439e-01 2.244800035327750187e+00
-9.874376378217413208e-01 2.251314367470564015e+00
-8.731523586213918442e-01 2.188183819366543048e+00
-7.698246682943907793e-01 2.096366090112519398e+00
-6.746088029455143964e-01 1.995470373424729438e+00
-5.864170075523824632e-01 1.888602420882370403e+00
-5.022182911074908329e-01 1.778345526272053334e+00
-3.807399105850212684e-01 1.712739803757103552e+00
-3.244028934261100061e-01 1.591437757720812751e+00
-2.800534704896604499e-01 1.459987632786362344e+00
-2.357040475532113932e-01 1.328537507851915933e+00
-1.913546246167603937e-01 1.197087382917469967e+00
-1.599130798046317081e-01 1.062207877432379544e+00
-1.334820933615916139e-01 9.260190026454666601e-01
-1.228944101025454261e-01 7.878371109830455410e-01
-5.123756660741363156e-02 6.714833150017978092e-01
-7.089392100974756250e-03 5.450811285870127421e-01
2.102453110582436224e-03 4.068004423305167094e-01
-1.937944561680934874e-02 2.703834526845774189e-01
-8.744314742902409288e-02 1.494978077316060361e-01
-1.083329663504682405e-01 1.425807130524736621e-02
