1.022591414772950069e-01 -9.756329814567310521e-03
1.440211022014208919e-01 6.502171237504628110e-03
1.851922264769488569e-01 2.481363652822965449e-02
2.263633507524749899e-01 4.312510181895867767e-02
2.635472230662960769e-01 6.847901588161642294e-02
3.003868513379123195e-01 9.442536483505303835e-02
3.372264796095285067e-01 1.203717137884936506e-01
3.740661078811428064e-01 1.463180627419304880e-01
4.109057361527592711e-01 1.722644116953708782e-01
4.477453644243734598e-01 1.982107606488072715e-01
4.845849926959898135e-01 2.241571096022481058e-01
5.214246209676041133e-01 2.501034585556844991e-01
5.582642492392222433e-01 2.760498075091215586e-01
5.951038775108368206e-01 3.019961564625621708e-01
6.319435057824527302e-01 3.279425054160023389e-01
6.698372647147587955e-01 3.521562736605656774e-01
7.104940094991845090e-01 3.715830680111120721e-01
7.511507542836080020e-01 3.910098623616629077e-01
7.918074990680337155e-01 4.104366567122139653e-01
8.597396450732606166e-01 5.450854350113183422e-01
8.908938593847706144e-01 6.307713791342530740e-01
9.217252314293991056e-01 7.165721334199051107e-01
9.514664063271196515e-01 8.027587252153183250e-01
9.812075812248397533e-01 8.889453170107315394e-01
1.015457530805567554e+00 9.728570015278710237e-01
1.068873460117402363e+00 1.046744785263475030e+00
1.122289389429236950e+00 1.120632568999075040e+00
1.178637897699130521e+00 1.192179349849770809e+00
1.239477584854664638e+00 1.260085156349823876e+00
1.302159198494322379e+00 1.326152117426839361e+00
1.371182802104153664e+00 1.385720634567344067e+00
1.440206405713989390e+00 1.445289151707848330e+00
1.509230009323820676e+00 1.504857668848356145e+00
1.577974680802805008e+00 1.564745357404308645e+00
1.646176256806965332e+00 1.625253300024717351e+00
1.714395963374719667e+00 1.685738126740087495e+00
1.798488178000644755e+00 1.720072178050770617e+00
1.884038059849096891e+00 1.751598100802090663e+00
1.818004350088223253e+00 1.700260193373130946e+00
1.751122063632522430e+00 1.644092033215687643e+00
1.686706402727841558e+00 1.584957969382927434e+00
1.622290741823162463e+00 1.525823905550171666e+00
1.554328669159172005e+00 1.470860120971553719e+00
1.485508820933848062e+00 1.416915303190728892e+00
1.416688972708518790e+00 1.362970485409908061e+00
1.350064918993055807e+00 1.306628949890177083e+00
1.291290962576957524e+00 1.241884553048737239e+00
1.232517006160857465e+00 1.177140156207297839e+00
1.183543809230958921e+00 1.105129876790401866e+00
1.139139175873954635e+00 1.029800975221392800e+00
1.094734542516952125e+00 9.544720736523837346e-01
1.057135077832481507e+00 8.757302844067735847e-01
1.024036905508303841e+00 7.947937298472758094e-01
9.909387331841277291e-01 7.138571752877798104e-01
9.578405608599498411e-01 6.329206207282851437e-01
9.263711706849930838e-01 5.515260127133507773e-01
9.191675541860775400e-01 4.643806009896129794e-01
9.538560631614407814e-01 4.558789216104033315e-01
9.868455576432042520e-01 4.639266928755785280e-01
1.019835052124967723e+00 4.719744641407550567e-01
1.052824546606730971e+00 4.800222354059306973e-01
1.085814041088496440e+00 4.880700066711027851e-01
1.118830845146040698e+00 4.959908800457348832e-01
1.152337634116570975e+00 5.014776185374838491e-01
1.185902712331201148e+00 5.066214393882346734e-01
1.219467790545831098e+00 5.117652602389890504e-01
1.253032868760463048e+00 5.169090810897398747e-01
1.286597946975092777e+00 5.220529019404898108e-01
1.320163025189724948e+00 5.271967227912446319e-01
1.353728103404354899e+00 5.323405436419950121e-01
1.387293181618986848e+00 5.374843644927498332e-01
1.420858259833616355e+00 5.426281853435002134e-01
1.454423338048248526e+00 5.477720061942510377e-01
1.487988416262878699e+00 5.529158270450054147e-01
1.519625636991414508e+00 5.650147823642890366e-01
1.550734016671458715e+00 5.786288222562907535e-01
1.613678868367846908e+00 6.629913918042342758e-01
1.663892032603519144e+00 7.431547323415923501e-01
1.722498737661767088e+00 8.176259690224725318e-01
1.781105442720017029e+00 8.920972057033496050e-01
1.839712147778265861e+00 9.665684423842262341e-01
1.901988228335068420e+00 1.037330088025893993e+00
1.978301600820433492e+00 1.093517098539660726e+00
2.054614973305798120e+00 1.149704109053427903e+00
2.133328162551692220e+00 1.202188594354341333e+00
2.216188026257535082e+00 1.248177222918511298e+00
2.299047889963378388e+00 1.294165851482677709e+00
2.382453601251229625e+00 1.339155984866198690e+00
2.465917116997302205e+00 1.384039751529318796e+00
2.549380632743372121e+00 1.428923518192438014e+00
2.632844148489442926e+00 1.473807284855558564e+00
2.716217408605134942e+00 1.518846517694870002e+00
2.796354202025701507e+00 1.569430935938580074e+00
2.880325442853444162e+00 1.607201430067423775e+00
2.975090515117802425e+00 1.606661014213647931e+00
2.903107173416196396e+00 1.576543664093834618e+00
2.818381076153708698e+00 1.545620255123217657e+00
2.740163139653162716e+00 1.500466817382581031e+00
2.661945203152617623e+00 1.455313379641940408e+00
2.583727266652068089e+00 1.410159941901303782e+00
2.505251934418344373e+00 1.365462684009990380e+00
2.426124122840958020e+00 1.321923414778930272e+00
2.346996311263572554e+00 1.278384145547867057e+00
2.267868499686184869e+00 1.234844876316802953e+00
2.189078901045941716e+00 1.190700419388636799e+00
2.110553853837512150e+00 1.146083208683401189e+00
2.034835872807435386e+00 1.097673516877129440e+00
1.972217030404239457e+00 1.032590807143399125e+00
1.909598188001045749e+00 9.675080974096688102e-01
1.846979345597849820e+00 9.024253876759344983e-01
1.790501474513954250e+00 8.321696327030574381e-01
1.737411133849857903e+00 7.591060011318613299e-01
1.684320793185761556e+00 6.860423695606638894e-01
1.652005681663353043e+00 6.031649851763360992e-01
1.698588130126338136e+00 5.891470393877944467e-01
1.754228083239926184e+00 5.916823671102817706e-01
1.809868036353514897e+00 5.942176948327690944e-01
1.865507989467103611e+00 5.967530225552604151e-01
1.921147942580690993e+00 5.992883502777432980e-01
1.976787895694279928e+00 6.018236780002301778e-01
2.032427848807868642e+00 6.043590057227175016e-01
2.088066360624470708e+00 6.069102187711097329e-01
2.143225332824140850e+00 6.146372457643201059e-01
2.198375676546970858e+00 6.224264598707884844e-01
2.253526020269800423e+00 6.302156739772555305e-01
2.308676363992630431e+00 6.380048880837194680e-01
2.363826707715461772e+00 6.457941021901829615e-01
2.418977051438292225e+00 6.535833162966548926e-01
2.474156338495515861e+00 6.611521470396510836e-01
2.529755254899687777e+00 6.644129493661687924e-01
2.585363374008887494e+00 6.675703784279058972e-01
2.640971493118084545e+00 6.707278074896461106e-01
2.684721777355611572e+00 7.023758372284341078e-01
2.719041602519177925e+00 7.528951542646638018e-01
2.750334563857920411e+00 8.002847568978599391e-01
2.781627525196659789e+00 8.476743595310565205e-01
2.812920486535402276e+00 8.950639621642562105e-01
2.844213447874142986e+00 9.424535647974536801e-01
2.878943293325876507e+00 9.872207914859405520e-01
2.916484974041803291e+00 1.029831190171047961e+00
2.954026654757728299e+00 1.072441588856155370e+00
2.991568335473654638e+00 1.115051987541258338e+00
3.037194214545173132e+00 1.145602092366055480e+00
3.091566578749969096e+00 1.161993244792328461e+00
3.145938942954764173e+00 1.178384397218605883e+00
3.200109378834961493e+00 1.195428132113604214e+00
3.254217155894580049e+00 1.212672619022377329e+00
3.308324932954197273e+00 1.229917105931154442e+00
3.362432710013816717e+00 1.247161592839927113e+00
3.417421610438719615e+00 1.261102567299599020e+00
3.473017262700772712e+00 1.272684765564062292e+00
3.528612914962823144e+00 1.284266963828521124e+00
3.499549703935587175e+00 1.261965429597785349e+00
3.452456642799703879e+00 1.234816836940658913e+00
3.401099515886951252e+00 1.217292787239082852e+00
3.349144362518696294e+00 1.201289042800381957e+00
3.297189209150439559e+00 1.185285298361677508e+00
3.245234055782185045e+00 1.169281553922973504e+00
3.193278902413927867e+00 1.153277809484273497e+00
3.141323749045672908e+00 1.137274065045573046e+00
3.089368595677416174e+00 1.121270320606869042e+00
3.040653688566165691e+00 1.099175283377633150e+00
3.001993859142431997e+00 1.060953883789101937e+00
2.963334029718695639e+00 1.022732484200574721e+00
2.924674200294963278e+00 9.845110846120435077e-01
2.891462516233602731e+00 9.416587864472614200e-01
2.860123587720432070e+00 8.972366145370029855e-01
2.828784659207259633e+00 8.528144426267401101e-01
2.797445730694088972e+00 8.083922707164816757e-01
2.774406348885038120e+00 7.596633844590443552e-01
2.757740285088940535e+00 7.079168858806594855e-01
2.813534057890833218e+00 6.827462610948100696e-01
2.885354052489775611e+00 6.833842575871136304e-01
2.957174047088717117e+00 6.840222540794202999e-01
3.028994041687656402e+00 6.846602505717269693e-01
3.100814036286599240e+00 6.852982470640305301e-01
3.172634030885540302e+00 6.859362435563367555e-01
3.244454025484481363e+00 6.865742400486412045e-01
3.316274020083421092e+00 6.872122365409434330e-01
3.388094014682362154e+00 6.878502330332505466e-01
3.459914009281304992e+00 6.884882295255581042e-01
3.531734003880245165e+00 6.891262260178603327e-01
3.603553998479185783e+00 6.897642225101674462e-01
3.674637807015771696e+00 6.990830646373775714e-01
3.745461679693109502e+00 7.110203056377195630e-01
3.816285552370449086e+00 7.229575466380619986e-01
3.887109425047787337e+00 7.348947876384048783e-01
3.957933297725126032e+00 7.468320286387464257e-01
4.029301213015429539e+00 7.540590703276395246e-01
4.100991044466725910e+00 7.584279065801267095e-01
3.910584554080314579e+00 7.116302374873231251e-01
3.699970593030206256e+00 6.619448631657016691e-01
3.486669548631054383e+00 6.334152853788355131e-01
3.270304319681949679e+00 6.298146309247969477e-01
3.053939090732843198e+00 6.262139764707592704e-01
2.837573861783738938e+00 6.226133220167167082e-01
2.622517784152621712e+00 5.988603818207898222e-01
2.407533479295491219e+00 5.741900418192269484e-01
2.192549174438362058e+00 5.495197018176605219e-01
1.977564869581231344e+00 5.248493618160972041e-01
1.762561059481745129e+00 5.003500739041455425e-01
1.547540793537746096e+00 4.759951515255576027e-01
1.332520527593746618e+00 4.516402291469656660e-01
1.120123336686232873e+00 4.157884702505088015e-01
9.166823451379091381e-01 3.420413349262707570e-01
7.180981511826287633e-01 2.584413216046552719e-01
5.373649388484837974e-01 1.394355109478773169e-01
3.566317265143409410e-01 2.042970029109603125e-02
1.758984910001124558e-01 -9.857607516225641575e-02
2.154349454757735760e-01 -1.474747522056742977e-01
2.714234591416735398e-01 -1.896902904764865561e-01
3.274119728075755020e-01 -2.319058287472941515e-01
3.834004864734774642e-01 -2.741213670181059658e-01
4.393890001393793709e-01 -3.163369052889140054e-01
4.971450356064626708e-01 -3.560819641259052037e-01
5.552659164687968607e-01 -3.953098692674930081e-01
6.133867973311331045e-01 -4.345377744090774819e-01
6.715076781934692374e-01 -4.737656795506577367e-01
7.296285590558053702e-01 -5.129935846922462073e-01
7.877494399181417251e-01 -5.522214898338262401e-01
8.458703207804776358e-01 -5.914493949754103808e-01
9.039912016428135466e-01 -6.306773001169947435e-01
9.635974056560607792e-01 -6.675742472315987497e-01
1.023832821902359580e+00 -7.034707646622101462e-01
1.084068238148658381e+00 -7.393672820928213207e-01
1.144303654394956959e+00 -7.752637995234287205e-01
1.204511030014420836e+00 -8.112070169472597181e-01
1.257195213920109911e+00 -8.573597814433741027e-01
1.404795586567851418e+00 -8.305382976376123327e-01
1.545416298221361062e+00 -8.038872327828621156e-01
1.688165795578450146e+00 -7.931911108663765031e-01
1.830929079642179769e+00 -7.826540044697428700e-01
1.973692363705909392e+00 -7.721168980731096809e-01
2.116581740778559428e+00 -7.715122511923051540e-01
2.259530186298903676e+00 -7.791364108963337864e-01
2.401742479329817659e+00 -7.952911034470140361e-01
2.543854692273660234e+00 -8.125104187666967182e-01
2.685966905217504586e+00 -8.297297340863790671e-01
2.827716391921929251e+00 -8.496738722892979156e-01
2.969369912878353279e+00 -8.703297646332008863e-01
3.111207966067692787e+00 -8.896681121370203504e-01
3.249909101676712098e+00 -9.197300611789462899e-01
3.378608283006004243e+00 -9.824110520218247711e-01
3.508249155964423327e+00 -1.042518454046254206e+00
3.647170399777020844e+00 -1.041479001518250236e+00
3.785088919249124384e+00 -1.017143056774736598e+00
3.925505813310169234e+00 -1.039507526670158555e+00
3.805956793692453655e+00 -1.042733856061428988e+00
3.667589604068986819e+00 -1.059328765137056205e+00
3.554824156880856290e+00 -1.111607514389073348e+00
3.426443255388575970e+00 -1.056427039992517081e+00
3.297977688053295608e+00 -1.001484458944616129e+00
3.161603905622937472e+00 -9.711040622161708491e-01
3.025058953757830960e+00 -9.414052955287206537e-01
2.886741811571113647e+00 -9.219965328810266758e-01
2.748091106133303541e+00 -9.046033588119281044e-01
2.609440400695492990e+00 -8.872101847428256471e-01
2.470789695257684659e+00 -8.698170106737233009e-01
2.332047636178994132e+00 -8.534704870729888926e-01
2.192358633082176933e+00 -8.497931189356577875e-01
2.052669629985358846e+00 -8.461157507983305681e-01
1.912980626888540536e+00 -8.424383826610031267e-01
1.773435833965773423e+00 -8.421204860641495760e-01
1.634821189854681833e+00 -8.597987512662593756e-01
1.496206545743587579e+00 -8.774770164683649565e-01
1.361668880120199931e+00 -9.135117745053227267e-01
1.374581899777142846e+00 -9.487398266344696518e-01
1.425077899350362332e+00 -9.860028425169315991e-01
1.475573898923582039e+00 -1.023265858399389661e+00
1.526069898496801747e+00 -1.060528874281851497e+00
1.576565898070021454e+00 -1.097791890164309558e+00
1.626615077069707205e+00 -1.135643946536980975e+00
1.675963132223549534e+00 -1.174414396342063238e+00
1.725311187377391642e+00 -1.213184846147141949e+00
1.774659242531233971e+00 -1.251955295952224212e+00
1.824007297685076079e+00 -1.290725745757306919e+00
1.873355352838918408e+00 -1.329496195562389405e+00
1.922703407992760738e+00 -1.368266645367471890e+00
1.972051463146603067e+00 -1.407037095172554153e+00
2.021399518300444509e+00 -1.445807544977632642e+00
2.070747573454287505e+00 -1.484577994782719124e+00
2.121353100653740054e+00 -1.521671187523391922e+00
2.172469070365973032e+00 -1.558079098283736252e+00
2.223585040078206010e+00 -1.594487009044080361e+00
2.280982159200597881e+00 -1.618920826697473725e+00
2.406620992313420082e+00 -1.609099592960986369e+00
2.520350428539920529e+00 -1.589297225907146505e+00
2.634812347476804817e+00 -1.577969952656633534e+00
2.750251010982744049e+00 -1.578628263597644521e+00
2.865689674488684169e+00 -1.579286574538655730e+00
2.981128337994622512e+00 -1.579944885479666716e+00
3.096256059509282288e+00 -1.585211387442069464e+00
3.210629001057480281e+00 -1.600874996443364839e+00
3.325001942605675609e+00 -1.616538605444659327e+00
3.439275058728913592e+00 -1.632883740612166568e+00
3.553312383447330802e+00 -1.650828293445784967e+00
3.663401460096338269e+00 -1.683915844672465356e+00
3.771454082767929705e+00 -1.724550179158502727e+00
3.879506705439520697e+00 -1.765184513644537212e+00
3.987559328111113910e+00 -1.805818848130573917e+00
4.095611950782705790e+00 -1.846453182616610622e+00
4.204264115045198480e+00 -1.885451689191056657e+00
4.313004531367742089e+00 -1.924207853388931966e+00
4.414110039410788389e+00 -1.979220217830273576e+00
4.323902669409674715e+00 -1.960709416130465677e+00
4.217281348502333493e+00 -1.932416795398256060e+00
4.111117429204933948e+00 -1.902636598658840938e+00
4.007739418752755967e+00 -1.864145490401574623e+00
3.904361408300577985e+00 -1.825654382144310750e+00
3.800983397848400003e+00 -1.787163273887046655e+00
3.697605387396221133e+00 -1.748672165629780784e+00
3.591193688564659148e+00 -1.720437467368042705e+00
3.483379957700861063e+00 -1.697096989713301918e+00
3.375566226837062089e+00 -1.673756512058561574e+00
3.266375365532443009e+00 -1.659003863250987809e+00
3.156615371199221087e+00 -1.647989231895651274e+00
3.046855376865999165e+00 -1.636974600540314961e+00
2.937095382532775467e+00 -1.625959969184982645e+00
2.826941586719005528e+00 -1.629903539971650162e+00
2.716778989623682694e+00 -1.635628979792021820e+00
2.606829054854654881e+00 -1.643617116160806635e+00
2.497630369190760646e+00 -1.659244832219180177e+00
2.388431683526867300e+00 -1.674872548277557049e+00
2.406640052504373628e+00 -1.717301586388734869e+00
2.447194673614851990e+00 -1.756712957768465699e+00
2.487749294725330351e+00 -1.796124329148196530e+00
2.528303915835809157e+00 -1.835535700527927139e+00
2.568858536946287519e+00 -1.874947071907657747e+00
2.609413158056765880e+00 -1.914358443287388578e+00
2.649973264097182923e+00 -1.953763973398592757e+00
2.692272350265953129e+00 -1.991295379313841041e+00
2.734693494170267858e+00 -2.028690299253520735e+00
2.777114638074581254e+00 -2.066085219193200651e+00
2.819535781978897759e+00 -2.103480139132878790e+00
2.861956925883209379e+00 -2.140875059072557818e+00
2.904378069787526329e+00 -2.178269979012235957e+00
2.946799213691840169e+00 -2.215664898951914097e+00
2.989220357596154454e+00 -2.253059818891593569e+00
3.031641501500467850e+00 -2.290454738831273929e+00
3.079221150519809491e+00 -2.320529584652686328e+00
3.129244078699642273e+00 -2.346904575529669135e+00
3.179267006879473723e+00 -2.373279566406654162e+00
3.261310543541049878e+00 -2.361347083721137441e+00
3.336197482358640887e+00 -2.345641227310537591e+00
3.411084421176231007e+00 -2.329935370899938185e+00
3.486246416718120855e+00 -2.316336821389493039e+00
3.562742618895706315e+00 -2.314587940757260931e+00
3.639238821073293106e+00 -2.312839060125028379e+00
3.714774498314572515e+00 -2.321614703735247254e+00
3.789437806796100983e+00 -2.338351426761335006e+00
3.864101115277629450e+00 -2.355088149787424090e+00
3.938764423759159250e+00 -2.371824872813512286e+00
4.011599848276463653e+00 -2.394331887755465793e+00
4.081756275947046930e+00 -2.424873714609174780e+00
4.151912703617631983e+00 -2.455415541462884654e+00
4.222069131288215260e+00 -2.485957368316593197e+00
4.291863368675399748e+00 -2.517306646132910775e+00
4.361270405782126325e+00 -2.549515196723168842e+00
4.430677442888852902e+00 -2.581723747313427353e+00
4.488281054571327644e+00 -2.630216597527345712e+00
4.539142383791549662e+00 -2.687381733064766465e+00
4.499240980429030756e+00 -2.674894756628524384e+00
4.435845767059936051e+00 -2.639617591305376543e+00
4.372450553690846675e+00 -2.604340425982226037e+00
4.309055340321752858e+00 -2.569063260659075976e+00
4.244124495880912562e+00 -2.537003148200620561e+00
4.176639867153304486e+00 -2.510371280882571998e+00
4.109155238425692858e+00 -2.483739413564524323e+00
4.041670609698083894e+00 -2.457107546246475316e+00
3.974185980970473597e+00 -2.430475678928426309e+00
3.906701352242864633e+00 -2.403843811610377301e+00
3.835534649897191617e+00 -2.391750276744901260e+00
3.763428249542071224e+00 -2.383744122913212138e+00
3.691321849186950832e+00 -2.375737969081525680e+00
3.619215448831832660e+00 -2.367731815249835670e+00
3.547203977285794618e+00 -2.365696716294977353e+00
3.475419070921182296e+00 -2.376201890713957710e+00
3.403634164556569530e+00 -2.386707065132937622e+00
3.331849258191954988e+00 -2.397212239551915758e+00
3.262795571671681216e+00 -2.418368444287157359e+00
3.314325204883549425e+00 -2.522095903696471630e+00
3.407799885085187164e+00 -2.615833531343121798e+00
3.502067763277918910e+00 -2.708828498213545100e+00
3.596335641470652877e+00 -2.801823465083970621e+00
3.690603519663384180e+00 -2.894818431954393922e+00
3.784757808978898019e+00 -2.987927311400780717e+00
3.877855689673850748e+00 -3.082093554462186358e+00
3.970953570368803476e+00 -3.176259797523591111e+00
4.064051451063755316e+00 -3.270426040584995420e+00
4.158174750802096753e+00 -3.363547431896885431e+00
4.254124899811184690e+00 -3.454805667839320193e+00
4.350075048820272627e+00 -3.546063903781755400e+00
4.446025197829360565e+00 -3.637322139724191050e+00
4.541938527914240353e+00 -3.728619053084790913e+00
4.637804790040048530e+00 -3.819965407736836127e+00
4.733671052165854931e+00 -3.911311762388882673e+00
4.829537314291662220e+00 -4.002658117040924779e+00
4.918192639483518036e+00 -4.100349590672134781e+00
4.995889671737588245e+00 -4.207576769601271138e+00
4.765677097169165322e+00 -4.009212736187746984e+00
4.515143979494880888e+00 -3.785600219957563350e+00
4.270351526307872625e+00 -3.555784588726011108e+00
4.028133836028670700e+00 -3.323190541119026342e+00
3.785916145749469219e+00 -3.090596493512042464e+00
3.543698455470268627e+00 -2.858002445905057698e+00
3.301480765191065814e+00 -2.625408398298070711e+00
3.057128638515227426e+00 -2.395145917708858097e+00
2.804090570659682591e+00 -2.174371968425149682e+00
2.549821246853520407e+00 -1.955027963949907299e+00
2.293861790885059371e+00 -1.737647750115432821e+00
2.027977851291106415e+00 -1.532858531668245039e+00
1.756609665634183193e+00 -1.335048753649919817e+00
1.485241479977248646e+00 -1.137238975631591043e+00
1.212166032356127410e+00 -9.419089465155568996e-01
9.303585302831216541e-01 -7.592783569590243475e-01
6.485510282101139001e-01 -5.766477674024916844e-01
3.708717552834223108e-01 -3.878706143821348817e-01
9.111740639887190574e-02 -2.023688726273569216e-01
8.064778142359395330e-02 -2.710247138185366556e-01
7.801987297550670719e-02 -3.591965693789631597e-01
7.539196452742137622e-02 -4.473684249393896639e-01
7.276405607933611464e-02 -5.355402804998159461e-01
7.013614763125271268e-02 -6.237121360602426723e-01
7.224426859860527683e-02 -7.117977027445919758e-01
7.867372912181780364e-02 -7.997740862413048601e-01
8.510318964503035821e-02 -8.877504697380179666e-01
9.153265016824099765e-02 -9.757268532347309620e-01
9.796211069145352446e-02 -1.063703236731444068e+00
1.043915712146660790e-01 -1.151679620228156953e+00
1.108210317378767046e-01 -1.239656003724870281e+00
1.172504922610892453e-01 -1.327632387221579169e+00
1.236799527842998569e-01 -1.415608770718296050e+00
1.301094133075124115e-01 -1.503585154215005160e+00
1.365388738307230232e-01 -1.591561537711718266e+00
1.429683343539355500e-01 -1.679537921208431150e+00
1.493977948771481046e-01 -1.767514304705146033e+00
1.563476823071656141e-01 -1.855449715095113028e+00
2.842519270177749080e-01 -1.972160855414718750e+00
4.174401882039548983e-01 -2.075343736442633258e+00
5.485042949673724078e-01 -2.181067915685622083e+00
6.730902709299459996e-01 -2.294488171585845393e+00
7.813193812646104242e-01 -2.421567400434829320e+00
8.689713453692295975e-01 -2.565452608304233717e+00
9.710907081243940198e-01 -2.698702573851550213e+00
1.082994345128439395e+00 -2.824652547572412686e+00
1.194897982132486769e+00 -2.950602521293276492e+00
1.306498593501318917e+00 -3.076812002476453589e+00
1.411029839385870011e+00 -3.208944077172181331e+00
1.509423198034972602e+00 -3.345319569073734733e+00
1.594826115523038768e+00 -3.490550975937213529e+00
1.687509218705714797e+00 -3.630975781741601072e+00
1.787827798268933233e+00 -3.766334573289979115e+00
1.921646797645808258e+00 -3.861105406379550242e+00
2.054812963993715158e+00 -3.958813775619743680e+00
2.165556360780325207e+00 -4.085785091024337845e+00
2.272886406137681004e+00 -4.215650685476147075e+00
2.154422175489807412e+00 -4.136796643942725282e+00
2.045061486282533814e+00 -4.013329209174576917e+00
1.921990164112210575e+00 -3.907587938979046882e+00
1.775719561360495913e+00 -3.832596193538285512e+00
1.681861300001047832e+00 -3.696938150792544953e+00
1.588269924943945144e+00 -3.561086911592063142e+00
1.494678549886842456e+00 -3.425235672391580444e+00
1.395725433716234143e+00 -3.293263809026008460e+00
1.295889170463206508e+00 -3.161933594615698340e+00
1.195437182043355140e+00 -3.031100599617690072e+00
1.084012173581264449e+00 -2.909447929418435663e+00
9.725871651191722034e-01 -2.787795259219181254e+00
8.611621566570797359e-01 -2.666142589019926845e+00
7.663231009905806523e-01 -2.531348104890338568e+00
6.737534009236689769e-01 -2.394798643862813048e+00
5.551355219264761942e-01 -2.281628328441144937e+00
4.286041849968456052e-01 -2.175775952689884551e+00
2.996368618201357692e-01 -2.072987533685715533e+00
1.677718811012968991e-01 -1.973858670394508463e+00
1.674966897147192602e-01 -2.048000090086186553e+00
1.715399724686116345e-01 -2.118669809178589158e+00
1.755832552225020660e-01 -2.189339528270991764e+00
1.796265379763944126e-01 -2.260009247363394369e+00
1.836698207302868424e-01 -2.330678966455796974e+00
1.877131034841791613e-01 -2.401348685548199580e+00
1.917563862380696482e-01 -2.472018404640600409e+00
1.957996689919619948e-01 -2.542688123733002570e+00
1.998429517458542859e-01 -2.613357842825405619e+00
2.038862344997467435e-01 -2.684027561917808669e+00
2.079295172536371195e-01 -2.754697281010210830e+00
2.125436722433716175e-01 -2.825331125262311893e+00
2.174350980368405795e-01 -2.895947209023266300e+00
2.223265238303113733e-01 -2.966563292784219819e+00
2.272179496237802798e-01 -3.037179376545172005e+00
2.321093754172491863e-01 -3.107795460306125968e+00
2.370008012107199524e-01 -3.178411544067078154e+00
2.434765647703983071e-01 -3.248855998663762179e+00
2.541174074108800141e-01 -3.318836923207008738e+00
3.643865542019180115e-01 -3.418941067116347376e+00
4.786955239428862252e-01 -3.506138862238890930e+00
5.930044936838563263e-01 -3.593336657361434483e+00
6.955900899712206265e-01 -3.693599718554343436e+00
7.941153116773900233e-01 -3.798302997993074914e+00
8.926405333835594202e-01 -3.903006277431807280e+00
9.911657550897290392e-01 -4.007709556870540091e+00
1.086769326573324257e+00 -4.114889486949470765e+00
1.173390976530347185e+00 -4.229635666825743101e+00
1.260012626487370335e+00 -4.344381846702018102e+00
1.346634276444393485e+00 -4.459128026578291326e+00
1.432555948535632506e+00 -4.574397917883120002e+00
1.518160991882654853e+00 -4.689904508998212762e+00
1.603766035229676534e+00 -4.805411100113309075e+00
1.680186364765825058e+00 -4.926799103514845513e+00
1.749007583861692305e+00 -5.053027609961026734e+00
1.855240962260054083e+00 -5.147945762639014156e+00
1.943777547951314411e+00 -5.261073635130125936e+00
2.027085802099195533e+00 -5.377954967994596380e+00
1.946286958966266134e+00 -5.312631743521776251e+00
1.843254410937503529e+00 -5.215761919989470030e+00
1.736114756749879362e+00 -5.123435514709180794e+00
1.660719147538812557e+00 -5.006769061572700963e+00
1.599379490690743033e+00 -4.879330774118794345e+00
1.520095645670831663e+00 -4.762668517180329353e+00
1.435882874324110547e+00 -4.649040704768365728e+00
1.351664207975445287e+00 -4.535417264367791468e+00
1.265938494606097642e+00 -4.422926713755865435e+00
1.180191134790035123e+00 -4.310452446049874986e+00
1.094443774973973937e+00 -4.197978178343884537e+00
1.003803687273576939e+00 -4.089616489159592305e+00
9.074600905304708309e-01 -3.986074314283722053e+00
8.111164937873664993e-01 -3.882532139407850025e+00
7.147728970442621677e-01 -3.778989964531978440e+00
6.087067980642546505e-01 -3.685776447425064717e+00
4.991527749161687177e-01 -3.596328213102121474e+00
3.895987517680790102e-01 -3.506879978779178231e+00
2.730708846672367796e-01 -3.426909164958364951e+00
2.578111588564983014e-01 -3.468054927227373074e+00
2.596637527613150365e-01 -3.537283614386798725e+00
2.615163466661318270e-01 -3.606512301546222599e+00
2.633689405709504494e-01 -3.675740988705647805e+00
2.652215344757670179e-01 -3.744969675865071679e+00
2.670741283805838084e-01 -3.814198363024497329e+00
2.689267222854003769e-01 -3.883427050183923424e+00
2.707793161902171120e-01 -3.952655737343346853e+00
2.726319100950337915e-01 -4.021884424502772504e+00
2.744845039998504710e-01 -4.091113111662199486e+00
2.763370979046671505e-01 -4.160341798821621140e+00
2.781896918094838300e-01 -4.229570485981047234e+00
2.809606176233954145e-01 -4.298746796802470627e+00
2.875573491412606320e-01 -4.367685366292089810e+00
2.941540806591238510e-01 -4.436623935781707218e+00
3.007508121769869591e-01 -4.505562505271324625e+00
3.073475436948521766e-01 -4.574501074760942920e+00
3.139442752127177827e-01 -4.643439644250560328e+00
3.311989983021585982e-01 -4.709808475308861375e+00
4.215104529999354477e-01 -4.785694031172995189e+00
5.188099257439480194e-01 -4.839837832209681778e+00
6.161093984879608687e-01 -4.893981633246365703e+00
6.979811421986648057e-01 -4.968671217448731525e+00
7.768511734172620642e-01 -5.047273105228482493e+00
8.557212046358577684e-01 -5.125874993008234348e+00
9.345912358544554710e-01 -5.204476880787985316e+00
1.013235833925539175e+00 -5.283276794483924732e+00
1.078744253534685615e+00 -5.373313047373803109e+00
1.144009532229327109e+00 -5.463530462454674108e+00
1.209274810923966381e+00 -5.553747877535544220e+00
1.276097246111329353e+00 -5.642796769599637052e+00
1.337438056488228222e+00 -5.734789183393351308e+00
1.377614362736637066e+00 -5.838638126590654842e+00
1.417790668985044356e+00 -5.942487069787965481e+00
1.457970668032766648e+00 -6.046334582780379385e+00
1.504591791364823239e+00 -6.147436812886071245e+00
1.573482903056498072e+00 -6.234368534455349220e+00
1.645705264629346409e+00 -6.319119163218821278e+00
1.564831101416125358e+00 -6.259090098486031373e+00
1.492564689875776729e+00 -6.183479173105604687e+00
1.442548813823494758e+00 -6.089310127811586426e+00
1.392532937771213675e+00 -5.995141082517566389e+00
1.342517061718932148e+00 -5.900972037223544575e+00
1.296715647566342611e+00 -5.804812463249824361e+00
1.256041568065135339e+00 -5.706247681478675560e+00
1.198558877917906162e+00 -5.617339903960594683e+00
1.132966159062560374e+00 -5.533274499768214838e+00
1.067373440207214363e+00 -5.449209095575836770e+00
1.001780721351866354e+00 -5.365143691383458702e+00
9.294431125253213022e-01 -5.286907158224527947e+00
8.557100053210608959e-01 -5.209882319043459553e+00
7.819768981168004895e-01 -5.132857479862390271e+00
7.082437909125403053e-01 -5.055832640681320989e+00
6.316527438869053990e-01 -4.982223358994957607e+00
5.425845071383246232e-01 -4.923603855829513876e+00
4.535162703897456793e-01 -4.864984352664070144e+00
3.555403479653980181e-01 -4.825304665792019776e+00
3.455897234250198125e-01 -5.000513464987982992e+00
3.468953636299719201e-01 -5.190447554355579918e+00
3.482010038349242498e-01 -5.380381643723178620e+00
3.495066440398765240e-01 -5.570315733090774657e+00
3.518629724305357698e-01 -5.760230014577834901e+00
3.580805946681397400e-01 -5.950066797562468146e+00
3.642982169057393804e-01 -6.139903580547098727e+00
3.705158391433412413e-01 -6.329740363531729308e+00
3.773972521370944633e-01 -6.519552128175067018e+00
3.855248870689997887e-01 -6.709316731172191517e+00
3.936525220009020054e-01 -6.899081334169316904e+00
3.958691231878948003e-01 -7.088793299965573169e+00
3.831018584662631010e-01 -7.278302296986220554e+00
3.703345937446314018e-01 -7.467811294006867939e+00
3.575673290229996470e-01 -7.657320291027514436e+00
3.448000643013678923e-01 -7.846829288048161821e+00
3.071431730800195381e-01 -8.032908243486232891e+00
2.677810266120868032e-01 -8.218723432385528938e+00
1.782047022850849483e-01 -8.384982593559426434e+00
2.295598905676561607e-01 -8.184431480752810018e+00
2.668965084889736161e-01 -7.991432508029587822e+00
3.008176742138806703e-01 -7.797706981397742432e+00
3.113277383832221967e-01 -7.601492649015483494e+00
3.185919757644811723e-01 -7.404953960691295300e+00
3.258562131457442557e-01 -7.208415272367113324e+00
3.298832628651936494e-01 -7.011881955153550727e+00
3.211816980986601511e-01 -6.815401656081261805e+00
3.124801333321260977e-01 -6.618921357008973771e+00
3.066341866860251564e-01 -6.422337327734190637e+00
3.010923163203937936e-01 -6.225742534248268178e+00
2.955504459547622642e-01 -6.029147740762343943e+00
2.893369665939088953e-01 -5.832574074806495368e+00
2.824910434875126941e-01 -5.636020370975343141e+00
2.756451203811145501e-01 -5.439466667144190026e+00
2.687991972747182934e-01 -5.242912963313038688e+00
2.620217249659239078e-01 -5.046356919597258184e+00
2.554354117801485025e-01 -4.849794345256309924e+00
2.220694771906533693e-01 -4.656439657281630673e+00
1.380102844266554996e-01 -4.718269213350225755e+00
5.539009519000218096e-02 -4.784139022789709372e+00
-2.723009404665330258e-02 -4.850008832229186773e+00
-9.640077739299923731e-02 -4.929716833525558783e+00
-1.640363311267915569e-01 -5.010897861704666667e+00
-2.316718848605814340e-01 -5.092078889883776327e+00
-2.934440424480167509e-01 -5.177315035723060177e+00
-3.452850224302732030e-01 -5.269388051637460713e+00
-3.971260024125272126e-01 -5.361461067551861248e+00
-4.489669823947816663e-01 -5.453534083466260007e+00
-5.054952148968212544e-01 -5.542336936582509921e+00
-5.761439198740863077e-01 -5.620909755993097612e+00
-6.183946341550512482e-01 -5.716471721375461001e+00
-6.534851015538400976e-01 -5.816139101008059420e+00
-6.885755689526340539e-01 -5.915806480640656062e+00
-7.251252326946528992e-01 -6.014927614125379129e+00
-7.806614047877777907e-01 -6.101018682834321361e+00
-8.483916384173622038e-01 -6.177728592806124297e+00
-8.820634049332582993e-01 -6.277204536663220757e+00
-8.710796838124894581e-01 -6.158824876746816557e+00
-8.108286872512275867e-01 -6.068747262955976218e+00
-7.570506197070780985e-01 -5.977077024631772595e+00
-7.225475367598017673e-01 -5.874219744286095946e+00
-6.880444538125283227e-01 -5.771362463940419296e+00
-6.517016370695083438e-01 -5.669187997006302382e+00
-6.069936623290466127e-01 -5.570720746149394387e+00
-5.402388095154109227e-01 -5.485199564686519480e+00
-4.753637468148434464e-01 -5.398285093183339711e+00
-4.133083118214211926e-01 -5.309295173300508708e+00
-3.542153455291728315e-01 -5.218470556813990413e+00
-3.032385564767865471e-01 -5.122702870035596767e+00
-2.433204365984915074e-01 -5.032866321867632386e+00
-1.746719516262736360e-01 -4.948857582060425031e+00
-1.060234666540540438e-01 -4.864848842253220340e+00
-2.673010503090605949e-02 -4.790918683447680237e+00
5.399882994680414716e-02 -4.718461073057712341e+00
1.396873600774601876e-01 -4.651921170314895271e+00
2.139720675267755556e-01 -4.573623018011327090e+00
2.165165110483632527e-01 -4.502409880284485411e+00
2.127812077355906162e-01 -4.438425687633285044e+00
2.090459044228195340e-01 -4.374441494982086454e+00
2.053106011100447326e-01 -4.310457302330885199e+00
2.015752977972714854e-01 -4.246473109679685720e+00
1.978399944844984604e-01 -4.182488917028488018e+00
1.941046911717253520e-01 -4.118504724377286763e+00
1.903693878589525768e-01 -4.054520531726089061e+00
1.866340845461794684e-01 -3.990536339074890027e+00
1.828987812334068319e-01 -3.926552146423688772e+00
1.796112349507680284e-01 -3.862543993075802984e+00
1.765476205174934810e-01 -3.798524123764248195e+00
1.734840060842169629e-01 -3.734504254452693850e+00
1.704203916509404726e-01 -3.670484385141141281e+00
1.673567772176639823e-01 -3.606464515829586936e+00
1.642931627843873532e-01 -3.542444646518031703e+00
1.612295483511107519e-01 -3.478424777206479135e+00
1.533004044253032938e-01 -3.415291390168115448e+00
1.314863878653960982e-01 -3.355024665671189510e+00
1.638917341957155105e-02 -3.429812171517347963e+00
-8.919218427479969069e-02 -3.530478569115247822e+00
-1.921839745593072468e-01 -3.634153630785477596e+00
-2.863689811210728964e-01 -3.745458345540500833e+00
-3.739656291042069980e-01 -3.862431225048753358e+00
-4.615622770873430425e-01 -3.979404104557006772e+00
-5.491229126067924682e-01 -4.096403324704230187e+00
-6.315618812670633631e-01 -4.217063515417184938e+00
-7.137958307649963086e-01 -4.337866681055777107e+00
-8.032463545760752943e-01 -4.453412342672798729e+00
-8.841526197699096645e-01 -4.573427837053655409e+00
-9.261861943036309164e-01 -4.713388566868312424e+00
-9.682197688373561650e-01 -4.853349296682968550e+00
-1.026083595027892148e+00 -4.986944502053860973e+00
-1.082716841476419889e+00 -5.120811114710578593e+00
-1.119531732634512222e+00 -5.262234207122501672e+00
-1.173653008619795379e+00 -5.397183317252553181e+00
-1.265225938752899904e+00 -5.507189467948731654e+00
-1.330570533280174272e+00 -5.637858113308745978e+00
-1.291809084969406829e+00 -5.485909891945937034e+00
-1.202662145252337389e+00 -5.363670059399825440e+00
-1.155082807086674546e+00 -5.221043114743491920e+00
-1.116572986660144817e+00 -5.074531207391751231e+00
-1.055049964694083409e+00 -4.937240278621937151e+00
-1.000833065673679245e+00 -4.796498316560739106e+00
-9.562945120128700793e-01 -4.651705145095606397e+00
-9.190599133131964749e-01 -4.508097896078323785e+00
-8.167301877731170112e-01 -4.396395736134923737e+00
-7.172011931672790386e-01 -4.282546273887694710e+00
-6.385215359116163114e-01 -4.153092587963884696e+00
-5.543803268298665987e-01 -4.027204857177232533e+00
-4.673387695021801735e-01 -3.903218920220255850e+00
-3.774872720604164900e-01 -3.781292374896281228e+00
-2.852853932587638974e-01 -3.661094376532853634e+00
-1.865326822630352099e-01 -3.546771797760315259e+00
-7.665436178401480172e-02 -3.442486132619612782e+00
3.657693166468886647e-02 -3.342004907466083363e+00
1.306569354855919574e-01 -3.228331922607874382e+00
1.303970485794871959e-01 -3.148959146935083719e+00
1.264393155610303576e-01 -3.085365123853096136e+00
1.224815825425712990e-01 -3.021771100771108109e+00
1.185238495241122403e-01 -2.958177077689120082e+00
1.145661165056552355e-01 -2.894583054607133832e+00
1.106083834871963573e-01 -2.830989031525145805e+00
1.066506504687392415e-01 -2.767395008443157334e+00
1.026929174502783787e-01 -2.703800985361169751e+00
9.873518443182130455e-02 -2.640206962279183056e+00
9.477745141336225976e-02 -2.576612939197195473e+00
9.081971839490518561e-02 -2.513018916115207002e+00
8.686198537644625184e-02 -2.449424893033218975e+00
8.290425235798726256e-02 -2.385830869951230948e+00
7.835665498408238283e-02 -2.322279962127716146e+00
7.286188880941803225e-02 -2.258800272721704694e+00
6.736712263475554130e-02 -2.195320583315695462e+00
6.187235646009320300e-02 -2.131840893909684453e+00
5.600480907604100944e-02 -2.068407261623897764e+00
4.253756359720567426e-02 -2.006129683623380622e+00
-7.345361154745985721e-02 -2.101237964611924358e+00
-1.853964256461012594e-01 -2.222800744603850909e+00
-2.922242934929442093e-01 -2.349198474707892448e+00
-3.986717264178596953e-01 -2.475902962595292855e+00
-4.788762494710414042e-01 -2.620632781733646333e+00
-5.640713510269881326e-01 -2.762266656455230951e+00
-6.593528352539828052e-01 -2.897581172630167234e+00
-7.552554990367041921e-01 -3.032447354270311202e+00
-8.537419696428105720e-01 -3.165447334088764553e+00
-9.279636431478024416e-01 -3.313110252601331407e+00
-9.994154896845177660e-01 -3.462384282086055087e+00
-1.099737273495506207e+00 -3.593873641305519229e+00
-1.182942960080937800e+00 -3.736729571469953992e+00
-1.263604097527509573e+00 -3.881236873811329424e+00
-1.341965733239843139e+00 -4.027000709696098468e+00
-1.419959590474450639e+00 -4.172964875702088960e+00
-1.510470672368359191e+00 -4.306142087991007728e+00
-1.664601974948450192e+00 -4.366195694393864457e+00
-1.800861128597325944e+00 -4.457439521610707445e+00
-1.728812045767966099e+00 -4.363669144108045295e+00
-1.573153570196126561e+00 -4.296880619421307834e+00
-1.461932009878994299e+00 -4.175356694364676713e+00
-1.382503926916859305e+00 -4.024715374701704818e+00
-1.303170109666653476e+00 -3.874024624405051132e+00
-1.224514258731039806e+00 -3.722978655685470706e+00
-1.144743884989298577e+00 -3.572586876029990588e+00
-1.046444585771782787e+00 -3.433586297086235639e+00
-9.719870881052365963e-01 -3.280432464353858713e+00
-8.998128678572878680e-01 -3.126188175071227260e+00
-7.951487716182299437e-01 -2.992695873901531911e+00
-6.908878458901916986e-01 -2.858329183273729868e+00
-5.949550032875741135e-01 -2.717621979254095876e+00
-5.157689774253260140e-01 -2.566891389527608869e+00
-4.207147950086532195e-01 -2.426138639271428143e+00
-3.133551938799591929e-01 -2.293996646050016963e+00
-2.041874778677731928e-01 -2.163290726775012551e+00
-9.501976185558552723e-02 -2.032584807500010360e+00
1.621739244088835075e-02 -1.907865862830911086e+00
1.577260166464342084e-02 -1.804759900597474598e+00
1.203389987597677790e-02 -1.717023111210823849e+00
8.295198087312077861e-03 -1.629286321824173100e+00
4.556496298647322307e-03 -1.541549532437522574e+00
8.177945099826777753e-04 -1.453812743050871825e+00
-2.920907278683965158e-03 -1.366075953664221077e+00
-6.659609067348665201e-03 -1.278339164277570550e+00
-1.039831085601528038e-02 -1.190602374890919801e+00
-1.413701264467998042e-02 -1.102865585504269053e+00
-1.787571443334470822e-02 -1.015128796117618304e+00
-2.161441622201135115e-02 -9.273920067309674442e-01
-2.535311801067796633e-02 -8.396552173443170286e-01
-2.925995429866512509e-02 -7.519272817050187685e-01
-3.624859914676911710e-02 -6.643901141730813587e-01
-4.332075909178870199e-02 -5.768589388316410771e-01
-5.039291903681025753e-02 -4.893277634902006845e-01
-5.746507898183006446e-02 -4.017965881487606250e-01
-6.432869478306557642e-02 -3.142546948055304767e-01
-6.409120569455997729e-02 -2.264418671042931486e-01
-3.209206214283593095e-01 -3.856025462451007080e-01
-5.794258988000826616e-01 -5.644986356809830186e-01
-8.379311761718062357e-01 -7.433947251168656623e-01
-1.100330874826279892e+00 -9.164848001430200286e-01
-1.363994513296678868e+00 -1.087687238773532794e+00
-1.627658151767074068e+00 -1.258889677404045448e+00
-1.890550475089718185e+00 -1.431273134215535148e+00
-2.153293198164140776e+00 -1.603885563420155647e+00
-2.416035921238562256e+00 -1.776497992624774147e+00
-2.678458402291553409e+00 -1.949594289108804279e+00
-2.939983792569944132e+00 -2.124045598889551467e+00
-3.201509182848334412e+00 -2.298496908670298655e+00
-3.460188668568466852e+00 -2.477118626269780410e+00
-3.717666457896982468e+00 -2.657488105690640090e+00
-3.974194556869028894e+00 -2.839208010165266582e+00
-4.230722655841079316e+00 -3.020927914639893519e+00
-4.491563548016657137e+00 -3.196293940639158393e+00
-4.769397627347403912e+00 -3.337485793659989763e+00
-5.053867551036404393e+00 -3.381431876901919154e+00
-4.933611311249460840e+00 -3.352095425215748214e+00
-4.825282074721227943e+00 -3.318757718236326149e+00
-4.718930328751941516e+00 -3.279036622333381779e+00
-4.618859151274038233e+00 -3.227063279992862910e+00
-4.524977760621085920e+00 -3.163229559910806898e+00
-4.431096369968131832e+00 -3.099395839828749111e+00
-4.337255842347790491e+00 -3.035502562863102938e+00
-4.244381805454739975e+00 -2.970212094060368457e+00
-4.151526935397662044e+00 -2.904894160557153882e+00
-4.058672065340585000e+00 -2.839576227053938862e+00
-3.965817195283507957e+00 -2.774258293550722954e+00
-3.872962325226435354e+00 -2.708940360047507490e+00
-3.780069731083150142e+00 -2.643676157327426335e+00
-3.687088767729771455e+00 -2.578537844604993357e+00
-3.594107804376398096e+00 -2.513399531882559934e+00
-3.501126841023024738e+00 -2.448261219160125179e+00
-3.408145877669650048e+00 -2.383122906437691757e+00
-3.319772084874113460e+00 -2.312759107723143970e+00
-3.243865971427298156e+00 -2.228339197323721876e+00
-3.306195542785954622e+00 -2.197383475443312584e+00
-3.371836542684299332e+00 -2.173794255065300884e+00
-3.437477542582644041e+00 -2.150205034687286965e+00
-3.503854038442077101e+00 -2.128806243586594427e+00
-3.570466033081905799e+00 -2.108117252412534448e+00
-3.637078027721733609e+00 -2.087428261238478022e+00
-3.706414775419857310e+00 -2.085261426510027327e+00
-3.776150895644605043e+00 -2.086698688384562850e+00
-3.845887015869356773e+00 -2.088135950259098816e+00
-3.915623136094106727e+00 -2.089573212133632563e+00
-3.984829785572054917e+00 -2.095158254758143102e+00
-4.051710194866958936e+00 -2.114962371457526302e+00
-4.118590604161862068e+00 -2.134766488156909503e+00
-4.186729046807156074e+00 -2.148198160684274161e+00
-4.256124281724018132e+00 -2.155233326391687854e+00
-4.321875625619559180e+00 -2.177305168893604481e+00
-4.387837795339728508e+00 -2.199309604672001761e+00
-4.456089704605675550e+00 -2.213681888899675876e+00
-4.525520246275648972e+00 -2.217067286627128375e+00
-4.451324066964096104e+00 -2.184313778572607667e+00
-4.383885620615887824e+00 -2.158628201314189976e+00
-4.313820733733678026e+00 -2.140508524256035550e+00
-4.243649983028512374e+00 -2.122815224432155645e+00
-4.173183185126474015e+00 -2.106327608960474329e+00
-4.102754890051947712e+00 -2.089676511702480699e+00
-4.032338946607972652e+00 -2.072973039626176295e+00
-3.961057782358130552e+00 -2.061423258641943868e+00
-3.889024553320219901e+00 -2.054450096885586774e+00
-3.816906291635281168e+00 -2.048873684885532676e+00
-3.744544153857312985e+00 -2.047809689250549070e+00
-3.672182016079348799e+00 -2.046745693615564132e+00
-3.600781694593981896e+00 -2.053658902091163529e+00
-3.531356291699718764e+00 -2.074092318434933357e+00
-3.461930888805456519e+00 -2.094525734778704518e+00
-3.392505485911192942e+00 -2.114959151122474790e+00
-3.324205242071810229e+00 -2.138828062456813672e+00
-3.256231564876080675e+00 -2.163667351476417977e+00
-3.187373474330955858e+00 -2.173574177001877938e+00
-3.128929407024218179e+00 -2.160600431987042214e+00
-3.073146114539852647e+00 -2.145201479513101361e+00
-3.025650044482441903e+00 -2.111370071157205430e+00
-2.978153974425030714e+00 -2.077538662801311276e+00
-2.930657904367619082e+00 -2.043707254445415344e+00
-2.883161834310204785e+00 -2.009875846089521634e+00
-2.835665764252793597e+00 -1.976044437733623482e+00
-2.788169694195383297e+00 -1.942213029377729772e+00
-2.740673624137971665e+00 -1.908381621021833841e+00
-2.693041289040571051e+00 -1.874743103306283132e+00
-2.645254347691639918e+00 -1.841323810992475440e+00
-2.597467406342709673e+00 -1.807904518678668193e+00
-2.549680464993778983e+00 -1.774485226364860946e+00
-2.501893523644845185e+00 -1.741065934051055475e+00
-2.454106582295914052e+00 -1.707646641737248006e+00
-2.406319640946983363e+00 -1.674227349423442757e+00
-2.358532699598049565e+00 -1.640808057109635287e+00
-2.315671700960941326e+00 -1.601808825643979084e+00
-2.276841638780653376e+00 -1.558304031272361501e+00
-2.374279165501009814e+00 -1.538180497572842143e+00
-2.477246403435643618e+00 -1.521847971892665186e+00
-2.580240037310006063e+00 -1.505733268554258819e+00
-2.684150104508174373e+00 -1.497266053197972013e+00
-2.788062531611068984e+00 -1.488827393555195888e+00
-2.891974958713962707e+00 -1.480388733912423538e+00
-2.995887385816857318e+00 -1.471950074269647635e+00
-3.100034661975942463e+00 -1.468076014334005475e+00
-3.204270287882882595e+00 -1.466091631616602831e+00
-3.308505913789826725e+00 -1.464107248899203961e+00
-3.411793996547060281e+00 -1.475098750973785844e+00
-3.514547604234925071e+00 -1.492725423663490147e+00
-3.617221262774535262e+00 -1.510778469245650069e+00
-3.719192889728857310e+00 -1.532476182933261821e+00
-3.821164516683183798e+00 -1.554173896620869577e+00
-3.923176864981965828e+00 -1.575678353480902905e+00
-4.025838864112975202e+00 -1.588346434941836138e+00
-4.129682195188797422e+00 -1.579096241751508867e+00
-4.233870674003066270e+00 -1.576903363258644886e+00
-4.156974431625084954e+00 -1.544027262314606963e+00
-4.047507654569032276e+00 -1.547142139030831975e+00
-3.939402055279239256e+00 -1.534153846715524017e+00
-3.832377100491161315e+00 -1.510535716156671926e+00
-3.725352145703082485e+00 -1.486917585597827607e+00
-3.618203883846447866e+00 -1.463868927446190016e+00
-3.510986420204456060e+00 -1.441140695472208577e+00
-3.403768956562464698e+00 -1.418412463498227138e+00
-3.295216859696166622e+00 -1.411754550047005674e+00
-3.185789693528211508e+00 -1.417906975823499005e+00
-3.076362527360255505e+00 -1.424059401599996111e+00
-2.966935361192299503e+00 -1.430211827376492995e+00
-2.857652493896171375e+00 -1.438458869314366506e+00
-2.748425048261672998e+00 -1.447487831527561442e+00
-2.639197602627171513e+00 -1.456516793740760374e+00
-2.529970156992670027e+00 -1.465545755953959084e+00
-2.421136559350412831e+00 -1.477391431892134843e+00
-2.314067974058151123e+00 -1.500810976763860882e+00
-2.207536503820062279e+00 -1.505488479255147283e+00
-2.141330053992684057e+00 -1.472363293457954914e+00
-2.089156662813694165e+00 -1.441980746083079579e+00
-2.036983271634700277e+00 -1.411598198708200247e+00
-1.984809880455709719e+00 -1.381215651333324912e+00
-1.932636489276715830e+00 -1.350833103958449577e+00
-1.880463098097721941e+00 -1.320450556583570245e+00
-1.828289706918731605e+00 -1.290068009208694688e+00
-1.776116315739741269e+00 -1.259685461833815578e+00
-1.725462460368942574e+00 -1.226864951737874687e+00
-1.675301506008508134e+00 -1.193263752506993791e+00
-1.625140551648077469e+00 -1.159662553276108898e+00
-1.574979597287647248e+00 -1.126061354045228002e+00
-1.524818642927212586e+00 -1.092460154814346662e+00
-1.474657688566781921e+00 -1.058858955583465544e+00
-1.424496734206351256e+00 -1.025257756352584648e+00
-1.374971622775540858e+00 -9.907493421338738893e-01
-1.326465689769008804e+00 -9.548002615438423435e-01
-1.277959756762480747e+00 -9.188511809538068009e-01
-1.253851731213572629e+00 -8.680940194016103506e-01
-1.379242144545114845e+00 -8.492816055690258770e-01
-1.508839541903594483e+00 -8.367544757818300427e-01
-1.638479312772292085e+00 -8.247668837328699931e-01
-1.768486132626231111e+00 -8.176506224769257702e-01
-1.898492952480169249e+00 -8.105343612209822135e-01
-2.028499772334103834e+00 -8.034180999650377686e-01
-2.158259970807649974e+00 -8.111369767825185040e-01
-2.287914493367050106e+00 -8.230583509773050643e-01
-2.417569015926445353e+00 -8.349797251720920688e-01
-2.547223538485841043e+00 -8.469010993668786291e-01
-2.676878061045237622e+00 -8.588224735616655225e-01
-2.806547404085991015e+00 -8.685825253212635655e-01
-2.936290047667389658e+00 -8.576618651165314189e-01
-3.065374129218207067e+00 -8.618746920764822628e-01
-3.193321504214373441e+00 -8.859969559500660008e-01
-3.321385991340674249e+00 -9.093388136378113273e-01
-3.451228679317343673e+00 -9.189735174936501938e-01
-3.569392964948510549e+00 -8.698861471261668532e-01
-3.699080160249329285e+00 -8.780829495873906376e-01
-3.563712770895053339e+00 -8.373418587197429819e-01
-3.439596017757269752e+00 -8.749277999799337513e-01
-3.308650887250295547e+00 -8.614948426056145969e-01
-3.176715744207850189e+00 -8.411558781335155555e-01
-3.044723628570055851e+00 -8.211910012410338355e-01
-2.912119465232093862e+00 -8.082882357289609132e-01
-2.778652334123916212e+00 -8.056273412966896696e-01
-2.645431308503365830e+00 -7.976179784909366299e-01
-2.512293984541455583e+00 -7.878707525425506786e-01
-2.379156660579548443e+00 -7.781235265941691681e-01
-2.246165289567521040e+00 -7.666600298970102090e-01
-2.113304073063503985e+00 -7.536811010313715364e-01
-1.980415928937018011e+00 -7.421019224118212687e-01
-1.847188047485802231e+00 -7.505213671350313698e-01
-1.713960166034582455e+00 -7.589408118582408047e-01
-1.580732284583366676e+00 -7.673602565814504617e-01
-1.447879751955260863e+00 -7.795775517994794068e-01
-1.315659880924628933e+00 -7.979748654639677863e-01
-1.182830538343360383e+00 -8.082441176809854744e-01
-1.110257252834449648e+00 -7.840959607444941692e-01
-1.053203531921031555e+00 -7.524301787610060410e-01
-9.961498110076176804e-01 -7.207643967775174687e-01
-9.390960900942000311e-01 -6.890986147940291184e-01
-8.820642102909521665e-01 -6.573977519236396949e-01
-8.285125845096474873e-01 -6.201140977251881070e-01
-7.749711465504858232e-01 -5.828157969601840405e-01
-7.214297085913203844e-01 -5.455174961951765322e-01
-6.678882706321589424e-01 -5.082191954301682468e-01
-6.143468326729972784e-01 -4.709208946651604055e-01
-5.608053947138358364e-01 -4.336225939001521201e-01
-5.072639567546703976e-01 -3.963242931351484977e-01
-4.537225187955089001e-01 -3.590259923701404343e-01
-4.002217994036946780e-01 -3.216693263942382863e-01
-3.467348663870491454e-01 -2.842929058170236001e-01
-2.932479333704032243e-01 -2.469164852398133547e-01
-2.397610003537593570e-01 -2.095400646625988905e-01
-1.884027229738624576e-01 -1.695014362192888147e-01
-1.402037415548416099e-01 -1.255161317544937205e-01
-2.458565319109902725e-01 4.322086322519513857e-02
-3.665344279288437757e-01 2.129174735720067435e-01
-4.930389104763022723e-01 3.783889373241435816e-01
-6.461800651751907765e-01 5.146228764149904933e-01
-8.230559161535750956e-01 6.244185052113229162e-01
-9.566921112013500039e-01 7.799549657676880798e-01
-1.123668837801704790e+00 9.044658576394639660e-01
-1.288467523336745524e+00 1.031790602388607869e+00
-1.455849904122480609e+00 1.155061351948278414e+00
-1.635052194921525981e+00 1.261225038740183546e+00
-1.814254485720575349e+00 1.367388725532079796e+00
-1.993456776519620943e+00 1.473552412323984040e+00
-2.174484070465004137e+00 1.576529812808836084e+00
-2.356584239490723931e+00 1.677640107909336820e+00
-2.538081411814602451e+00 1.779830938512238170e+00
-2.718217073372296788e+00 1.884321524619577026e+00
-2.894851706978942563e+00 1.994704474532690064e+00
-3.077080117243359947e+00 2.095430870589733541e+00
-3.259925785765159123e+00 2.195177789964440240e+00
-3.204649570111160806e+00 2.184621851200426512e+00
-3.141475582600894878e+00 2.168831472527703585e+00
-3.078301595090628950e+00 2.153041093854982435e+00
-3.017964118910765769e+00 2.130226428392625770e+00
-2.962318283850904788e+00 2.096405875513261297e+00
-2.906672448791044250e+00 2.062585322633896379e+00
-2.851026613731182824e+00 2.028764769754530572e+00
-2.795380778671321398e+00 1.994944216875161214e+00
-2.739734943611460416e+00 1.961123663995797184e+00
-2.683695498447135730e+00 1.927974211429056783e+00
-2.626836070505743415e+00 1.896236312778503574e+00
-2.569976642564348435e+00 1.864498414127956138e+00
-2.513117214622956563e+00 1.832760515477405150e+00
-2.456257786681561139e+00 1.801022616826855938e+00
-2.399398358740165271e+00 1.769284718176303617e+00
-2.342538930798774288e+00 1.737546819525751740e+00
-2.285670751056877226e+00 1.705824609239758427e+00
-2.228793617490360202e+00 1.674118451575483668e+00
-2.167814261246418628e+00 1.666914602130915135e+00
-2.162056319152986905e+00 1.721757269573353621e+00
-2.168086405143871520e+00 1.773664752295970981e+00
-2.174116491134755247e+00 1.825572235018593226e+00
-2.180146577125634977e+00 1.877479717741211029e+00
-2.195441996983443111e+00 1.926785486155003557e+00
-2.218544926140082474e+00 1.973657688621280215e+00
-2.241647855296713843e+00 2.020529891087565311e+00
-2.264750784453345656e+00 2.067402093553845077e+00
-2.287853713609980577e+00 2.114274296020126176e+00
-2.310956642766615943e+00 2.161146498486405942e+00
-2.336670998416762401e+00 2.206369043469447178e+00
-2.369695752954668500e+00 2.246867367970191598e+00
-2.402720507492569268e+00 2.287365692470936018e+00
-2.435745262030475367e+00 2.327864016971679995e+00
-2.468770016568381021e+00 2.368362341472426191e+00
-2.501794771106286674e+00 2.408860665973170612e+00
-2.541431525950488268e+00 2.442389608546450042e+00
-2.584323709385287327e+00 2.472239387437625169e+00
-2.626908849797761292e+00 2.502522721072860890e+00
-2.585248892321384329e+00 2.501791473944138033e+00
-2.537571223756728056e+00 2.470164348679228183e+00
-2.489893555192071339e+00 2.438537223414320998e+00
-2.442570544604564908e+00 2.406467398845665073e+00
-2.406994216743875370e+00 2.361791423985361238e+00
-2.372580217727888297e+00 2.316084621384317366e+00
-2.338166218711896338e+00 2.270377818783272161e+00
-2.303752219695904824e+00 2.224671016182227401e+00
-2.269338220679912865e+00 2.178964213581183973e+00
-2.242693414591402146e+00 2.128546880936461161e+00
-2.218794522248798806e+00 2.076563440524342052e+00
-2.194895629906195023e+00 2.024580000112226941e+00
-2.170996737563592127e+00 1.972596559700108720e+00
-2.147158246239748713e+00 1.920587551594229669e+00
-2.135454393480005209e+00 1.864787140467678128e+00
-2.126109028442751736e+00 1.808341597821658375e+00
-2.116763663405494267e+00 1.751896055175632849e+00
-2.104889161334044356e+00 1.696031583212230132e+00
-2.088135571500251420e+00 1.641325529068611733e+00
-2.049755187245187127e+00 1.600257193810678658e+00
-2.011842251313754382e+00 1.572848698466279060e+00
-1.973929315382317862e+00 1.545440203121888789e+00
-1.936016379450881120e+00 1.518031707777493189e+00
-1.898103443519444822e+00 1.490623212433098921e+00
-1.858896032452783453e+00 1.465147682856253741e+00
-1.819092725789570819e+00 1.440564902162053240e+00
-1.779289419126362182e+00 1.415982121467854071e+00
-1.739486112463148881e+00 1.391399340773654014e+00
-1.699682805799940244e+00 1.366816560079449516e+00
-1.659879499136727388e+00 1.342233779385250347e+00
-1.620076192473518750e+00 1.317650998691045849e+00
-1.580272885810306116e+00 1.293068217996845792e+00
-1.540469579147093926e+00 1.268485437302647068e+00
-1.500666272483884844e+00 1.243902656608442570e+00
-1.460862965820671988e+00 1.219319875914242068e+00
-1.420823482515173541e+00 1.195138480486368948e+00
-1.379141758909513626e+00 1.173899676151628935e+00
-1.337418073999011581e+00 1.152739561655861333e+00
-1.343350187725834699e+00 1.232780768616497102e+00
-1.361855324212877694e+00 1.314092951566820489e+00
-1.380931049172713587e+00 1.395273153148007594e+00
-1.400035566840193368e+00 1.476446637174766430e+00
-1.419140084507677591e+00 1.557620121201525265e+00
-1.438244602175161591e+00 1.638793605228280548e+00
-1.463191781428026861e+00 1.718361480390118157e+00
-1.488465697671970345e+00 1.797830633286344071e+00
-1.518000566873436874e+00 1.875541406232707597e+00
-1.556823316035724103e+00 1.949344598926735284e+00
-1.595646065198007557e+00 2.023147791620762526e+00
-1.634468814360295452e+00 2.096950984314789768e+00
-1.678924735224156084e+00 2.167465096573092609e+00
-1.724279511488081784e+00 2.237444103242226312e+00
-1.769771379948113177e+00 2.307333633299776476e+00
-1.815632000129057566e+00 2.376982184045419277e+00
-1.861492620310000623e+00 2.446630734791061634e+00
-1.901315362728709824e+00 2.519684621414375769e+00
-1.936865756952552031e+00 2.595118609608548788e+00
-1.886916597710012189e+00 2.536674232786392480e+00
-1.832998545449868510e+00 2.468954833474318988e+00
-1.779196593945532090e+00 2.401144179624508546e+00
-1.732342160963699751e+00 2.328364616214726457e+00
-1.685581233949331015e+00 2.255518963582107794e+00
-1.638820306934969162e+00 2.182673310949485579e+00
-1.592059379920599982e+00 2.109827658316864252e+00
-1.547091468367748357e+00 2.035913742191510778e+00
-1.505655054874098564e+00 1.959913103776434351e+00
-1.464218641380448771e+00 1.883912465361361477e+00
-1.432180573028598136e+00 1.804034275825253886e+00
-1.409362146925442927e+00 1.720533420542865954e+00
-1.386543720822287273e+00 1.637032565260478911e+00
-1.363725294719127623e+00 1.553531709978089648e+00
-1.340906868615968861e+00 1.470030854695702605e+00
-1.324120135106425789e+00 1.385131755803036047e+00
-1.307983804247109916e+00 1.300086519433709231e+00
-1.291847473387797374e+00 1.215041283064383748e+00
-1.253306215233371601e+00 1.138015913878061891e+00
-1.210217279675918967e+00 1.091593257003227624e+00
-1.174089358914252035e+00 1.058984106565775907e+00
-1.137961438152577553e+00 1.026374956128328630e+00
-1.101833517390910622e+00 9.937658056908773574e-01
-1.065705596629240359e+00 9.611566552534291930e-01
-1.029577675867569653e+00 9.285475048159779199e-01
-9.934497551059029430e-01 8.959383543785222059e-01
-9.573218343442320144e-01 8.633292039410735974e-01
-9.211939135825615299e-01 8.307200535036223243e-01
-8.850659928208910454e-01 7.981109030661746040e-01
-8.481830585291882940e-01 7.663617977583689900e-01
-8.111660520591863488e-01 7.347655229334204563e-01
-7.741490455891881783e-01 7.031692481084732549e-01
-7.371320391191862331e-01 6.715729732835251653e-01
-6.999913942739721673e-01 6.401527186411066772e-01
-6.572815237554481271e-01 6.168246949526561274e-01
-6.144328971091359559e-01 5.937470316103987678e-01
-5.715842704628200099e-01 5.706693682681449609e-01
-5.287356438165076167e-01 5.475917049258827163e-01
-5.266460286890886078e-01 6.413935427674442025e-01
-5.331376344334357587e-01 7.344767805422280915e-01
-5.396292401777860182e-01 8.275600183170142010e-01
-5.444823398892575383e-01 9.207409006499771564e-01
-5.490329958298247881e-01 1.013939192642303144e+00
-5.535836517703958126e-01 1.107137484634634461e+00
-5.673547661029014755e-01 1.199037839389445637e+00
-5.898866056676050906e-01 1.289585872529915633e+00
-6.124184452323049310e-01 1.380133905670385186e+00
-6.385382861874719929e-01 1.469574466268030566e+00
-6.719636845451812945e-01 1.556691472899374151e+00
-7.053890829028872655e-01 1.643808479530718181e+00
-7.434866843279215320e-01 1.728920943474511862e+00
-7.839169986828391501e-01 1.813016245251360736e+00
-8.243473130377569902e-01 1.897111547028209610e+00
-8.602137200871777800e-01 1.983239216800761984e+00
-8.956101640731846114e-01 2.069574156731949000e+00
-9.296940866031204731e-01 2.156426459359359615e+00
-9.626927629271853082e-01 2.243705995681663623e+00
-9.083426044257580934e-01 2.184976696489714598e+00
-8.598321211317965229e-01 2.100566823622141310e+00
-8.253321488787306315e-01 2.008194499697983471e+00
-7.908321766256687368e-01 1.915822175773828295e+00
-7.464755073823543530e-01 1.828554092821471411e+00
-6.901898085038826736e-01 1.747592284452505584e+00
-6.485873510483604054e-01 1.659307592019580113e+00
-6.184820205488879008e-01 1.565411035170411580e+00
-5.883766900494189489e-01 1.471514478321243491e+00
-5.626788379736793466e-01 1.376448345818371166e+00
-5.428223089908026378e-01 1.279863602875378259e+00
-5.229657800079223762e-01 1.183278859932389349e+00
-5.073555480458535882e-01 1.086051867325617426e+00
-4.984550591191309610e-01 9.878496493798087918e-01
-4.895545701924045034e-01 8.896474314339952727e-01
-4.806540812656859285e-01 7.914452134881857504e-01
-4.717535923389672425e-01 6.932429955423726753e-01
-4.539596307853500101e-01 5.964973093952545824e-01
-4.305907343551489963e-01 5.007017510835773955e-01
-4.106819399598611864e-01 4.714151864748705734e-01
-3.928596764813599429e-01 4.473677559998892050e-01
-3.750374130028568120e-01 4.233203255249073926e-01
-3.572151495243515718e-01 3.992728950499300211e-01
-3.393928860458482188e-01 3.752254645749479867e-01
-3.215706225673430341e-01 3.511780340999701711e-01
-3.037483590888398477e-01 3.271306036249888027e-01
-2.859260956103365503e-01 3.030831731500105430e-01
-2.681038321318333639e-01 2.790357426750291747e-01
-2.502815686533280126e-01 2.549883122000513591e-01
-2.324593051748249928e-01 2.309408817250699908e-01
-2.146370416963215844e-01 2.068934512500917311e-01
-1.994264802625324573e-01 1.811292809089697364e-01
-1.848472230462904209e-01 1.549881782740634151e-01
-1.702679658300444432e-01 1.288470756391528749e-01
-1.556887086138006304e-01 1.027059730042463315e-01
-1.411835005406957277e-01 7.652432614704984815e-02
-1.283408884299757080e-01 4.950159744577176113e-02
-1.159529499728499391e-01 2.225364396796725153e-02
