1.675711092143262748e-01 -7.755541779655317214e-03
2.289325038831364068e-01 -3.219815180726914861e-02
2.933993768762122589e-01 -4.826792372544108645e-02
3.578662498692897209e-01 -6.433769564361035975e-02
4.223572610063806021e-01 -8.026154757349157620e-02
4.887122599799843536e-01 -8.191219861326803908e-02
5.551497128625884070e-01 -8.138291846126133322e-02
6.215871657451913501e-01 -8.085363830925107465e-02
6.880246186277949594e-01 -8.032435815724259243e-02
7.544620715103993458e-01 -7.979507800523411021e-02
8.208995243930036212e-01 -7.926579785322651617e-02
8.873369772756088958e-01 -7.873651770121625759e-02
9.537744301582113948e-01 -7.820723754921043991e-02
1.020211883040815559e+00 -7.767795739720195769e-02
1.086649651187846288e+00 -7.737126883247835707e-02
1.153085852586258842e+00 -7.802913344622641745e-02
1.219521716320628890e+00 -7.873005632037166635e-02
1.285957580055002936e+00 -7.943097919451691524e-02
1.352384938523377489e+00 -7.899038084183729325e-02
1.609064120055527125e+00 7.962983693463332457e-02
1.744483146078173341e+00 2.545548069970484661e-01
1.871111509702726661e+00 4.361307477109930275e-01
1.997739873327278204e+00 6.177066884249367007e-01
2.140165348013589153e+00 7.860322338164786871e-01
2.298340064879405897e+00 9.409041927528987159e-01
2.464074191140915193e+00 1.087622202097505486e+00
2.630709849722307592e+00 1.233351821631529788e+00
2.798776258099597847e+00 1.377359188223627129e+00
2.973660495407984605e+00 1.513079740320389277e+00
3.150854139847381497e+00 1.645535958292039247e+00
3.339110678918884023e+00 1.762000717842752806e+00
3.531329512379970836e+00 1.870962476877532588e+00
3.734707072353388391e+00 1.958329162690340297e+00
3.929153097487268376e+00 2.063707423117700834e+00
4.116441240924889833e+00 2.181683452380639210e+00
4.300391963204009294e+00 2.304539896036564173e+00
4.473782505496004092e+00 2.442098129338435619e+00
4.666406171864291963e+00 2.545116608912758593e+00
4.509302764801427443e+00 2.434888750684413239e+00
4.336053477301435422e+00 2.297132419839069684e+00
4.162803538125388947e+00 2.159376932482206968e+00
3.976273920628257130e+00 2.040368194814874414e+00
3.788541230944828087e+00 1.923113943158687889e+00
3.580924086699888598e+00 1.847718002865380349e+00
3.383288380560495412e+00 1.748320451081165849e+00
3.198590017971842503e+00 1.626342431896166119e+00
3.020185859096214287e+00 1.495372136672828312e+00
2.845160971480511503e+00 1.360097027030995775e+00
2.681171727858077780e+00 1.211437515786779606e+00
2.516719598331312202e+00 1.063296320329235378e+00
2.350437316852155067e+00 9.172061934441106956e-01
2.190523853352219330e+00 7.642381172963412794e-01
2.064086212805159803e+00 5.839451806215976148e-01
1.945077368787720529e+00 3.974809262252927411e-01
1.811323652908469750e+00 2.211231484106486178e-01
1.676855957927263496e+00 4.532578569941669855e-02
1.534894593632246229e+00 -1.244949826262624626e-01
1.593550492534012042e+00 -1.395291347919132008e-01
1.671961071838427682e+00 -1.437674951408212110e-01
1.750371651142840879e+00 -1.480058554897292211e-01
1.828629565839149818e+00 -1.541296500557720606e-01
1.906578503386591406e+00 -1.636241632358266251e-01
1.984527440934033438e+00 -1.731186764158820779e-01
2.062476378481474804e+00 -1.826131895959366425e-01
2.140425316028915947e+00 -1.921077027759920952e-01
2.218374253576358424e+00 -2.016022159560462157e-01
2.296308898161133261e+00 -2.112107729875507545e-01
2.374173529346003786e+00 -2.213734442855153084e-01
2.452036186108432769e+00 -2.315513285055983417e-01
2.529898842870861309e+00 -2.417292127256782663e-01
2.607761499633290736e+00 -2.519070969457581910e-01
2.685624156395719719e+00 -2.620849811658412243e-01
2.763659813449367064e+00 -2.706738308068348253e-01
2.841951471475463009e+00 -2.767235356612864905e-01
2.920301122775206260e+00 -2.816008980261917038e-01
2.998738368219482808e+00 -2.780755102435321646e-01
3.138656287109681475e+00 -1.413749625976894464e-01
3.271600076241488075e+00 -1.708022017767873990e-02
3.418992173142170188e+00 9.100051768338346392e-02
3.560426827146262241e+00 2.068290934026659755e-01
3.702724958966231661e+00 3.215157805160204774e-01
3.855894607618886027e+00 4.213109659611964375e-01
4.018311788896234305e+00 5.041558219281538911e-01
4.188985391247774359e+00 5.695493397890496468e-01
4.354757488546868949e+00 6.465593409908896305e-01
4.521830098589200375e+00 7.207440889366463210e-01
4.689449249641963746e+00 7.936708691567035956e-01
4.863265340840932538e+00 8.502722726255251828e-01
5.042814884708270107e+00 8.773567141468872066e-01
5.198852210270621832e+00 9.726057211640917188e-01
5.372815886527281926e+00 1.023643655047854928e+00
5.551721868942195215e+00 1.060867479474883801e+00
5.734380113217504515e+00 1.054103771575680248e+00
5.914641110438884297e+00 1.083743363632683199e+00
6.095954976009935855e+00 1.106976853172841224e+00
5.942048918905872057e+00 1.054818884274824065e+00
5.766535718345974004e+00 1.014632436538076554e+00
5.586978433741852434e+00 9.993078749551687068e-01
5.406968090651002257e+00 9.906114257824691904e-01
5.238875219447927556e+00 9.267806156165736553e-01
5.076775558612085959e+00 8.486331295824376397e-01
4.900376739838118390e+00 8.120924446083241932e-01
4.726707195964369390e+00 7.639004045739659077e-01
4.559643761723627620e+00 6.977340382190773127e-01
4.396110957537175956e+00 6.219672569300023213e-01
4.232578153350727845e+00 5.462004756409264417e-01
4.069059937590339793e+00 4.727078147481043047e-01
3.901705378991696449e+00 4.070851924838319036e-01
3.752445960407607473e+00 3.060643572272851998e-01
3.609317050328912035e+00 1.968972874271690543e-01
3.471244889701845526e+00 8.105402412816076207e-02
3.330186541027199354e+00 -3.109974050245778443e-02
3.189799316447960553e+00 -1.438338236838321293e-01
3.075972967677859327e+00 -2.835495865160511109e-01
3.122550800412467797e+00 -3.206456783692868129e-01
3.190609721186513870e+00 -3.339933071648650831e-01
3.258183334872287062e+00 -3.495283068405941052e-01
3.325427081199083812e+00 -3.665122543007659495e-01
3.392670827525879673e+00 -3.834962017609355733e-01
3.459914573852676867e+00 -4.004801492211060854e-01
3.527158320179474060e+00 -4.174640966812779297e-01
3.593459650745746359e+00 -4.375614789152049156e-01
3.658573813766108351e+00 -4.614428872813425286e-01
3.723687976786470788e+00 -4.853242956474796976e-01
3.788802139806831892e+00 -5.092057040136181989e-01
3.853916302827194773e+00 -5.330871123797549238e-01
3.919029851376802931e+00 -5.569701955508357116e-01
3.984059794322250436e+00 -5.810796442365191439e-01
4.049063979500126642e+00 -6.052588047007070315e-01
4.114068164678003292e+00 -6.294379651648904783e-01
4.179072349855878166e+00 -6.536171256290765896e-01
4.243501353196982961e+00 -6.791904533465453753e-01
4.305204065535643387e+00 -7.108598578474953911e-01
4.430906793670585486e+00 -6.486384359074843786e-01
4.547093291438923046e+00 -5.659990667383483220e-01
4.667430944440932095e+00 -4.897684634236050272e-01
4.790457901089999027e+00 -4.177064377928112471e-01
4.914304410338396600e+00 -3.471674436836531541e-01
5.042493884441882734e+00 -2.847493092523225577e-01
5.171347604019452149e+00 -2.238890602438461386e-01
5.306498994945326508e+00 -1.784724428979158617e-01
5.442138533876105022e+00 -1.347444431591107161e-01
5.583404354546191328e+00 -1.156202553620504503e-01
5.724754523373947634e+00 -9.694681506012425842e-02
5.866941119575435515e+00 -8.949899313565090608e-02
6.009506877124822566e+00 -8.762926992984265695e-02
6.146772362794188815e+00 -1.250647650201104355e-01
6.285816949085481831e+00 -1.527313818995912342e-01
6.428163784386915935e+00 -1.529041886303055264e-01
6.569987862816035751e+00 -1.537838478483832816e-01
6.709522238917927872e+00 -1.830814122467541161e-01
6.850128356820238906e+00 -2.066845524281450963e-01
6.732655991988435673e+00 -2.183397982579169394e-01
6.594634203696484676e+00 -1.996061881189650222e-01
6.455680123457907094e+00 -2.000038933591925527e-01
6.316753594635294178e+00 -1.995617261041249257e-01
6.179067586005992929e+00 -1.789637544113609202e-01
6.043124459918571389e+00 -1.486251871787827028e-01
5.904641668502851992e+00 -1.374308161625457103e-01
5.765524254977090202e+00 -1.344794416456727149e-01
5.627410934905454631e+00 -1.525108906500358685e-01
5.489323439718202025e+00 -1.707538581469401073e-01
5.354925696934431656e+00 -2.071044421645313882e-01
5.220709992947768718e+00 -2.443483275084497031e-01
5.094866097400685412e+00 -3.039216469604126836e-01
4.969633490607249904e+00 -3.648950541791893265e-01
4.847478856669217073e+00 -4.317564795984467629e-01
4.725976786732763557e+00 -4.998608788198124486e-01
4.608681201970598273e+00 -5.745792057307701484e-01
4.495681681802103036e+00 -6.560167316867837606e-01
4.384670354793233749e+00 -7.400831699645720185e-01
4.506855000922229237e+00 -8.339522284356433168e-01
4.654403759181430900e+00 -8.982747284244401165e-01
4.807833540969658870e+00 -9.496381674682763396e-01
4.961230063273540658e+00 -1.001099961292848839e+00
5.114185824480721898e+00 -1.053858123924045653e+00
5.267133462613533545e+00 -1.106639946548767295e+00
5.419992908318210567e+00 -1.159651490607431779e+00
5.568647254185206563e+00 -1.223531729787788347e+00
5.717252854870150891e+00 -1.287526075280653437e+00
5.866327343674324624e+00 -1.350418280037986918e+00
6.015515753537568955e+00 -1.413041911140545892e+00
6.163960109539774024e+00 -1.477396725421742385e+00
6.305078035439585449e+00 -1.555465871004545697e+00
6.439662561720595590e+00 -1.645276260691424852e+00
6.574713503482484178e+00 -1.734378848279597207e+00
6.707385995428922776e+00 -1.826990458523859662e+00
6.840054103713732125e+00 -1.919608350176188249e+00
6.966552834137481831e+00 -2.019026745753764729e+00
7.064534874097104122e+00 -2.147783961688808585e+00
6.790032459867240355e+00 -1.919339086262970007e+00
6.478727771890239850e+00 -1.720704969050469657e+00
6.161774410669326407e+00 -1.532029639638494256e+00
5.822163215364693833e+00 -1.386997769991414220e+00
5.477060184475676330e+00 -1.255927113144170271e+00
5.129381850536568699e+00 -1.131477816807665349e+00
4.777314737054125793e+00 -1.020043838813101456e+00
4.439983360791070588e+00 -8.711827112669716655e-01
4.116332172110202414e+00 -6.958705969891103571e-01
3.769059823278458676e+00 -5.703349519887037644e-01
3.414069153565221004e+00 -4.685997127688650288e-01
3.054333867030022631e+00 -3.880270419257656478e-01
2.688415002863229653e+00 -3.401551618781386566e-01
2.320505154004870452e+00 -3.083377090795202946e-01
1.952534477511892463e+00 -2.774655597269317653e-01
1.583546075886599791e+00 -2.627154188603948448e-01
1.214557674261307785e+00 -2.479652779938534835e-01
8.454827591971856293e-01 -2.563659762258838626e-01
4.764603204696424288e-01 -2.575444094125569627e-01
5.073844343629086984e-01 -3.328477522924773169e-01
5.711261843424854101e-01 -4.129300642861504222e-01
6.348679343220626770e-01 -4.930123762798253040e-01
6.986096843016406099e-01 -5.730946882734997416e-01
7.623514342812183209e-01 -6.531770002671746234e-01
8.260931842607965869e-01 -7.332593122608486169e-01
8.898349342403739648e-01 -8.133416242545234986e-01
9.535766842199514537e-01 -8.934239362481979363e-01
1.017318434199530053e+00 -9.735062482418719298e-01
1.081060184179107431e+00 -1.053588560235547256e+00
1.144801934158685475e+00 -1.133670872229221249e+00
1.206357367433761318e+00 -1.215426734453873170e+00
1.266715612557348214e+00 -1.298089117859578590e+00
1.327073857680935332e+00 -1.380751501265286674e+00
1.387432102804524003e+00 -1.463413884670993426e+00
1.447790347928112453e+00 -1.546076268076697069e+00
1.510163043693947271e+00 -1.627187974099074008e+00
1.574854821104041180e+00 -1.706504815439573441e+00
1.639546598514136200e+00 -1.785821656780071987e+00
1.967279239753675135e+00 -1.856687378715689007e+00
2.286232835892049842e+00 -1.899584524955792997e+00
2.605256358466908395e+00 -1.941356248572298604e+00
2.916470429159827127e+00 -2.023447794769236641e+00
3.226460864058481093e+00 -2.109549900707503145e+00
3.529323241095704944e+00 -2.218488416989045753e+00
3.830295809635279269e+00 -2.332320731245743239e+00
4.127510255799568206e+00 -2.455832502515740146e+00
4.413964243824159084e+00 -2.602586060903221199e+00
4.670785384809327034e+00 -2.795888486768401293e+00
4.899855067979929757e+00 -3.021535456913477802e+00
5.168002861187964925e+00 -3.199531508154574322e+00
5.457043278613241455e+00 -3.340537067119040859e+00
5.719433313372782379e+00 -3.526420728568927743e+00
5.980573265955251294e+00 -3.714512988579611541e+00
6.247919984992216236e+00 -3.893730598134112597e+00
6.499850685780155679e+00 -4.093812221047522293e+00
6.718846015695237206e+00 -4.328044588781454927e+00
6.914815325259792367e+00 -4.583228966262780979e+00
6.709592343785593549e+00 -4.374873003382115044e+00
6.487793766605769896e+00 -4.147431788278844955e+00
6.236544118301363682e+00 -3.953954953184953158e+00
5.975981618568565246e+00 -3.771731113674079428e+00
5.717431215743207673e+00 -3.586651166342256225e+00
5.455962550153005353e+00 -3.405801924803911973e+00
5.176093191743072808e+00 -3.256157529642391246e+00
4.904578546930522087e+00 -3.093853824328481217e+00
4.662497778115982427e+00 -2.888249007502871279e+00
4.424997926637415979e+00 -2.679035429912067556e+00
4.136490876095034075e+00 -2.545369504961691121e+00
3.845929063675569193e+00 -2.416574092574723664e+00
3.548488313507000669e+00 -2.304182376489135819e+00
3.251047563338430813e+00 -2.191790660403550639e+00
2.945957260061006444e+00 -2.103216621778567497e+00
2.638424774064479283e+00 -2.022444827512248633e+00
2.323871712238562814e+00 -1.976151053075798192e+00
2.009202294531851063e+00 -1.930480587918946611e+00
1.694032883723176841e+00 -1.888395671437474999e+00
1.720989528282377945e+00 -1.958184787622122780e+00
1.778348577687806520e+00 -2.047678494560038587e+00
1.835707627093233096e+00 -2.137172201497957502e+00
1.893066676498659895e+00 -2.226665908435874641e+00
1.950425725904084917e+00 -2.316159615373791780e+00
2.007784775309511716e+00 -2.405653322311709807e+00
2.063468888140732371e+00 -2.496184977936828808e+00
2.117747129042492737e+00 -2.587580036308682274e+00
2.172025369944252216e+00 -2.678975094680534408e+00
2.226303610846014802e+00 -2.770370153052386542e+00
2.280581851747774280e+00 -2.861765211424241784e+00
2.334860092649536423e+00 -2.953160269796093917e+00
2.389700777092406803e+00 -3.044210214907649537e+00
2.447727731621585523e+00 -3.133272309416213375e+00
2.505754686150765576e+00 -3.222334403924779433e+00
2.563781640679944740e+00 -3.311396498433344604e+00
2.621808595209123460e+00 -3.400458592941908886e+00
2.676690535341089472e+00 -3.491356993783942819e+00
2.739476426576715085e+00 -3.569450617676132254e+00
3.009788327499503424e+00 -3.616895192620041666e+00
3.251230962958365556e+00 -3.675704037833340099e+00
3.486951610256571854e+00 -3.757069223033362881e+00
3.710794795131929558e+00 -3.866857315116419613e+00
3.933354614074863420e+00 -3.979275716077556257e+00
4.149139231797770222e+00 -4.104262872031854137e+00
4.351535631550982330e+00 -4.249497895500679689e+00
4.553006730161216709e+00 -4.396305167040577722e+00
4.761676657929763579e+00 -4.532839600955378856e+00
4.966004794427508529e+00 -4.675588547942234996e+00
5.159462916479857775e+00 -4.832453159934103404e+00
5.328924705670628370e+00 -5.015081741007405114e+00
5.493603468229060205e+00 -5.202340106806073727e+00
5.666545679825397919e+00 -5.381941780561782629e+00
5.840159198379153871e+00 -5.560939934753411862e+00
6.011940949460722550e+00 -5.741704478828618008e+00
6.183140669453692340e+00 -5.923004564214615186e+00
6.340764763122088254e+00 -6.116238268802015376e+00
6.451564738050135972e+00 -6.334744703669844768e+00
6.319848181530296038e+00 -6.156044294907847103e+00
6.160025724388196622e+00 -5.971942484424552333e+00
5.994872028408296138e+00 -5.792864934899410123e+00
5.820212098214659235e+00 -5.622774949259695454e+00
5.645552168021019668e+00 -5.452684963619980785e+00
5.476718354891232821e+00 -5.277022100119395098e+00
5.315301927236073531e+00 -5.094316240023961662e+00
5.153885499580916019e+00 -4.911610379928529113e+00
4.964669247932425478e+00 -4.759866928848882850e+00
4.765167366009513295e+00 -4.619739509906755082e+00
4.566060493691201927e+00 -4.479055656826135490e+00
4.368103632343308007e+00 -4.336753951019573172e+00
4.170146770995415864e+00 -4.194452245213010855e+00
3.966824249050117324e+00 -4.061344863429663832e+00
3.745015515081238089e+00 -3.960163936544759622e+00
3.523206781112358854e+00 -3.858983009659854968e+00
3.299367021629177277e+00 -3.763468124269337078e+00
3.062809275301592749e+00 -3.704500954737643070e+00
2.823827994331173930e+00 -3.657474195253106686e+00
2.822770061541312270e+00 -3.714433855638183068e+00
2.870747504416785834e+00 -3.799773939374126552e+00
2.918724947292262062e+00 -3.885114023110068260e+00
2.966702390167736514e+00 -3.970454106846010855e+00
3.014679833043210522e+00 -4.055794190581954339e+00
3.062657275918685862e+00 -4.141134274317895603e+00
3.110634718794161202e+00 -4.226474358053839531e+00
3.158612161669635654e+00 -4.311814441789782570e+00
3.206589604545109662e+00 -4.397154525525725610e+00
3.254567047420585002e+00 -4.482494609261667762e+00
3.301659283395580236e+00 -4.568293916877816940e+00
3.341493227528278709e+00 -4.657721451261735979e+00
3.381062765904268907e+00 -4.747270413006905443e+00
3.420632304280258662e+00 -4.836819374752078460e+00
3.460201842656253302e+00 -4.926368336497248812e+00
3.508993084788541772e+00 -5.010968220079705659e+00
3.562874720120635885e+00 -5.092708872700456801e+00
3.616756355452733107e+00 -5.174449525321208831e+00
3.673686940673299262e+00 -5.254010555303146646e+00
3.861169683384103379e+00 -5.296772123211681560e+00
4.017812267089621692e+00 -5.342226713680163108e+00
4.168817165679416625e+00 -5.408293188892544734e+00
4.319822064269211559e+00 -5.474359664104927248e+00
4.466352578682402985e+00 -5.549043527278699095e+00
4.606401401816118124e+00 -5.635954894107002566e+00
4.746450224949831487e+00 -5.722866260935306926e+00
4.878259110143844168e+00 -5.821260624694108543e+00
5.004718354604491992e+00 -5.926974001499245581e+00
5.125117708507763048e+00 -6.039257417166752795e+00
5.240430485649583581e+00 -6.157029323718966829e+00
5.355743262791403225e+00 -6.274801230271179975e+00
5.464651755919648579e+00 -6.397975884408145575e+00
5.559033996462344085e+00 -6.533102681214861818e+00
5.647016208856233455e+00 -6.672248597653913649e+00
5.726601206726455118e+00 -6.816586696086377017e+00
5.824709860498368030e+00 -6.947415277014796331e+00
5.938983579822606274e+00 -7.066070444394583205e+00
6.031854630695150377e+00 -7.202227471323684682e+00
5.933850982621439840e+00 -7.117437924947954464e+00
5.816885288664819242e+00 -7.008829757178203224e+00
5.703648461443924234e+00 -6.896389552330553840e+00
5.610225758278190256e+00 -6.768458231972061867e+00
5.532732656631845103e+00 -6.628917818950295526e+00
5.455239554985500838e+00 -6.489377405928528297e+00
5.351164195117203981e+00 -6.369694165435626054e+00
5.237642455822840937e+00 -6.257491124582720943e+00
5.124120716528478781e+00 -6.145288083729816719e+00
5.007261441745909814e+00 -6.036664761123558876e+00
4.887050340713050112e+00 -5.931660004766890815e+00
4.766839239680190410e+00 -5.826655248410220089e+00
4.644904136909342895e+00 -5.724072588549391938e+00
4.506209355813330042e+00 -5.645075994978055789e+00
4.367506937642930076e+00 -5.566092788771043409e+00
4.228416063864503194e+00 -5.487825399790766667e+00
4.077814914726804574e+00 -5.435099242630868410e+00
3.926932466281128242e+00 -5.383030111467638434e+00
3.771369578038591630e+00 -5.350764372502627708e+00
3.817573694484681646e+00 -5.531925342934177259e+00
3.925640581743476965e+00 -5.743639260394845181e+00
4.031241194259165717e+00 -5.956577446114567742e+00
4.134352483709667681e+00 -6.170748632216250584e+00
4.237463773160171421e+00 -6.384919818317936091e+00
4.355919275301750382e+00 -6.590965224926272903e+00
4.475337330363664101e+00 -6.796490316079585092e+00
4.584199511900799884e+00 -7.007468777623968137e+00
4.681527175493110704e+00 -7.224329472236916239e+00
4.779055755911936210e+00 -7.441099659585653114e+00
4.877021759460348882e+00 -7.657672735283210130e+00
4.974979876198472262e+00 -7.874249372684580806e+00
5.049643686162814227e+00 -8.099808321627085306e+00
5.122427810489237565e+00 -8.326090681112717107e+00
5.186298033333332391e+00 -8.554768655818486778e+00
5.235411541824977810e+00 -8.787339286492240831e+00
5.282641226451354477e+00 -9.020227454789599975e+00
5.299040389761204395e+00 -9.257358274800081333e+00
5.289884947715584929e+00 -9.493455866198852178e+00
5.216603199190844364e+00 -8.988431748944899269e+00
5.088742023029595885e+00 -8.438700756956222904e+00
4.902223932537692619e+00 -7.906707778892041460e+00
4.681566754210686909e+00 -7.386635512123104874e+00
4.412355731584528762e+00 -6.889779775369973436e+00
4.150686583491437709e+00 -6.389057964089172259e+00
3.904866600151743583e+00 -5.880223282056993739e+00
3.646033883645122931e+00 -5.377942044855840820e+00
3.351200195828281547e+00 -4.896529101300102660e+00
3.088514051023147022e+00 -4.396789602772320116e+00
2.817550408216242364e+00 -3.901518802421993115e+00
2.519573177840183309e+00 -3.421362819406757350e+00
2.218551443796399347e+00 -2.943145132888276727e+00
1.909397784185967062e+00 -2.470107911733966155e+00
1.596122333296303486e+00 -1.999898450325811261e+00
1.265816230359874783e+00 -1.541381191969202202e+00
9.352808090878496072e-01 -1.083032106313927212e+00
5.769309698858945401e-01 -6.460929705623130737e-01
1.710053929391948668e-01 -2.606527923690906690e-01
1.397144662348048239e-01 -3.780007901482864696e-01
1.381001429035372263e-01 -5.310118685641271874e-01
1.364858195722696843e-01 -6.840229469799714579e-01
1.348714962410020868e-01 -8.370340253958117316e-01
1.332571729097336011e-01 -9.900451038116533375e-01
1.316428495784664476e-01 -1.143056182227495832e+00
1.300285262471984615e-01 -1.296067260643337882e+00
1.284142029159303644e-01 -1.449078339059179044e+00
1.267998795846627669e-01 -1.602089417475020205e+00
1.251855562533948363e-01 -1.755100495890863588e+00
1.235712329221268363e-01 -1.908111574306705194e+00
1.219569095908590861e-01 -2.061122652722545912e+00
1.203425862595915441e-01 -2.214133731138387073e+00
1.187282629283233915e-01 -2.367144809554230900e+00
1.171139395970556413e-01 -2.520155887970072062e+00
1.169288495090110014e-01 -2.673174409290605347e+00
1.170337451567661918e-01 -2.826193967369630577e+00
1.171386408045200639e-01 -2.979213525448654476e+00
1.107515291957818226e-01 -3.131863754937739941e+00
3.629622792399820330e-01 -3.379192668044694869e+00
5.747525713419410209e-01 -3.653009200541429635e+00
7.865428634438998978e-01 -3.926825733038164401e+00
9.862794055954209327e-01 -4.209391027162218357e+00
1.180873466502324387e+00 -4.495684185929468057e+00
1.358633405891311652e+00 -4.792080740026369412e+00
1.518785947085691257e+00 -5.098971249567068931e+00
1.676548852167545123e+00 -5.407087900036433581e+00
1.812686893083890416e+00 -5.724434981768857789e+00
1.921682094900486470e+00 -6.052991890250909890e+00
2.033995117493105020e+00 -6.380431054452870399e+00
2.178992798783161877e+00 -6.694684985843707636e+00
2.290825917702774106e+00 -7.021218585820564684e+00
2.384517710321421902e+00 -7.354425965343692084e+00
2.527928067585443195e+00 -7.669445941366501707e+00
2.665164624627033074e+00 -7.987181867367715071e+00
2.811589523130767709e+00 -8.299930051977323586e+00
2.888092238474618156e+00 -8.637370026434641801e+00
2.938604489127038200e+00 -8.972233273620673799e+00
2.866157757006397411e+00 -8.675684677103527420e+00
2.776318324071981092e+00 -8.348206259202919810e+00
2.637643646565634548e+00 -8.038922239936132641e+00
2.490181553579480678e+00 -7.733033094929636420e+00
2.367159666112687244e+00 -7.416746098824566147e+00
2.249489433062907828e+00 -7.098207319152961325e+00
2.153830076144028993e+00 -6.772382489190160726e+00
2.014368102559912721e+00 -6.464060144517461026e+00
1.885093236187510568e+00 -6.151280394119988060e+00
1.781113843967256916e+00 -5.828013439585240540e+00
1.645228703619937782e+00 -5.516885457598751152e+00
1.499695783779418923e+00 -5.210456812780417835e+00
1.329964024525835287e+00 -4.916340563992042334e+00
1.160232265272251873e+00 -4.622224315203664169e+00
9.769093843539019550e-01 -4.336904797401526679e+00
7.769250936598816049e-01 -4.062460775101404131e+00
5.769408029658629200e-01 -3.788016752801280251e+00
3.691259367327271446e-01 -3.520403956874599061e+00
1.080780973136216960e-01 -3.305274865115207739e+00
9.032912438572968106e-02 -3.403796682897805681e+00
8.955148478074671792e-02 -3.533752634920028335e+00
8.877384517576497602e-02 -3.663708586942252321e+00
8.799620557078127736e-02 -3.793664538964475419e+00
8.721856596579831422e-02 -3.923620490986698073e+00
8.644092636081528169e-02 -4.053576443008920727e+00
8.566328675583294305e-02 -4.183532395031146045e+00
8.488564715084993828e-02 -4.313488347053368699e+00
8.410800754586696126e-02 -4.443444299075591353e+00
8.333036794088391486e-02 -4.573400251097814007e+00
8.434933729298231542e-02 -4.703351481722934935e+00
8.595386328183231284e-02 -4.833299854878233326e+00
8.755838927068371191e-02 -4.963248228033532605e+00
8.916291525953311259e-02 -5.093196601188830108e+00
9.076744124838385941e-02 -5.223144974344130276e+00
9.237196723723464786e-02 -5.353093347499429555e+00
9.692069935662751823e-02 -5.482960500224404399e+00
1.026294207604048353e-01 -5.612793333857856837e+00
1.116533002980088507e-01 -5.742257007751376818e+00
2.987023062045395805e-01 -5.926906414224499819e+00
4.626865168457344191e-01 -6.094350490644821150e+00
6.076992112499599585e-01 -6.276841988815048623e+00
7.333468807349559082e-01 -6.474682948241764713e+00
8.577638200822453873e-01 -6.673231497785021560e+00
9.617804694144025390e-01 -6.883252731796265067e+00
1.065797118746559580e+00 -7.093273965807506798e+00
1.169813768078716176e+00 -7.303295199818748529e+00
1.283043152647163065e+00 -7.508381983303903162e+00
1.400690999423361838e+00 -7.711082171322606982e+00
1.515197432115040765e+00 -7.915541852125694611e+00
1.626244131883710420e+00 -8.121932289269427230e+00
1.735632267036331333e+00 -8.329204470652914694e+00
1.815111004846861276e+00 -8.548527292753645312e+00
1.888267921312176467e+00 -8.770712411625851246e+00
1.994698418763156234e+00 -8.978580527010530332e+00
2.131698365115600513e+00 -9.168619124568547107e+00
2.226712647636516884e+00 -9.382861011819578323e+00
2.291267732605548613e+00 -9.607608212294357131e+00
2.210310785674793443e+00 -9.426458583225954868e+00
2.112581525202449573e+00 -9.216850427190426132e+00
1.986865155247350412e+00 -9.022010019059059971e+00
1.869558516378498458e+00 -8.822095909642172273e+00
1.789400650483070621e+00 -8.604518260994765910e+00
1.706621609236668169e+00 -8.387957331409971573e+00
1.612894866868114452e+00 -8.176163604077927971e+00
1.495009104006864709e+00 -7.976470568995780219e+00
1.377123341145613411e+00 -7.776777533913634244e+00
1.265419151144371757e+00 -7.573654079217231327e+00
1.158457714884413514e+00 -7.367902742650722203e+00
1.051496278624455494e+00 -7.162151406084213079e+00
9.406168014430053015e-01 -6.958486782039626561e+00
8.294539246448656700e-01 -6.754974678793505660e+00
7.182910478467271487e-01 -6.551462575547383871e+00
5.900577017275389080e-01 -6.358273611422339044e+00
4.602763414716571355e-01 -6.166206506890414829e+00
2.942137409359170119e-01 -6.004410776201650535e+00
1.253600707711332585e-01 -5.845476615447280366e+00
1.094560087095095002e-01 -5.919606599281591386e+00
1.063748812324228077e-01 -6.020439336887362103e+00
1.032937537553368923e-01 -6.121272074493135484e+00
1.002126262782498389e-01 -6.222104812098906201e+00
9.713149880116343782e-02 -6.322937549704677807e+00
9.405037132407775835e-02 -6.423770287310450300e+00
9.096924384699028865e-02 -6.524603024916221017e+00
8.788811636990484510e-02 -6.625435762521993510e+00
8.480698889281730601e-02 -6.726268500127766004e+00
8.172586141573146001e-02 -6.827101237733538497e+00
7.864473393864505890e-02 -6.927933975339309214e+00
7.577303066548110588e-02 -7.028771828590349990e+00
7.725598756520710153e-02 -7.129636103726924468e+00
7.901928299138759326e-02 -7.230500493423410724e+00
8.078257841756590618e-02 -7.331364883119895204e+00
8.254587384374675874e-02 -7.432229272816382348e+00
8.430916926992640392e-02 -7.533093662512865940e+00
8.607246469610592421e-02 -7.633958052209353085e+00
7.813081869999841111e-02 -7.734323203152218440e+00
2.027990787496366520e-01 -7.863075060225444446e+00
3.212706011959731156e-01 -7.972114529217623868e+00
4.394047376711501807e-01 -8.081553012623921006e+00
5.408505220364479005e-01 -8.206280127286774473e+00
6.388477644333759864e-01 -8.334065088583493264e+00
7.368450068303032952e-01 -8.461850049880208502e+00
8.260601657918891227e-01 -8.595235953146115548e+00
8.977286783800617620e-01 -8.739444413904855935e+00
9.693971909682312926e-01 -8.883652874663592769e+00
1.041065703556402378e+00 -9.027861335422336708e+00
1.109611580433033540e+00 -9.173475525627569738e+00
1.168535672804099201e+00 -9.323343491481692169e+00
1.227459765175163753e+00 -9.473211457335814600e+00
1.277053157869801669e+00 -9.625664774624064890e+00
1.302246711893081388e+00 -9.784717409580803604e+00
1.327440265916361106e+00 -9.943770044537544095e+00
1.357398794399286457e+00 -1.010198200118468215e+01
1.388360032401913191e+00 -1.026001319301829007e+01
1.347271822040593259e+00 -1.040525744253560525e+01
1.330101018691802750e+00 -1.024000371910408802e+01
1.310414380291235137e+00 -1.008749668280102085e+01
1.285550023486366378e+00 -9.935654353546567563e+00
1.259152539951656546e+00 -9.784173438519609078e+00
1.210024796189824725e+00 -9.638367228699284084e+00
1.160555120180238653e+00 -9.492672066294201016e+00
1.111085444170651693e+00 -9.346976903889114396e+00
1.061615768161064510e+00 -9.201281741484034882e+00
1.001128565190367636e+00 -9.060288259529356125e+00
9.282985824627157934e-01 -8.924751833397385425e+00
8.554685997350638393e-01 -8.789215407265412949e+00
7.826386170074124404e-01 -8.653678981133442250e+00
7.072122964072918849e-01 -8.519754450906788179e+00
6.125961356129814295e-01 -8.398420261947434184e+00
5.179651214051630426e-01 -8.277097138253978414e+00
4.233341071973463765e-01 -8.155774014560524421e+00
3.175234238886658900e-01 -8.044448016589919703e+00
2.065979356662725475e-01 -7.937818446322754795e+00
8.475779229631674738e-02 -7.844011815800654652e+00
5.927991597862698747e-02 -8.074725170230923510e+00
5.741177550760197257e-02 -8.325342666596791119e+00
5.554363503657563927e-02 -8.575960162962658728e+00
5.367549456554761983e-02 -8.826577659328524561e+00
5.180735409452296575e-02 -9.077195155694393947e+00
4.993921362349494630e-02 -9.327812652060259779e+00
4.807107315246861301e-02 -9.578430148426129165e+00
4.492149003864810003e-02 -9.829027033027134763e+00
3.838274638632698660e-02 -1.007956618019772321e+01
3.184400273400971731e-02 -1.033010532736830633e+01
2.530525908168980431e-02 -1.058064447453889301e+01
1.876651542937061296e-02 -1.083118362170947790e+01
1.341408165512614215e-02 -1.108174952157625981e+01
8.664245313924004085e-03 -1.133232896703866466e+01
3.914408972722590273e-03 -1.158290841250106951e+01
6.653582296599578998e-03 -1.183349729722317889e+01
1.103429038972096946e-02 -1.208408346769177832e+01
1.112713670421845887e-02 -1.233461637142126932e+01
-7.905962296526570978e-04 -1.258495731308929066e+01
-1.747721949289881768e-02 -1.232755788929363305e+01
-3.132756506786694983e-02 -1.207699610357018472e+01
-4.275968817751356343e-02 -1.182630471728793431e+01
-5.081614982283191861e-02 -1.157553520500113109e+01
-5.011393838712177584e-02 -1.132458427056570827e+01
-4.941172695141259064e-02 -1.107363333613028544e+01
-4.774824462227987565e-02 -1.082269342617194852e+01
-4.224954404149712517e-02 -1.057180175854060877e+01
-3.675084346071317426e-02 -1.032091009090926903e+01
-3.125214287993090256e-02 -1.007001842327792929e+01
-2.582584003826553232e-02 -9.819125374869393852e+00
-2.310905555486158364e-02 -9.568188351382232781e+00
-2.046156758420434457e-02 -9.317250400082796702e+00
-1.781407961354722347e-02 -9.066312448783364175e+00
-1.516659164288986471e-02 -8.815374497483929872e+00
-1.251910367223370811e-02 -8.564436546184495569e+00
-9.871615701576227919e-03 -8.313498594885064819e+00
-5.169939485337334689e-03 -8.062604048497465925e+00
-3.510113670867741169e-03 -7.811859762442031396e+00
-1.360448193561571428e-01 -7.878460552971204400e+00
-2.404501827448624618e-01 -7.987732405312867101e+00
-3.448555461335675587e-01 -8.097004257654528914e+00
-4.492609095222737658e-01 -8.206276109996192503e+00
-5.424825393163942300e-01 -8.325055679816706800e+00
-6.329010311407134992e-01 -8.446156109026190961e+00
-7.233195229650318803e-01 -8.567256538235675123e+00
-8.137380147893495952e-01 -8.688356967445159285e+00
-8.957859573284221444e-01 -8.814835517307969326e+00
-9.669217265327015864e-01 -8.948179133421454878e+00
-1.038057495736981029e+00 -9.081522749534943983e+00
-1.106029758096905402e+00 -9.216092290087518180e+00
-1.141963086988035947e+00 -9.362889642028827453e+00
-1.177791909711972229e+00 -9.509713049838079968e+00
-1.213585772982961997e+00 -9.656544952842125440e+00
-1.253197226222136473e+00 -9.801972412157576642e+00
-1.340530011609484484e+00 -9.925242825729771567e+00
-1.429121432745541709e+00 -1.004767288799069647e+01
-1.521825862263491924e+00 -1.016703242035793053e+01
-1.466302470322237372e+00 -1.003532611411057474e+01
-1.380467827297577443e+00 -9.906245482197251206e+00
-1.298489601838444418e+00 -9.775698119462830959e+00
-1.267910659720389743e+00 -9.623713659445206403e+00
-1.237486227246164638e+00 -9.471697178032023601e+00
-1.201216175777492623e+00 -9.321499704066177117e+00
-1.136975669480847939e+00 -9.180404650774525166e+00
-1.072735163184201701e+00 -9.039309597482873215e+00
-1.000085279815812633e+00 -8.902560023087552565e+00
-9.217525207829642131e-01 -8.768774240678041565e+00
-8.418372541218727134e-01 -8.635994407223837044e+00
-7.487142260269122884e-01 -8.512047812470093788e+00
-6.555911979319506422e-01 -8.388101217716350533e+00
-5.624681698369895511e-01 -8.264154622962607277e+00
-4.678350034071092622e-01 -8.141428368639763491e+00
-3.630217265491368916e-01 -8.027196876892009669e+00
-2.582084496911621896e-01 -7.912965385144259400e+00
-1.510477333359285801e-01 -7.801315202595678677e+00
-1.848472781171684939e-02 -7.720987176860974799e+00
-9.001155518869615292e-04 -7.606592950170933065e+00
1.759260933578657860e-03 -7.499825876461136076e+00
4.418637419043676060e-03 -7.393058802751340863e+00
7.078013904507851617e-03 -7.286291729041542098e+00
9.737390389973109642e-03 -7.179524655331746885e+00
1.239676687543728520e-02 -7.072757581621948120e+00
1.505614336090278435e-02 -6.965990507912151131e+00
1.771551984636726002e-02 -6.859223434202353253e+00
2.037489633183209650e-02 -6.752456360492557152e+00
2.303427281729633277e-02 -6.645689286782758387e+00
2.569364930276189438e-02 -6.538922213072961398e+00
2.794014635641743280e-02 -6.432147535890731405e+00
2.906686504583720632e-02 -6.325353290648584981e+00
3.019358373525896783e-02 -6.218559045406438557e+00
3.132030242467873787e-02 -6.111764800164292133e+00
3.244702111410007611e-02 -6.004970554922147485e+00
3.357373980352208048e-02 -5.898176309680001062e+00
3.385096134928046452e-02 -5.791386072751093295e+00
3.102427569979069460e-02 -5.684623297590068347e+00
-1.488877970391881966e-01 -5.794473615362205621e+00
-3.230547595925193916e-01 -5.963253371621663135e+00
-4.865646096156450162e-01 -6.143339392938098165e+00
-6.096711834683272713e-01 -6.352143963182903086e+00
-7.244552945507840569e-01 -6.566599212526860185e+00
-8.417353666074812724e-01 -6.779656110626467225e+00
-9.655046185478967091e-01 -6.989054339850783393e+00
-1.077753461465159823e+00 -7.204752256607578786e+00
-1.187116216910024447e+00 -7.422022212767366511e+00
-1.296453477707388613e+00 -7.639304919135454952e+00
-1.404456254709591567e+00 -7.857254088243644574e+00
-1.512438632773730696e+00 -8.075213378377792850e+00
-1.625289842146051100e+00 -8.290661473575838158e+00
-1.718273041529840173e+00 -8.514294500615458006e+00
-1.792675115932844898e+00 -8.745748996100552120e+00
-1.911374686109948984e+00 -8.958060550646429476e+00
-2.030097740655568028e+00 -9.170360532859159974e+00
-2.136845812766995589e+00 -9.388663985408689072e+00
-2.243235126840663174e+00 -9.607202706341695375e+00
-2.155760425928187729e+00 -9.360739698682653653e+00
-2.053633009374184137e+00 -9.137924250479340316e+00
-1.940881382874410255e+00 -8.919786286745999604e+00
-1.827957993405135095e+00 -8.701815803507653158e+00
-1.752711108899659198e+00 -8.468082468002975816e+00
-1.652356811430724104e+00 -8.244688901248306223e+00
-1.540229631407755928e+00 -8.026227226855443320e+00
-1.433241730552477167e+00 -7.805215626715256150e+00
-1.327297899341580045e+00 -7.583689302530538967e+00
-1.220297065607796716e+00 -7.362691349357969983e+00
-1.105188059646094123e+00 -7.145786014188579394e+00
-9.900790536843937506e-01 -6.928880679019188804e+00
-8.703156481885813145e-01 -6.714532537093647058e+00
-7.488049297212686639e-01 -6.501147549393024860e+00
-6.318351316098643755e-01 -6.285425916711945504e+00
-5.187276348059947084e-01 -6.069490453579578393e+00
-3.490914612323188781e-01 -5.891947286170301723e+00
-1.772085586519254741e-01 -5.716811266497433763e+00
1.266878747136246028e-02 -5.561104487237139793e+00
2.178347549660226631e-02 -5.424709437526202827e+00
1.821607791937978477e-02 -5.295486116264381593e+00
1.464868034215805782e-02 -5.166262795002560360e+00
1.108128276493488412e-02 -5.037039473740736462e+00
7.513885187712553496e-03 -4.907816152478915228e+00
3.946487610489395406e-03 -4.778592831217092218e+00
3.790900332656056606e-04 -4.649369509955270097e+00
-3.188307543956101116e-03 -4.520146188693447975e+00
-6.755705121178544499e-03 -4.390922867431627630e+00
-1.032310269840027231e-02 -4.261699546169805508e+00
-1.389050027562405663e-02 -4.132476224907982498e+00
-1.745789785284646706e-02 -4.003252903646162153e+00
-1.775554649679902605e-02 -3.873986245398812311e+00
-1.739381718028564297e-02 -3.744714198013030515e+00
-1.703208786377220785e-02 -3.615442150627249163e+00
-1.667035854725872415e-02 -3.486170103241467366e+00
-1.630862923074402615e-02 -3.356898055855687346e+00
-1.594689991422983816e-02 -3.227626008469905106e+00
-9.455213422873271628e-03 -3.098531345038514573e+00
-2.906448102099672415e-01 -3.289658920838662848e+00
-5.291296401038096953e-01 -3.531974088664461053e+00
-7.319703945082011165e-01 -3.803791074574828901e+00
-9.168300608083784775e-01 -4.088706941387322047e+00
-1.075798985204100999e+00 -4.389240692777089059e+00
-1.234767909599823854e+00 -4.689774444166856959e+00
-1.392921947370672431e+00 -4.990708489990867136e+00
-1.530139007283915831e+00 -5.301776220745286317e+00
-1.663841553554474384e+00 -5.614340690405483336e+00
-1.792849677528657981e+00 -5.928901588478658446e+00
-1.921857801502840024e+00 -6.243462486551834445e+00
-2.050865925477023399e+00 -6.558023384625009555e+00
-2.200010719756053224e+00 -6.863472147225736286e+00
-2.309034928524691832e+00 -7.184192359890280599e+00
-2.414731048656099333e+00 -7.507127301703423683e+00
-2.553675366959526905e+00 -7.816325745910257972e+00
-2.715912564214305380e+00 -8.115107851256032845e+00
-2.866440546822666136e+00 -8.419899749470669548e+00
-2.998737160531982582e+00 -8.732646762799070927e+00
-2.924939988065916818e+00 -8.454835157843380244e+00
-2.775410524140285329e+00 -8.140003183702276601e+00
-2.616618187957670649e+00 -7.829667619066357886e+00
-2.472048694926187284e+00 -7.513019961723256479e+00
-2.365215937980765570e+00 -7.181189006697465516e+00
-2.264750141117297666e+00 -6.847896559192801824e+00
-2.110354891617229445e+00 -6.535962996628718713e+00
-1.975442829888441665e+00 -6.214522886709469063e+00
-1.846254230700379750e+00 -5.890742558484201474e+00
-1.717345214455193725e+00 -5.566848306913433575e+00
-1.577623750020391791e+00 -5.247593301655161468e+00
-1.429676735133011078e+00 -4.931971434442051994e+00
-1.269400455812069062e+00 -4.622396669713199735e+00
-1.109123344077245887e+00 -4.312822336121320710e+00
-9.405770389267790188e-01 -4.007680793360229643e+00
-7.606179362625050677e-01 -3.709200298566203813e+00
-5.633259359627293961e-01 -3.423626414655164041e+00
-3.179060269469204947e-01 -3.176049984176496643e+00
-5.570991336026204221e-02 -2.947202447335070197e+00
-3.388072056916859032e-02 -2.784656521676765806e+00
-3.683949997521369230e-02 -2.643350027442186168e+00
-3.979827938126161840e-02 -2.502043533207606973e+00
-4.275705878730816367e-02 -2.360737038973028667e+00
-4.571583819335476445e-02 -2.219430544738447253e+00
-4.867461759940130972e-02 -2.078124050503869391e+00
-5.163339700544888194e-02 -1.936817556269288865e+00
-5.459217641149440026e-02 -1.795511062034709227e+00
-5.755095581754100798e-02 -1.654204567800128700e+00
-6.050973522358755324e-02 -1.512898073565550394e+00
-6.237154950827420580e-02 -1.371583454580738604e+00
-6.088047006427099034e-02 -1.230253852690220029e+00
-5.938939062026747651e-02 -1.088924250799701454e+00
-5.789831117626468432e-02 -9.475946489091842118e-01
-5.640723173226056680e-02 -8.062650470186620844e-01
-5.491615228825693501e-02 -6.649354451281435097e-01
-5.342507284425402486e-02 -5.236058432376262672e-01
-6.577460320111830350e-02 -3.832998170646062519e-01
-8.927483830005183973e-02 -2.439297390753352168e-01
-4.662684727360974501e-01 -6.304801939316768689e-01
-8.299009988184499198e-01 -1.023139863487875001e+00
-1.170762311693383628e+00 -1.435401377643847898e+00
-1.504558036832722490e+00 -1.853720208202215947e+00
-1.813541746991577330e+00 -2.290220803133392380e+00
-2.111428043589556047e+00 -2.734826228674013482e+00
-2.408984128915324430e+00 -3.179650323182707794e+00
-2.690778641808587501e+00 -3.633947661526541584e+00
-2.926239193654495363e+00 -4.114539545192331893e+00
-3.191118154161686427e+00 -4.578684575623106490e+00
-3.477180429766742797e+00 -5.030966178725503113e+00
-3.717678554986062700e+00 -5.508201685327694719e+00
-3.930396756924979140e+00 -5.999283345222341524e+00
-4.143076919252778545e+00 -6.490381480019811633e+00
-4.324136860181753583e+00 -6.992459772986791222e+00
-4.456716034636632351e+00 -7.510923800560888708e+00
-4.579139617201104073e+00 -8.031906234576755566e+00
-4.676876689707247792e+00 -8.557791971617595195e+00
-4.834682666703792542e+00 -9.064786106874777261e+00
-4.801800562057167099e+00 -8.879683575159042164e+00
-4.744767776567353046e+00 -8.678931124188032697e+00
-4.710717555345987684e+00 -8.473381818696640977e+00
-4.683667711698213942e+00 -8.266445618020624053e+00
-4.645240950495399979e+00 -8.061519547713604794e+00
-4.599232621974366886e+00 -7.857957471436380459e+00
-4.553224293453332017e+00 -7.654395395159154347e+00
-4.502141850184321115e+00 -7.452122775833629476e+00
-4.445109064694507950e+00 -7.251370324862620009e+00
-4.391608329589427484e+00 -7.049653956468569405e+00
-4.338858811175485997e+00 -6.847733740792446788e+00
-4.273223930850878816e+00 -6.650112362558513013e+00
-4.192448741053479644e+00 -6.457681455724944897e+00
-4.111663828793606257e+00 -6.265254644779505888e+00
-4.029769643078469521e+00 -6.073297418452559882e+00
-3.947806338628220058e+00 -5.881369562435799558e+00
-3.865843034177970594e+00 -5.689441706419039235e+00
-3.781879195531505644e+00 -5.498443501220467766e+00
-3.684592337351905833e+00 -5.313809938677964695e+00
-3.841334556161147162e+00 -5.344152721861496147e+00
-3.992348667330617662e+00 -5.383887412868769040e+00
-4.138875487341233672e+00 -5.437890707677158986e+00
-4.285194967447035985e+00 -5.492482400755140937e+00
-4.411741002135559420e+00 -5.582945268445334897e+00
-4.535333174338939344e+00 -5.678418870541404040e+00
-4.658925346542318380e+00 -5.773892472637473183e+00
-4.780535905228072480e+00 -5.871659864737634571e+00
-4.892126290962778512e+00 -5.980920193946035468e+00
-5.003716676697484544e+00 -6.090180523154435477e+00
-5.110470837472743888e+00 -6.203745650887980467e+00
-5.205487939388684815e+00 -6.327689122158735913e+00
-5.300505041304624854e+00 -6.451632593429490470e+00
-5.388510697459699017e+00 -6.579905109959986120e+00
-5.452190340941642788e+00 -6.722506430897631446e+00
-5.517052239199516706e+00 -6.864375155949216989e+00
-5.620751799317663888e+00 -6.981130912317801140e+00
-5.718500802475752209e+00 -7.102440441712339236e+00
-5.802665268132270349e+00 -7.233994903620329708e+00
-5.754710578264220722e+00 -7.101932708655644078e+00
-5.665204132238486068e+00 -6.968808864580677387e+00
-5.561127287519428641e+00 -6.846997884312833627e+00
-5.495795326397804992e+00 -6.700488169285273798e+00
-5.430463365276181342e+00 -6.553978454257715747e+00
-5.345774160085613680e+00 -6.418846625367347514e+00
-5.247628063067498516e+00 -6.291958070400540670e+00
-5.149481966049383352e+00 -6.165069515433733827e+00
-5.048442565470044663e+00 -6.040844754063900979e+00
-4.927304956321896690e+00 -5.935682777136285004e+00
-4.806167347173749604e+00 -5.830520800208669030e+00
-4.682186943484064834e+00 -5.728825740622093043e+00
-4.555141003341592665e+00 -5.630883457440778450e+00
-4.428095063199119608e+00 -5.532941174259463857e+00
-4.294045752446923103e+00 -5.446815691443559260e+00
-4.146776390352856723e+00 -5.383214616532356445e+00
-3.996964390421302582e+00 -5.325895645193674532e+00
-3.846795008639900981e+00 -5.269481830246931509e+00
-3.687913291366598845e+00 -5.249925191192135188e+00
-3.617196382459999526e+00 -5.153713681778021360e+00
-3.564508377346490064e+00 -5.062572699185288627e+00
-3.511820372232981047e+00 -4.971431716592555894e+00
-3.459132367119471141e+00 -4.880290733999823161e+00
-3.406444362005960791e+00 -4.789149751407093092e+00
-3.350667625090392399e+00 -4.699867491259642094e+00
-3.294711348412009411e+00 -4.610695748587974485e+00
-3.238755071733626867e+00 -4.521524005916305988e+00
-3.182798795055242991e+00 -4.432352263244637491e+00
-3.126842518376860003e+00 -4.343180520572969883e+00
-3.070886241698476571e+00 -4.254008777901302274e+00
-3.021856345796530174e+00 -4.160935183429425699e+00
-2.975262262126407986e+00 -4.066533404008954022e+00
-2.928668178456286242e+00 -3.972131624588481458e+00
-2.882074094786162721e+00 -3.877729845168008893e+00
-2.835428240042900949e+00 -3.783353839772916949e+00
-2.785510238968219365e+00 -3.690675909073695582e+00
-2.735094216767127939e+00 -3.598258760793579647e+00
-2.684678194566037401e+00 -3.505841612513463268e+00
-2.902193214131601806e+00 -3.521472588252561486e+00
-3.128827725873683629e+00 -3.570141100435266335e+00
-3.348051519904522433e+00 -3.641919605419686956e+00
-3.559742845230235986e+00 -3.736357991537269108e+00
-3.770439673340467923e+00 -3.832756432924092405e+00
-3.970962493407824034e+00 -3.949042285429737564e+00
-4.170973577601627014e+00 -4.066135708021698214e+00
-4.356638181662624731e+00 -4.204902550484967527e+00
-4.536561599966246305e+00 -4.350904783855501279e+00
-4.713075033570765626e+00 -4.501154022614946015e+00
-4.889588467175282283e+00 -4.651403261374392528e+00
-5.062116212299595297e+00 -4.806095000828376484e+00
-5.230077183096752513e+00 -4.965847741898835821e+00
-5.398038153893910618e+00 -5.125600482969295157e+00
-5.556131225411410135e+00 -5.295094019196681323e+00
-5.732173550252700700e+00 -5.442374933413582916e+00
-5.916078403608613812e+00 -5.581506712773921741e+00
-6.085268729865068060e+00 -5.739956892615680317e+00
-6.281109710251063127e+00 -5.862736326272399268e+00
-6.154362885587070231e+00 -5.734422039129134063e+00
-5.977634357107524998e+00 -5.580731781080254805e+00
-5.795239561863670730e+00 -5.434974677097808460e+00
-5.610791504923924755e+00 -5.292934625955037831e+00
-5.450078278829608713e+00 -5.122193948161392285e+00
-5.283686686691321022e+00 -4.957103182417529119e+00
-5.113749913452837248e+00 -4.795540150766205656e+00
-4.942464678524060240e+00 -4.635469864434577758e+00
-4.764103915947556445e+00 -4.483257649194788641e+00
-4.585743153371054426e+00 -4.331045433955000412e+00
-4.403302900802200881e+00 -4.183876646230872076e+00
-4.217064119505466557e+00 -4.041411785875125062e+00
-4.015279230374216191e+00 -3.923081411926416795e+00
-3.807978171334643225e+00 -3.813503170399428210e+00
-3.598834613955586459e+00 -3.707633936638776717e+00
-3.385878512046753386e+00 -3.609497201646878928e+00
-3.165552187463788858e+00 -3.530153113406617749e+00
-2.939066419701518829e+00 -3.469791674025480610e+00
-2.710892349351596398e+00 -3.415910776193777032e+00
-2.630537835487798848e+00 -3.343286504737136511e+00
-2.573639537717655745e+00 -3.262367425851413927e+00
-2.516741239947511755e+00 -3.181448346965692675e+00
-2.459842942177368652e+00 -3.100529268079969647e+00
-2.402944644407223773e+00 -3.019610189194247507e+00
-2.346046346637081115e+00 -2.938691110308524479e+00
-2.289148048866936236e+00 -2.857772031422802783e+00
-2.234061566831588852e+00 -2.775615228860076389e+00
-2.179560030779782220e+00 -2.693062844370908593e+00
-2.125058494727975145e+00 -2.610510459881742129e+00
-2.070556958676168513e+00 -2.527958075392574777e+00
-2.016055422624360549e+00 -2.445405690903408313e+00
-1.961553886572555250e+00 -2.362853306414240961e+00
-1.907052350520747064e+00 -2.280300921925074498e+00
-1.852550814468941098e+00 -2.197748537435907146e+00
-1.798077852263102905e+00 -2.115177562379255249e+00
-1.748123163974185434e+00 -2.029824592729119193e+00
-1.699173413530806309e+00 -1.943863929932789336e+00
-1.650223663087427628e+00 -1.857903267136456815e+00
-1.947100832501421408e+00 -1.834727080330346816e+00
-2.248293434531530632e+00 -1.861467394061226521e+00
-2.542226223006630814e+00 -1.925067119521241210e+00
-2.827987508284626639e+00 -2.024548451915127334e+00
-3.109993761854927374e+00 -2.133454663255525130e+00
-3.385377633944297138e+00 -2.258833172784314058e+00
-3.658528403411717811e+00 -2.388801400477785108e+00
-3.926684870428909679e+00 -2.528973283733493282e+00
-4.194841337446103324e+00 -2.669145166989202345e+00
-4.461730609383267598e+00 -2.811632312883049600e+00
-4.723881295723895590e+00 -2.962738452102255060e+00
-4.986031982064520918e+00 -3.113844591321460520e+00
-5.251772692996757641e+00 -3.258088684001781754e+00
-5.519940551755463609e+00 -3.396842536376921018e+00
-5.772507468716917778e+00 -3.563473866309738725e+00
-6.028968055388176595e+00 -3.723765353685208002e+00
-6.294436727092479700e+00 -3.868728120643998736e+00
-6.566487086748886703e+00 -4.001184337823165293e+00
-6.855399576327712907e+00 -4.089383127805406026e+00
-6.595062960701747024e+00 -3.981204623467792914e+00
-6.320569147895701789e+00 -3.845633091323908737e+00
-6.054226296012442887e+00 -3.694669615806649432e+00
-5.796666182142141466e+00 -3.529063752855437386e+00
-5.543442748327873204e+00 -3.356706554800192421e+00
-5.275853934295802183e+00 -3.209004183326706450e+00
-5.004850064579131619e+00 -3.066614436568610991e+00
-4.739924084797385362e+00 -2.912850538364819108e+00
-4.475052113020715261e+00 -2.758993637964252787e+00
-4.210199244854239353e+00 -2.605103841752377747e+00
-3.937437330348715125e+00 -2.465890457218476328e+00
-3.663046530150430247e+00 -2.329733195492609710e+00
-3.385419012175356013e+00 -2.200519399173251678e+00
-3.104597039297587457e+00 -2.078175087073420357e+00
-2.823636729878592266e+00 -1.956155502773736732e+00
-2.537505922578201289e+00 -1.846805655908758670e+00
-2.239655823429355763e+00 -1.784884424089278721e+00
-1.934879447159295385e+00 -1.756043761941829651e+00
-1.628629628474415503e+00 -1.749706593045448066e+00
-1.544250731362757811e+00 -1.670111509373832348e+00
-1.472601769963682861e+00 -1.585264081809945491e+00
-1.400952808564608576e+00 -1.500416654246057746e+00
-1.329303847165534069e+00 -1.415569226682171777e+00
-1.257654885766458230e+00 -1.330721799118284032e+00
-1.186005924367383946e+00 -1.245874371554398952e+00
-1.114356962968307663e+00 -1.161026943990511651e+00
-1.042708001569233600e+00 -1.076179516426626126e+00
-9.710590401701575392e-01 -9.913320888627414895e-01
-8.994100787710818112e-01 -9.064846612988546326e-01
-8.277611173720073046e-01 -8.216372337349682198e-01
-7.561121559729310215e-01 -7.367898061710804747e-01
-6.844631945738564038e-01 -6.519423786071949500e-01
-6.128315686021690301e-01 -5.670803231356944529e-01
-5.412598527617451527e-01 -4.821677261583752205e-01
-4.696881369213198321e-01 -3.972551291810577645e-01
-3.981164210808947335e-01 -3.123425322037394203e-01
-3.265447052404669703e-01 -2.274299352264201879e-01
-2.549729894000420938e-01 -1.425173382491022878e-01
-6.065791496982563258e-01 -7.447229480108497057e-02
-9.942899399344321543e-01 -3.663310660094420967e-02
-1.380864222134349228e+00 -1.615885654759896539e-02
-1.759921324455984593e+00 -1.059763059031251231e-01
-2.139077245128232274e+00 -1.953477653150876847e-01
-2.520005621662108286e+00 -2.755572485508075431e-01
-2.890288413900260700e+00 -3.965376920232039915e-01
-3.259495420408813349e+00 -5.207860214856139258e-01
-3.633356749919369300e+00 -6.301139069479342325e-01
-3.992713041108915117e+00 -7.731935345920821767e-01
-4.328550505786116886e+00 -9.693498860903662084e-01
-4.685191819857386086e+00 -1.126061194318983105e+00
-5.040780399318775196e+00 -1.285146309082610738e+00
-5.381465931468500052e+00 -1.473806321488368543e+00
-5.721434645403994601e+00 -1.663992327787461090e+00
-6.062033438697768339e+00 -1.853052961014030053e+00
-6.403927864966661332e+00 -2.039742130527113062e+00
-6.723171017162771435e+00 -2.260764563128301319e+00
-7.006505101010223946e+00 -2.524158653707853528e+00
-6.946824207598633727e+00 -2.395493274163013275e+00
-6.796797891387705626e+00 -2.269177017171234212e+00
-6.644813034936935203e+00 -2.145216325632723464e+00
-6.486539143612273683e+00 -2.030644907386199183e+00
-6.312769598038395991e+00 -1.939706495985323187e+00
-6.139000052464517410e+00 -1.848768084584450744e+00
-5.965313510601929714e+00 -1.757673177606369208e+00
-5.794765311158593946e+00 -1.660833242932883369e+00
-5.624322149794164893e+00 -1.563803462034612402e+00
-5.453878988429737618e+00 -1.466773681136342766e+00
-5.283435827065306789e+00 -1.369743900238074463e+00
-5.110092324071518810e+00 -1.278060522659565823e+00
-4.933933188583540463e+00 -1.191909467487628937e+00
-4.756421336159929680e+00 -1.108511674434060179e+00
-4.579629187634004950e+00 -1.023608132311787156e+00
-4.403292644839973846e+00 -9.377531772275555788e-01
-4.228294211589581408e+00 -8.493170850256315241e-01
-4.056545057284886902e+00 -7.546182062957917935e-01
-3.884795902980188398e+00 -6.599193275659569480e-01
-3.995101134010475175e+00 -5.815721342471786848e-01
-4.133918141016222236e+00 -5.120340713008033617e-01
-4.272735148021968854e+00 -4.424960083544275946e-01
-4.416633174848055177e+00 -3.864188966281196791e-01
-4.567038896310369189e+00 -3.478984788763739289e-01
-4.717444617772681426e+00 -3.093780611246268464e-01
-4.867850339234995438e+00 -2.708576433728810962e-01
-5.017990577753268511e+00 -2.313258834572873290e-01
-5.167907770893630293e+00 -1.909459523864693864e-01
-5.318559667655285317e+00 -1.547321985772232011e-01
-5.473230248070770187e+00 -1.681390687039256981e-01
-5.627900763414201535e+00 -1.816570314115382168e-01
-5.782571278757636435e+00 -1.951749941191529558e-01
-5.937086045411294144e+00 -2.100106738527700578e-01
-6.090497525008721880e+00 -2.338979379838992401e-01
-6.244422403414287004e+00 -2.514620915707812543e-01
-6.399673879150462596e+00 -2.498241312211808562e-01
-6.554925354886641742e+00 -2.481861708715822346e-01
-6.709028727053517827e+00 -2.295966069071191384e-01
-6.617954859224584929e+00 -2.032757478681896934e-01
-6.458383583146342310e+00 -1.953162794195204555e-01
-6.298317282348316226e+00 -1.970050379499705961e-01
-6.139125603485975802e+00 -1.832731757627770186e-01
-5.980429223537022665e+00 -1.623081680681677241e-01
-5.821032088425919682e+00 -1.478290432562472390e-01
-5.661497459577571334e+00 -1.346846621465367377e-01
-5.501962830729221210e+00 -1.215402810368262365e-01
-5.342514543049555087e+00 -1.074098191360288723e-01
-5.186464453019208776e+00 -1.245260740478082440e-01
-5.033735869758822368e+00 -1.724640799701879779e-01
-4.878850376975686132e+00 -2.127648048224357602e-01
-4.723528035938985958e+00 -2.514822806107241959e-01
-4.568476482535763772e+00 -2.912516098391306762e-01
-4.413822347941953161e+00 -3.325574352101150488e-01
-4.266684121690329512e+00 -3.943473299648179164e-01
-4.122123085022479039e+00 -4.630945425196091314e-01
-3.977686244131557025e+00 -5.320964709460542785e-01
-3.837354079159920328e+00 -6.090921026775464320e-01
-3.751610972931545440e+00 -5.976266219530379509e-01
-3.686116038657517802e+00 -5.779821115858094771e-01
-3.620621104383494160e+00 -5.583376012185783388e-01
-3.555126170109467409e+00 -5.386930908513498650e-01
-3.489631235835442880e+00 -5.190485804841182826e-01
-3.424043131136395246e+00 -4.997202823176274400e-01
-3.358345650440804242e+00 -4.807641689665378415e-01
-3.292648169745210573e+00 -4.618080556154522398e-01
-3.226950689049616905e+00 -4.428519422643661940e-01
-3.161875855566887772e+00 -4.218771435925776636e-01
-3.096956480672843348e+00 -4.004069790265245565e-01
-3.032037105778794484e+00 -3.789368144604736699e-01
-2.967117730884749172e+00 -3.574666498944205628e-01
-2.902198355990702971e+00 -3.359964853283661235e-01
-2.837278981096657660e+00 -3.145263207623121282e-01
-2.772342200251688205e+00 -2.931090416883028738e-01
-2.707258209901565849e+00 -2.721434157864415226e-01
-2.642165036698121305e+00 -2.512060805827123211e-01
-2.577071863494674542e+00 -2.302687453789831196e-01
-2.722965849272224403e+00 -9.421193318931297966e-02
-2.881151207173997086e+00 3.152178796055959964e-02
-3.047839134637695846e+00 1.453015703448370388e-01
-3.218677507908017432e+00 2.532174000782676515e-01
-3.389515881178343903e+00 3.611332298117009287e-01
-3.564107412640686423e+00 4.624947305605466852e-01
-3.744302620294405859e+00 5.539346738421340177e-01
-3.924497827948124407e+00 6.453746171237231266e-01
-4.115564162012793403e+00 7.024694082512175086e-01
-4.315988115225889210e+00 7.281951748509012390e-01
-4.516066346110402030e+00 7.563806787700375622e-01
-4.715791093220073726e+00 7.870662043592240309e-01
-4.915515840329743646e+00 8.177517299484087232e-01
-5.115240587439414455e+00 8.484372555375951919e-01
-5.316634955652236094e+00 8.644688206539159481e-01
-5.516133943313529464e+00 8.479811505259142734e-01
-5.713495856116343141e+00 8.046238966516039426e-01
-5.910857768919155042e+00 7.612666427772918354e-01
-6.111672915779640114e+00 7.426646859556118585e-01
-5.936670627969584224e+00 8.035157159238917046e-01
-5.737119820581114915e+00 8.488087026304143023e-01
-5.538001558578936390e+00 8.959595592602314085e-01
-5.335640425553741295e+00 9.045525199002275585e-01
-5.131749080074619940e+00 8.872864088490013401e-01
-4.927946210340087063e+00 8.689460254790457583e-01
-4.725429588240165124e+00 8.399468498134314842e-01
-4.523152263875928725e+00 8.090313913069451246e-01
-4.320766933456410719e+00 7.788294475752959301e-01
-4.118416175630321696e+00 7.483991965469778407e-01
-3.920296027169597686e+00 7.033824102596888395e-01
-3.737421216454299255e+00 6.115740066136741149e-01
-3.554546405738997716e+00 5.197656029676567258e-01
-3.372837785143889100e+00 4.257375793585307377e-01
-3.193897138195708862e+00 3.264792082054892575e-01
-3.018713846974454551e+00 2.213056732785343428e-01
-2.853867016179683969e+00 1.000724197912710167e-01
-2.690118832786430936e+00 -2.259330000444847997e-02
-2.530407048639331524e+00 -1.505156412069821315e-01
-2.455928256565660828e+00 -1.632983889812149592e-01
-2.393416445066599341e+00 -1.531983853230318715e-01
-2.330904633567540518e+00 -1.430983816648474516e-01
-2.268392822068482584e+00 -1.329983780066621435e-01
-2.205881010569423761e+00 -1.228983743484777236e-01
-2.143462756595626573e+00 -1.122573670606890062e-01
-2.081408993046548250e+00 -9.964527391601674111e-02
-2.019355590102607678e+00 -8.703131998133528668e-02
-1.957302187158669993e+00 -7.441736604665294408e-02
-1.895248784214729199e+00 -6.180341211197060147e-02
-1.833195381270788626e+00 -4.918945817728737069e-02
-1.772196485852593595e+00 -3.228142102071895891e-02
-1.711481094816169835e+00 -1.429870870908001024e-02
-1.650765703779740967e+00 3.684003602557162083e-03
-1.590050312743315208e+00 2.166671591419522258e-02
-1.529334921706890338e+00 3.964942822583417126e-02
-1.468198438885148560e+00 5.611763145719717016e-02
-1.406845321299788010e+00 7.178707986312460321e-02
-1.345492203714425017e+00 8.745652826904937172e-02
-1.481730414809721008e+00 2.702301190064027026e-01
-1.629216125425481554e+00 4.658585014700022953e-01
-1.775120872602068633e+00 6.627338993304912051e-01
-1.935076830766977674e+00 8.482490632347419179e-01
-2.097240389417437623e+00 1.031963781690310888e+00
-2.276306513263826936e+00 1.198994867422042532e+00
-2.458174287703020600e+00 1.363227111978111417e+00
-2.664767404408546980e+00 1.490070006785980894e+00
-2.886952798800979991e+00 1.593384486307323655e+00
-3.103543548693719512e+00 1.707998425423312483e+00
-3.314916070475542487e+00 1.831232269280960168e+00
-3.518994107927705617e+00 1.966247494460920286e+00
-3.747662904780975079e+00 2.054330971214890056e+00
-3.976772357374758649e+00 2.141246063084079942e+00
-4.206752218144919730e+00 2.225847370234306233e+00
-4.424339196478628722e+00 2.337742752178621153e+00
-4.640444017964489909e+00 2.453190135771903257e+00
-4.859403815033302543e+00 2.563203619237833131e+00
-5.085271003759161523e+00 2.658219719019498939e+00
-4.831990464804994723e+00 2.593238051847518655e+00
-4.609629588306599857e+00 2.492444442428092266e+00
-4.398723205952358661e+00 2.368956889940074362e+00
-4.177116361607168038e+00 2.267791644730209555e+00
-3.947929483293844743e+00 2.182930854843354140e+00
-3.718273247268438997e+00 2.099332463759086664e+00
-3.492401658922264396e+00 2.006142406479095364e+00
-3.281578331693011830e+00 1.883953238390420282e+00
-3.070729152246383986e+00 1.760847514046214535e+00
-2.854657875606239514e+00 1.646637702084496446e+00
-2.635604367940272752e+00 1.538321446460144237e+00
-2.429450632721188441e+00 1.410413458748000615e+00
-2.243982222383205105e+00 1.251252701951810486e+00
-2.065000236598618866e+00 1.084894564650767279e+00
-1.887553619169940244e+00 9.168369087693628572e-01
-1.730727140869240399e+00 7.294354103472358020e-01
-1.577079496131873704e+00 5.394444084596869970e-01
-1.430434147837158942e+00 3.439301645776700056e-01
-1.273654692621770224e+00 1.570923032773485772e-01
-1.211471139762091198e+00 1.285210023630414256e-01
-1.154903974319663851e+00 1.220340950072911212e-01
-1.098336808877237614e+00 1.155471876515443697e-01
-1.041769643434810266e+00 1.090602802957976181e-01
-9.852024779923835851e-01 1.025733729400482019e-01
-9.286353125499554606e-01 9.608646558430145035e-02
-8.720681471075293345e-01 8.959955822855469876e-02
-8.155009816651024313e-01 8.311265087280794717e-02
-7.589338162226757500e-01 7.662574351705941922e-02
-7.023666507802481807e-01 7.013883616131266763e-02
-6.457994853378207223e-01 6.365192880556591604e-02
-5.892323198953938190e-01 5.716502144981649991e-02
-5.326651544529669158e-01 5.067811409406886014e-02
-4.760345042151569728e-01 4.479083764042091076e-02
-4.193345507526503591e-01 3.959089046927921629e-02
-3.626345972901462988e-01 3.439094329813841000e-02
-3.059346438276415170e-01 2.919099612699760371e-02
-2.491621912469505484e-01 2.489535221487493288e-02
-1.923377270339979850e-01 2.130307714972179411e-02
