2.045807388045807751e-01 -1.430759870078723850e-02
1.391417844200817600e+00 1.041093204506209347e-01
4.664308855177236701e+00 2.535288726373270407e+00
1.563696361088879438e+00 9.206081628152507079e-02
2.934627334314996006e+00 1.293532290128611706e-01
6.058994048083903294e+00 1.793539340232749524e+00
3.041571691182196613e+00 1.351909585155839366e-01
4.375177503398108847e+00 -2.799066723362653164e-02
7.088813671751839074e+00 8.093024170956866215e-01
4.473178743429406801e+00 -5.482001774133493655e-02
7.808822854787255352e+00 -1.082129061873259523e+00
3.158567621533613923e-01 -1.369490406762716717e-01
2.180363137550843877e+00 -1.920319519059952018e+00
7.916727589296724155e+00 -3.157141471572080249e+00
2.280506895500207243e+00 -2.035523907220670115e+00
3.918766012615457761e+00 -3.555042182439188458e+00
7.991655203417011855e+00 -4.775404585376325173e+00
3.981088046594051466e+00 -3.615998045333011390e+00
5.407104404932399966e+00 -4.980844253462543669e+00
8.100492550835573624e+00 -5.884998918518981270e+00
5.493926748918818603e+00 -5.048507453983292592e+00
8.437843192251362368e+00 -7.987710286849715402e+00
1.338587815960982641e-01 -1.924704757370294672e-01
1.112792268728093892e-01 -4.347463416513188683e+00
2.799321222688134103e+00 -1.001706951591423689e+01
4.799432347910194407e-02 -4.514494028150006777e+00
1.587549179550429845e-01 -7.476952025963568005e+00
2.136507194404149601e+00 -1.118755670716582884e+01
1.860808314233197147e-01 -7.633673349679710896e+00
2.035612716526220001e-01 -9.525911431987974964e+00
1.493318616040379077e+00 -1.202982040464650382e+01
2.034680103617130253e-01 -9.622453239643588674e+00
1.622817250703582383e-03 -1.407952340922534162e+01
1.218003103356315175e-01 -9.600095447553833594e+00
-9.662150693234080601e-01 -1.197100456789790357e+01
1.077958108303004592e-01 -9.490915311477657212e+00
5.249364663022874911e-02 -7.544428703902497979e+00
-1.650111488130442616e+00 -1.113414254997142550e+01
2.886294474660880058e-02 -7.406276699400546448e+00
-8.267399656262758301e-02 -4.478721560806394386e+00
-2.553827611465509850e+00 -1.029855344183880739e+01
-9.590214923466373886e-02 -4.334638565510810615e+00
-1.246522550269082569e-01 -2.709395271390206972e-01
-8.369871019622356911e+00 -7.749427338494500717e+00
-4.882998033620625122e+00 -5.210030665910775127e+00
-7.561451558882219537e+00 -5.758474674106533797e+00
-4.823501603102482882e+00 -5.120972542715381159e+00
-3.532249586287332654e+00 -3.771375979151867064e+00
-7.527945127253603097e+00 -4.898541522041890417e+00
-3.472753155769191302e+00 -3.682317855956473096e+00
-2.196281985292666494e+00 -2.258444015536190896e+00
-7.482017146292268883e+00 -3.480162622466715039e+00
-2.107813686348749105e+00 -2.159759689962508222e+00
-2.953780782483835243e-01 -1.890853045311216007e-01
-7.963077737840005277e+00 -1.004512176185551997e+00
-4.858306217485290901e+00 -4.059811607621006679e-01
-7.390594742545276041e+00 4.452911501122134297e-01
-4.773626391416937231e+00 -3.852693236298421198e-01
-3.123969107396124656e+00 -9.946512181742583891e-02
-6.627636956311929950e+00 1.500573953203087285e+00
-3.016248403695628522e+00 -5.872453309529479526e-02
-1.446985909907033685e+00 2.961775627884666306e-02
-5.170907021526548242e+00 2.717079894934077089e+00
-1.333334215412905976e+00 5.995579578939391752e-02
-2.045807388045807751e-01 1.430759870078635032e-02
4.607451505537729197e+00 2.103133001777428568e+00
6.014185202613478332e+00 1.533662132524971078e+00
6.958641914670677942e+00 5.903523206918581678e-01
7.337696014223711316e+00 -1.392093276808729740e+00
7.646944395337928135e+00 -3.372986180642728815e+00
7.786616345227605152e+00 -4.850954772026954132e+00
7.916941876611718776e+00 -6.010326072018555621e+00
2.303265497486776781e+00 -4.613957192329830370e+00
2.595058711332023371e+00 -1.005771684334545846e+01
1.918923269085091921e+00 -1.118066284695708212e+01
1.280206249139273389e+00 -1.200659300443254374e+01
-7.886886471840965918e-01 -1.193181667284236269e+01
-1.445848976774331218e+00 -1.109349522254020215e+01
-2.250011166411510999e+00 -1.021492974647647856e+01
-2.718617460347660941e+00 -5.609428540978122157e+00
-7.359611349316901752e+00 -5.919077731989153435e+00
-7.259994410834127443e+00 -5.042127954376907084e+00
-7.194814025116213152e+00 -3.681692791653283336e+00
-6.394158032709024830e+00 -2.039768719459398305e+00
-7.292780025095796148e+00 2.253781842932713886e-01
-6.551496945409821748e+00 1.137354338921857000e+00
-5.200345196406870762e+00 2.224744654277708733e+00
