1.022591414772978935e-01 -9.756329814565312120e-03
8.317187461958934769e-01 4.588476936648970828e-01
1.889048248845154321e+00 1.751156106769207188e+00
9.220021859014224663e-01 4.526884541407838469e-01
1.560665606380401860e+00 5.901694281644416229e-01
2.988972070378428825e+00 1.603759661487464516e+00
1.645369227654833510e+00 5.953316174236236158e-01
2.695938756390486191e+00 7.022391731104855594e-01
3.546033034292401798e+00 1.290110629115586605e+00
2.752321432423146863e+00 6.906280313663955006e-01
4.118837245120466228e+00 7.675093978709961462e-01
1.567080954323181730e-01 -1.130873734522463980e-01
1.264509833700774522e+00 -8.588924054420746801e-01
3.944837680265170121e+00 -1.037880622964912014e+00
1.354503555616966004e+00 -9.158553492820573627e-01
2.298864153715373781e+00 -1.615569045104801038e+00
4.430523990317018601e+00 -1.989002036862673073e+00
2.371891402654433545e+00 -1.678079615437384264e+00
3.186423604723459313e+00 -2.377052940131734626e+00
4.550652207415831541e+00 -2.700950227303007267e+00
3.248257331433246353e+00 -2.422565687434439674e+00
5.002041679227355431e+00 -4.222013579472398526e+00
6.879609629895147571e-02 -1.859697659109087464e-01
1.664854764470514448e-01 -1.863076526508309128e+00
2.286750788133868895e+00 -4.234754408708591988e+00
1.545202378651848452e-01 -1.981552148530187019e+00
2.597538996643056763e-01 -3.325648734487564262e+00
2.031781683384443760e+00 -5.390513667462894176e+00
2.536912311271107279e-01 -3.398997888325905770e+00
3.364743209620897901e-01 -4.720387228011139413e+00
1.648239595778620448e+00 -6.325388532243949591e+00
3.416043134542273707e-01 -4.810736740193691574e+00
1.745286904782463178e-01 -8.371744022838779387e+00
2.127085934699029235e-01 -4.646297703044405480e+00
-8.916144180530471974e-01 -6.260100021774426260e+00
2.075464042107231510e-01 -4.561594081769974274e+00
1.242152336783672595e-01 -3.336165408265489685e+00
-1.339589768989857044e+00 -5.625310329071758986e+00
1.305684618906437500e-01 -3.212013401654135070e+00
2.469099995005927251e-02 -1.980810925858951466e+00
-1.812827990353743424e+00 -4.471042710530477748e+00
2.520604199464984707e-02 -1.890495299043478905e+00
-6.396876126923420336e-02 -2.049705228916964828e-01
-5.043934244946405521e+00 -3.371610208426035094e+00
-3.242204352987884342e+00 -2.207735964010771212e+00
-4.517919143792203052e+00 -2.200460957709671650e+00
-3.174113117509908655e+00 -2.146030148683564232e+00
-2.273119411019499214e+00 -1.541514119772064539e+00
-4.254591807515830659e+00 -1.558438841841870648e+00
-2.193803312916601467e+00 -1.491161925166655022e+00
-1.253070656585636433e+00 -8.473576142393025590e-01
-3.691800963434530125e+00 -8.673199638558442004e-01
-1.168141706227402654e+00 -8.026826557662150030e-01
-1.199338081299773373e-01 -1.199771886564768852e-01
-3.267898763644901283e+00 2.195466380990240385e+00
-2.158842434775009256e+00 1.669809610245282627e+00
-2.639495337807296060e+00 2.513644685950419344e+00
-2.085685595510429646e+00 1.629874978287987108e+00
-1.326346719121004547e+00 1.151369279594907535e+00
-1.938997329418587823e+00 2.605615447985709210e+00
-1.247481269528612824e+00 1.122697629201087732e+00
-5.225582085137454591e-01 5.484227080439794122e-01
-9.757066370088691709e-01 2.255781833621739896e+00
-4.325636302261601229e-01 4.914614528040375241e-01
-1.022591414772978657e-01 9.756329814565534164e-03
1.882661986808640719e+00 1.621359907506866982e+00
2.954298748467223845e+00 1.462835165758582967e+00
3.500230569200359021e+00 1.177473198089945772e+00
1.641128233176072371e-01 -1.138349362653947594e-01
3.867732063041967372e+00 -1.195499670522248037e+00
4.294341519361066339e+00 -2.112413667517085702e+00
4.451354395622175275e+00 -2.790702526580423726e+00
8.421428926041925334e-02 -2.044040463002971819e-01
2.120036039513606863e+00 -4.267673359300095726e+00
1.733081780255310678e+00 -5.800892426912255040e+00
1.453205595345173684e+00 -6.375080823495824944e+00
-7.477695591688808818e-01 -6.277855161030512221e+00
-1.195712722995747157e+00 -5.637421270848313348e+00
-1.663853138977436696e+00 -4.579147361969116758e+00
-8.765865767993691327e-02 -3.995860474389334449e-01
-4.473311109338983016e+00 -2.296679981969911744e+00
-4.187466281907149757e+00 -1.666075885186544037e+00
-3.658479630511787484e+00 -9.634746235532996028e-01
-1.368841875521367157e-01 -1.227027164093130729e-01
-2.652904231397586798e+00 2.389533762355063207e+00
-1.996169513615950963e+00 2.478930208881081398e+00
-1.054086924499018751e+00 2.122159944615622518e+00
