2.045807388045736697e-01 -1.430759870078546214e-02
2.652988662440512457e-01 -5.856298572912699285e-03
3.266918019437904941e-01 -2.781123958008002717e-03
3.880847376435324070e-01 2.940506568993583869e-04
4.494776733432707672e-01 3.369225271800502242e-03
5.108706090430100710e-01 6.444399886706086988e-03
5.722635447427508737e-01 9.519574501609007200e-03
6.336564804424911213e-01 1.259474911651814466e-02
6.950494161422312578e-01 1.566992373141928852e-02
7.564423518419713943e-01 1.874509834632664962e-02
8.178283393637523213e-01 2.195205323200788428e-02
8.791467256609334369e-01 2.626529851287262574e-02
9.404650661471388728e-01 3.057927263917381566e-02
1.001783406633342421e+00 3.489324676547678195e-02
1.063101747119548302e+00 3.920722089178063641e-02
1.124420087605753960e+00 4.352119501808182633e-02
1.185738428091957841e+00 4.783516914438568080e-02
1.247056768578163277e+00 5.214914327068775890e-02
1.308375109064368047e+00 5.646311739698628429e-02
1.546796261696209429e+00 2.526020819407364115e-01
1.682678175595099246e+00 4.194314468369340076e-01
1.841253401925672328e+00 5.621841389664021804e-01
2.009838933587372534e+00 6.951431296777990099e-01
2.162547350743039054e+00 8.467395556915935373e-01
2.321804995190463128e+00 9.910809867861614109e-01
2.488669797751760004e+00 1.126939275883747982e+00
2.673713681461225899e+00 1.235486423771703812e+00
2.863082994793382685e+00 1.337540175885594707e+00
3.043090911741076710e+00 1.455432019905853025e+00
3.223098828688773398e+00 1.573323863926106903e+00
3.414079663962076072e+00 1.672024405075805298e+00
3.607033323728912499e+00 1.767260091835482605e+00
3.797093499965239261e+00 1.868144928664959181e+00
3.984855022282983938e+00 1.972681798963409783e+00
4.154044994697687621e+00 2.105633257340731035e+00
4.317265504801169662e+00 2.245772287779150389e+00
4.478863173642871232e+00 2.387855117407759131e+00
4.643853272510625629e+00 2.525970733551993419e+00
4.532009495376019714e+00 2.386272184084693215e+00
4.375701935043849744e+00 2.245808800219833756e+00
4.213191678487384628e+00 2.112569570922821605e+00
4.056360286187259412e+00 1.972930662891617004e+00
3.887531244208523251e+00 1.852168452519444841e+00
3.698108814334127636e+00 1.761163247326560821e+00
3.512726912177209559e+00 1.662652030019112992e+00
3.332596331887820007e+00 1.554412580850485170e+00
3.152465751598430010e+00 1.446173131681861790e+00
2.972335171309040014e+00 1.337933682513236633e+00
2.795008104650449798e+00 1.225207024903825825e+00
2.618873857706622399e+00 1.110579229996782047e+00
2.442739610762795444e+00 9.959514350897489265e-01
2.285002217487206444e+00 8.577918126830468282e-01
2.132214275102910950e+00 7.135051224663362390e-01
1.979426332718616566e+00 5.692184322496283144e-01
1.827133417917723213e+00 4.244107459068207078e-01
1.675267579574689858e+00 2.791538305599514658e-01
1.568959627322158656e+00 1.073319835138093481e-01
1.597057874191152971e+00 5.688827220424297337e-02
1.669922553784052077e+00 6.188150282442084205e-02
1.742787233376950518e+00 6.687473344460226343e-02
1.815651912969849624e+00 7.186796406478013211e-02
1.888516592562750507e+00 7.686119468495355989e-02
1.961381272155649391e+00 8.185442530513764581e-02
2.034245951748548720e+00 8.684765592531462630e-02
2.107110631341448048e+00 9.184088654548983044e-02
2.179975310934348265e+00 9.683411716567125183e-02
2.252839990527247593e+00 1.018273477858491205e-01
2.325724865873087577e+00 1.064821417098285039e-01
2.398721860523062244e+00 1.047438175985222486e-01
2.471723748833982270e+00 1.025261189620270130e-01
2.544725637144901409e+00 1.003084203255273366e-01
2.617727525455820992e+00 9.809072168903032463e-02
2.690729413766739242e+00 9.587302305253331269e-02
2.763731302077657048e+00 9.365532441603274805e-02
2.836622275243486868e+00 9.307808173227805071e-02
2.905932175492652370e+00 1.161070116173767985e-01
3.050002962825615338e+00 2.779176941542926826e-01
3.185797394904593016e+00 4.074377273901532703e-01
3.338895139468467388e+00 5.182334289911336711e-01
3.491992884032343536e+00 6.290291305921105192e-01
3.648848599466817166e+00 7.342641030835164173e-01
3.809040440938687766e+00 8.345296545438740665e-01
3.972224200682600070e+00 9.291469378140169155e-01
4.146210205668658944e+00 1.002926860237324469e+00
4.320382512766467009e+00 1.076252234904440996e+00
4.497514998588258983e+00 1.142117859571615490e+00
4.674684569087098396e+00 1.207886774516709671e+00
4.856039816946305265e+00 1.260900691088805203e+00
5.037871959624832030e+00 1.312395144894387577e+00
5.220538953987703401e+00 1.360028236938035207e+00
5.408537576732478591e+00 1.379292834776242316e+00
5.566661601819952843e+00 1.467747107937970696e+00
5.710511603290052030e+00 1.589637631686065866e+00
5.871108470612163011e+00 1.689253158036748914e+00
6.039304605032676854e+00 1.773924347008904334e+00
5.938044269950165877e+00 1.659768211383928715e+00
5.779430320283052147e+00 1.565226235725297954e+00
5.623206666113936159e+00 1.467714132632053747e+00
5.491912814336289195e+00 1.347368216812422581e+00
5.309959328501923537e+00 1.314201471624116380e+00
5.128005842667554326e+00 1.281034726435811066e+00
4.949882842685823015e+00 1.232373848606264310e+00
4.773665027298090280e+00 1.176209931954752541e+00
4.597447211910357545e+00 1.120046015303239884e+00
4.424550243703849084e+00 1.054850957213361973e+00
4.254275775337871934e+00 9.826449365755633991e-01
4.084001306971893897e+00 9.104389159377612728e-01
3.917174752580277364e+00 8.316201885168306163e-01
3.761540011009631090e+00 7.316955608722865989e-01
3.605905269438983929e+00 6.317709332277434697e-01
3.450270527868336323e+00 5.318463055831950115e-01
3.300698266287568128e+00 4.234304820504215527e-01
3.156280050829115780e+00 3.078861916788975250e-01
3.060341020766018438e+00 1.554094579410891797e-01
3.079741864667293161e+00 9.564479271316184139e-02
3.151900488801919309e+00 9.290244630691635308e-02
3.224059112936548566e+00 9.016009990067797020e-02
3.296217737071174714e+00 8.741775349443159371e-02
3.368376361205803526e+00 8.467540708819409900e-02
3.440534985340433227e+00 8.193306068195216341e-02
3.512693609475059819e+00 7.919071427571022781e-02
3.584459900848589786e+00 7.244700359941891321e-02
3.655481711606999973e+00 5.939748646617104555e-02
3.726503522365409271e+00 4.634796933292051335e-02
3.797525333123818569e+00 3.329845219966909298e-02
3.868547143882227868e+00 2.024893506642211349e-02
3.939568954640637610e+00 7.199417933169804940e-03
4.010590765399046909e+00 -5.850099200077174544e-03
4.081612576157456651e+00 -1.889961633332948310e-02
4.152688178610433489e+00 -3.163583318352536367e-02
4.224062583568256812e+00 -4.259401814869434588e-02
4.295436988526081912e+00 -5.355220311385977539e-02
4.367053181056562039e+00 -5.963810073958697444e-02
4.496579407851195143e+00 4.560645170116117697e-02
4.604415455921970768e+00 1.517549135711044883e-01
4.726878794858079047e+00 2.383253789789350208e-01
4.860677143036148173e+00 3.089944050490478489e-01
4.994475491214215523e+00 3.796634311191562361e-01
5.128273839392286426e+00 4.503324571892655115e-01
5.274834776739034226e+00 4.863204090614452468e-01
5.422945852830250324e+00 5.172916596009446977e-01
5.571281349277573014e+00 5.471165910889475015e-01
5.720143082150557667e+00 5.742513235720716480e-01
5.869004815023537880e+00 6.013860560551957946e-01
6.017899665690754851e+00 6.283363989135573036e-01
6.166930452789348927e+00 6.545267352544925643e-01
6.315961239887942114e+00 6.807170715954367068e-01
6.466934480350927217e+00 6.906159277410175434e-01
6.617959926741261434e+00 6.999659953064458762e-01
6.763461514326383650e+00 7.350326623021201655e-01
6.903832674605307140e+00 7.915308621214611762e-01
7.053152510460498625e+00 7.991902592054724863e-01
6.948832626557845948e+00 7.717944894131356648e-01
6.815471383772105263e+00 7.146614740886620964e-01
6.684683540941121827e+00 6.501939842350514809e-01
6.539560923521724689e+00 6.342111558031318097e-01
6.394438306102324887e+00 6.182283273712112504e-01
6.249389743709128808e+00 6.016835978524639472e-01
6.105447348319442469e+00 5.772674062144353968e-01
5.961537317635070998e+00 5.526518022250090922e-01
5.817627286950698640e+00 5.280361982355872286e-01
5.673644327884091787e+00 5.038629582329576806e-01
5.529376600250055063e+00 4.814386933698209248e-01
5.387240349738907419e+00 4.500620860108393018e-01
5.249116127914503771e+00 4.027574959931241594e-01
5.110991906090099235e+00 3.554529059754099052e-01
4.972867684265696475e+00 3.081483159576947628e-01
4.847192521366729068e+00 2.345121318540055455e-01
4.723827918942846260e+00 1.564275638514969202e-01
4.603964741146025830e+00 7.382993946090010695e-02
4.499710691015033071e+00 -2.838120436708635452e-02
4.622096131458087953e+00 -1.142925317839598165e-01
4.800416817973442996e+00 -1.596426423040382403e-01
4.978737504488799814e+00 -2.049927528241175523e-01
5.157058191004153969e+00 -2.503428633441968643e-01
5.335378877519508123e+00 -2.956929738642748440e-01
5.513699564034866718e+00 -3.410430843843510473e-01
5.692020250550218208e+00 -3.863931949044348002e-01
5.870340937065577691e+00 -4.317433054245114477e-01
6.048661623580930069e+00 -4.770934159445938683e-01
6.226982310096286000e+00 -5.224435264646700716e-01
6.403589791550260202e+00 -5.739906202817381953e-01
6.579786939784978195e+00 -6.269950042272531832e-01
6.755756217463483537e+00 -6.807508776086641511e-01
6.930108399778617922e+00 -7.392688052216773720e-01
7.102041080177976973e+00 -8.047978306545595650e-01
7.273973760577335135e+00 -8.703268560874444226e-01
7.445661312712188007e+00 -9.364667320361244052e-01
7.614222846331341721e+00 -1.010236028816357212e+00
7.776559932970169342e+00 -1.093661282767952603e+00
7.444756892887684607e+00 -1.010925304302420447e+00
7.069251966959678946e+00 -8.677560418464831393e-01
6.692479739798955940e+00 -7.284245071161805640e-01
6.304371609738312898e+00 -6.241485919238303204e-01
5.916263479677667192e+00 -5.198726767314783004e-01
5.528155349617023262e+00 -4.155967615391236158e-01
5.140047219556379332e+00 -3.113208463467711518e-01
4.748160795818355595e+00 -2.230674284291715992e-01
4.354279430420198160e+00 -1.433249861511898260e-01
3.960398065022040726e+00 -6.358254387319561829e-02
3.562466283651064103e+00 -1.619004617577157745e-02
3.161017258786571915e+00 2.250874184200668537e-03
2.759318810212326056e+00 -2.236762421186533345e-03
2.357576235546877008e+00 -1.244904960643378189e-02
1.955833660881428182e+00 -2.266133679167836590e-02
1.554536012578766169e+00 -4.125101093321514867e-02
1.154021686049082396e+00 -7.426102991002814235e-02
7.535073595193971796e-01 -1.072710488868375833e-01
3.537234898745816869e-01 -1.479306389166135105e-01
3.658305034835444558e-01 -2.528542825011643735e-01
4.440951205162911863e-01 -3.669296201155494153e-01
5.223597375490374173e-01 -4.810049577299300161e-01
6.006243545817827600e-01 -5.950802953443132814e-01
6.788889716145278808e-01 -7.091556329586974350e-01
7.629625649918316821e-01 -8.189038768713028382e-01
8.500882279021544363e-01 -9.263638777718941064e-01
9.372138908124802992e-01 -1.033823878672482266e+00
1.028342897781083565e+00 -1.137291210412686215e+00
1.136417614153287126e+00 -1.223653173175151210e+00
1.244492330525490020e+00 -1.310015135937619757e+00
1.352567046897693803e+00 -1.396377098700085195e+00
1.463636113028714991e+00 -1.478565221890694836e+00
1.580863329062980771e+00 -1.552024821344907934e+00
1.698090545097246107e+00 -1.625484420799120144e+00
1.815317761131510998e+00 -1.698944020253336795e+00
1.932544977165776556e+00 -1.772403619707549449e+00
2.049356696710452841e+00 -1.846484349519876833e+00
2.159118468775535149e+00 -1.930677854765554979e+00
2.482998921469585785e+00 -1.866474686770025926e+00
2.795048128122228359e+00 -1.858001345465229992e+00
3.107079154193340464e+00 -1.866004616266449201e+00
3.418412513159992283e+00 -1.892858147285970016e+00
3.730908671383692088e+00 -1.889760173781544150e+00
4.041933982301001649e+00 -1.917164493546218651e+00
4.352028836760579722e+00 -1.954730202452369614e+00
4.657934897897137105e+00 -2.018675956581499786e+00
4.963840959033696265e+00 -2.082621710710630403e+00
5.268930092440721857e+00 -2.150248882492401759e+00
5.573109915222488553e+00 -2.221958108702700496e+00
5.857750645089673469e+00 -2.346875147425403707e+00
6.152865708814304391e+00 -2.449708395327207189e+00
6.445756526627057781e+00 -2.558026799987970890e+00
6.727796866200383974e+00 -2.692640412095324898e+00
7.023387247403584333e+00 -2.792443690215929752e+00
7.322406284026953038e+00 -2.883301785331656930e+00
7.610788832371840229e+00 -3.003036817660263758e+00
7.888262931267472133e+00 -3.144565562930612401e+00
7.623951439618751991e+00 -3.065300469065823208e+00
7.336591103849527506e+00 -2.956802597976864178e+00
7.047268126976052649e+00 -2.854618429360513687e+00
6.749482274336528143e+00 -2.779218570861961890e+00
6.472110082247743534e+00 -2.650233313189235940e+00
6.190528443237516498e+00 -2.529830535216976539e+00
5.899660901584335093e+00 -2.431049839195513762e+00
5.612938202972575397e+00 -2.322521777015818412e+00
5.324178879744853710e+00 -2.225961557848860295e+00
5.023494814745906645e+00 -2.163107395301272717e+00
4.722810749746955139e+00 -2.100253232753684696e+00
4.420450172647976572e+00 -2.046136463267183458e+00
4.117839790561236057e+00 -1.993330125132753317e+00
3.814132645099071350e+00 -1.953670062559092369e+00
3.506956806729333742e+00 -1.955804779331629106e+00
3.199987407301017495e+00 -1.949613074483635078e+00
2.893159957265922788e+00 -1.936876949009334048e+00
2.585981355237393586e+00 -1.935186046987517727e+00
2.295170736367949438e+00 -2.019448192809844667e+00
2.341211188672649435e+00 -2.112635955115920172e+00
2.425979982705359639e+00 -2.193672369920669940e+00
2.510748776738072063e+00 -2.274708784725415267e+00
2.595517570770782267e+00 -2.355745199530164591e+00
2.680286364803494248e+00 -2.436781614334910806e+00
2.765055158836204896e+00 -2.517818029139660574e+00
2.849823952868916876e+00 -2.598854443944406789e+00
2.934592746901627969e+00 -2.679890858749156113e+00
3.019361540934339061e+00 -2.760927273553905437e+00
3.104130334967050597e+00 -2.841963688358650764e+00
3.188899128999762134e+00 -2.923000103163400532e+00
3.273667923032473670e+00 -3.004036517968146303e+00
3.358436717065184762e+00 -3.085072932772895626e+00
3.443205511097895410e+00 -3.166109347577641397e+00
3.532129340232440740e+00 -3.242537044893398335e+00
3.621763241455069338e+00 -3.318157232130531931e+00
3.711397142677696603e+00 -3.393777419367669523e+00
3.801031043900324757e+00 -3.469397606604806228e+00
3.894064419816904099e+00 -3.540658724841043270e+00
4.143825693123460496e+00 -3.528562693336347422e+00
4.370716792622252989e+00 -3.521317796606314054e+00
4.597819650511980605e+00 -3.524992670743406720e+00
4.819917585022745143e+00 -3.573619017868377767e+00
5.042015519533509682e+00 -3.622245364993349259e+00
5.266093161277121126e+00 -3.660625695333207474e+00
5.490363609722992422e+00 -3.697972450246502785e+00
5.714573440167799667e+00 -3.735657227455629226e+00
5.935693685810320197e+00 -3.788500732165332785e+00
6.156701078407929018e+00 -3.841865013907646453e+00
6.378021675930009238e+00 -3.893899857516042839e+00
6.590399703425219080e+00 -3.972099896270401942e+00
6.799099880672831553e+00 -4.062264835345882119e+00
7.008178523677420557e+00 -4.151541469137154827e+00
7.196982756162721095e+00 -4.278104905131327129e+00
7.385391238752498921e+00 -4.405361566398558359e+00
7.582302768373700097e+00 -4.518513371476273299e+00
7.783153200258348114e+00 -4.625054997897197318e+00
7.958612504098362628e+00 -4.763514087794806784e+00
7.787915947123755345e+00 -4.691591218470396285e+00
7.587902345067791821e+00 -4.593028010998761346e+00
7.391470405404000132e+00 -4.487595221133985568e+00
7.200372657303544699e+00 -4.373018161549034666e+00
7.014287442620002366e+00 -4.250166870344267878e+00
6.822427444537680685e+00 -4.138290336794448798e+00
6.613763174799070832e+00 -4.059681371599936028e+00
6.405098905060464531e+00 -3.981072406405420594e+00
6.192886572560006186e+00 -3.914306919931127560e+00
5.975177921905593159e+00 -3.866108472811613517e+00
5.757469271251173915e+00 -3.817910025692101694e+00
5.539261773062912120e+00 -3.772162211878367977e+00
5.319952855587566809e+00 -3.731866485178242598e+00
5.100643938112221498e+00 -3.691570758478115444e+00
4.881335020636877076e+00 -3.651275031777990066e+00
4.661308359865560469e+00 -3.615744270929307280e+00
4.439715907261472694e+00 -3.590906158613686117e+00
4.218340002202958239e+00 -3.585371600021505678e+00
3.997469706192012584e+00 -3.615973221131108417e+00
4.039022454352356739e+00 -3.701116288974688473e+00
4.102042259721701889e+00 -3.783118256975773086e+00
4.165062065091042598e+00 -3.865120224976860364e+00
4.234319598943812046e+00 -3.941689825369506295e+00
4.307487820429101610e+00 -4.014780385563835097e+00
4.380656041914392951e+00 -4.087870945758163899e+00
4.453824263399682515e+00 -4.160961505952489148e+00
4.526992484884974743e+00 -4.234052066146814397e+00
4.600160706370263419e+00 -4.307142626341143199e+00
4.673328927855556536e+00 -4.380233186535469336e+00
4.751286827321918871e+00 -4.448143804146543090e+00
4.830215680239161813e+00 -4.514972351953664642e+00
4.909144533156408308e+00 -4.581800899760789747e+00
4.988073386073653914e+00 -4.648629447567912187e+00
5.067002238990898633e+00 -4.715457995375037292e+00
5.145931091908146016e+00 -4.782286543182156180e+00
5.224859944825390734e+00 -4.849115090989281285e+00
5.303364982830560237e+00 -4.916429774477158787e+00
5.377009408302073190e+00 -4.989035984992044703e+00
5.524004496398521091e+00 -4.981293689560995830e+00
5.674734866324374849e+00 -4.945130187314192405e+00
5.828590434062014047e+00 -4.922148738136289836e+00
5.982796112162185764e+00 -4.920198846191340181e+00
6.137237274543686283e+00 -4.938843150749004707e+00
6.291678436925186801e+00 -4.957487455306665680e+00
6.441776770375774674e+00 -4.994888191563578772e+00
6.587794505819038804e+00 -5.048539879945298736e+00
6.733750528126333457e+00 -5.102346363328522649e+00
6.875229193405583139e+00 -5.167010999215738920e+00
7.016476274425424542e+00 -5.232194930008246203e+00
7.159658956279993269e+00 -5.292921724252006577e+00
7.303873308479708726e+00 -5.351247562006853364e+00
7.439751994773430965e+00 -5.426443442600072942e+00
7.573325823130731216e+00 -5.506178724051649986e+00
7.695226313358136672e+00 -5.602247588237858622e+00
7.813240293729958985e+00 -5.703600354194132471e+00
7.940841391679067662e+00 -5.790768911419617027e+00
8.071565675447777366e+00 -5.870527690202344218e+00
7.986641919617333052e+00 -5.878473209817447476e+00
7.855393404718550521e+00 -5.808269977347291224e+00
7.739302779225969431e+00 -5.712959674396492105e+00
7.623212153733388341e+00 -5.617649371445695650e+00
7.500437846892117122e+00 -5.531912492208884480e+00
7.369879673634798678e+00 -5.457645066162582381e+00
7.239321500377477570e+00 -5.383377640116275842e+00
7.102570291863440133e+00 -5.321852737090710050e+00
6.963455032762385422e+00 -5.265213246793934765e+00
6.824339773661331598e+00 -5.208573756497164808e+00
6.685224514560278664e+00 -5.151934266200389523e+00
6.544371466838245333e+00 -5.099999608741307533e+00
6.401549286599522048e+00 -5.053492490923825464e+00
6.257911055375435794e+00 -5.010194780060695408e+00
6.108223325071175047e+00 -4.997758117639043540e+00
5.958535594766910748e+00 -4.985321455217395226e+00
5.808847864462648225e+00 -4.972884792795746911e+00
5.661439292651298416e+00 -4.993979875275281088e+00
5.521182948161079906e+00 -5.042934187188645723e+00
5.616872809919408738e+00 -5.204155886986629120e+00
5.779035143806385832e+00 -5.352028490921043158e+00
5.941197477693366480e+00 -5.499901094855452754e+00
6.103359811580343575e+00 -5.647773698789865904e+00
6.265213400985593317e+00 -5.795984030036066770e+00
6.426994440448384083e+00 -5.944273695206482522e+00
6.588775479911171296e+00 -6.092563360376905379e+00
6.742402484516505368e+00 -6.249091888120219096e+00
6.892303852950375287e+00 -6.409380718884154504e+00
7.041357421727576948e+00 -6.570450928943012414e+00
7.188694180500431408e+00 -6.733100272748409054e+00
7.336030939273285867e+00 -6.895749616553802142e+00
7.483367698046136773e+00 -7.058398960359201446e+00
7.635030246726159930e+00 -7.216974766516411677e+00
7.788814726963842361e+00 -7.373541886832398973e+00
7.942599207201528344e+00 -7.530109007148382716e+00
8.103656722322462258e+00 -7.679029684867708205e+00
8.268131257175872051e+00 -7.824326129802781082e+00
8.421507894422697760e+00 -7.979864101253795639e+00
7.983203240873335105e+00 -7.638590749941144509e+00
7.555308537932584834e+00 -7.217598508699591520e+00
7.142348442407035591e+00 -6.781532200925548537e+00
6.737683136666058559e+00 -6.337735172696806529e+00
6.297847394807369881e+00 -5.929399165519750881e+00
5.852520814406430461e+00 -5.526421255611620786e+00
5.407909847424986260e+00 -5.122650404787879808e+00
4.950487601998903919e+00 -4.733601444629689681e+00
4.503547940213879386e+00 -4.333348466236127017e+00
4.081508244107068251e+00 -3.906040299735574095e+00
3.659915109153139667e+00 -3.478366178221723892e+00
3.209235651167433367e+00 -3.081380255729951223e+00
2.766317043182997093e+00 -2.675861324999273094e+00
2.328721895404067155e+00 -2.264497375952397640e+00
1.850258281751630873e+00 -1.903619249192121554e+00
1.356261020128564976e+00 -1.562041039073374993e+00
8.964252429368518849e-01 -1.182842510480424991e+00
5.071489242907003536e-01 -7.254873315697762948e-01
1.564110629968565869e-01 -2.384417273526739933e-01
1.435992078711631481e-01 -4.101896417981580889e-01
1.470646199760510808e-01 -6.284276258148246974e-01
1.542631853585125223e-01 -8.465603223205109273e-01
1.633286794439356426e-01 -1.064637472810200158e+00
1.723941735293632593e-01 -1.282714623299886725e+00
1.814596676147902099e-01 -1.500791773789576844e+00
1.905251617002149955e-01 -1.718868924279267407e+00
1.858155223785505905e-01 -1.937070345282409622e+00
1.802767324201850485e-01 -2.155265552733243606e+00
1.747379424618211163e-01 -2.373460760184078921e+00
1.691991525034574617e-01 -2.591655967634913793e+00
1.636603625450945843e-01 -2.809851175085745112e+00
1.581215725867308741e-01 -3.028046382536579983e+00
1.439560228782671425e-01 -3.245847748584722581e+00
1.293351153933589015e-01 -3.463622990090809761e+00
1.147142079084498140e-01 -3.681398231596892945e+00
1.000933004235425583e-01 -3.899173473102976573e+00
8.547239293863430343e-02 -4.116948714609063309e+00
9.000662564162487111e-02 -4.334353223868731675e+00
3.217267453057454651e-01 -4.594063512942216931e+00
5.538371342481601678e-01 -4.835646791769200092e+00
7.675869537679032018e-01 -5.093881117073484788e+00
9.622363811958593027e-01 -5.366456072042086411e+00
1.147482540358977898e+00 -5.645709533628511245e+00
1.311105783455556395e+00 -5.938286679743237428e+00
1.474716110297330074e+00 -6.230870940256156842e+00
1.624165431593293629e+00 -6.530918100828502659e+00
1.763912365119417736e+00 -6.834613504419117191e+00
1.839903426590450586e+00 -7.161109003142433593e+00
1.919249696331218002e+00 -7.486776702624270641e+00
2.004283613420077437e+00 -7.811034601609948780e+00
2.100380385457439214e+00 -8.131698476435357037e+00
2.219046165384735758e+00 -8.445039876613590124e+00
2.296163909425918526e+00 -8.771271091649921914e+00
2.380290897865423805e+00 -9.095747920259407593e+00
2.476063449433711039e+00 -9.416813290257978863e+00
2.596730648718195145e+00 -9.715685713013218816e+00
2.777886602418423667e+00 -9.992774694858351126e+00
2.580256703010288533e+00 -9.778740344379425409e+00
2.429074127313544995e+00 -9.494697354849025217e+00
2.350858100467524636e+00 -9.175358977271850236e+00
2.258296364236816789e+00 -8.858568545829360374e+00
2.177752862677876156e+00 -8.538170974250586909e+00
2.077778740990474216e+00 -8.224604871398826234e+00
1.958121031099042009e+00 -7.918389270316148476e+00
1.890642261615613329e+00 -7.594987586480211661e+00
1.799452353524815695e+00 -7.277482035549638795e+00
1.710280232128133848e+00 -6.959389650629251634e+00
1.594761859795502890e+00 -6.651385963360397113e+00
1.448975214782636023e+00 -6.354925552157745905e+00
1.291913946559459125e+00 -6.064389186606248927e+00
1.130266193300578870e+00 -5.776270243909126023e+00
9.654198186770025503e-01 -5.490182634952899043e+00
7.655470080250738052e-01 -5.227136287636218626e+00
5.656741973731451711e-01 -4.964089940319538208e+00
3.410489257743118952e-01 -4.723383376299726599e+00
7.818319475800565577e-02 -4.526285905824559030e+00
5.878009252755113379e-02 -4.668036159557741982e+00
6.429208634331960714e-02 -4.822511928121164360e+00
6.980408015908903807e-02 -4.976987696684583184e+00
7.531607397485753919e-02 -5.131463465248004674e+00
8.096541712358461262e-02 -5.285934201019927059e+00
8.680295280936506375e-02 -5.440398010134559037e+00
9.264048849514652795e-02 -5.594861819249193680e+00
9.847802418092881094e-02 -5.749325628363825658e+00
1.043155598667112743e-01 -5.903789437478457636e+00
1.101530955524925304e-01 -6.058253246593093166e+00
1.159906312382749521e-01 -6.212717055707725144e+00
1.218281669240554033e-01 -6.367180864822357123e+00
1.276657026098365622e-01 -6.521644673936993541e+00
1.330511630016559255e-01 -6.676121883885623554e+00
1.350731796778381066e-01 -6.830682734677942847e+00
1.370951963540183449e-01 -6.985243585470263028e+00
1.391172130301994714e-01 -7.139804436262584986e+00
1.459169938981731418e-01 -7.294116154017874720e+00
1.613418486844372945e-01 -7.447918686519478193e+00
3.005265063194203501e-01 -7.645801551043546418e+00
4.380955726748811396e-01 -7.818873072242649158e+00
5.759948157031141713e-01 -7.991680730690820411e+00
7.145503555422018094e-01 -8.163963526837106244e+00
8.504948647500103487e-01 -8.338099281139630392e+00
9.658836268887280863e-01 -8.526684627972779040e+00
1.081272389027441827e+00 -8.715269974805927689e+00
1.191126589946922998e+00 -8.907021196540593877e+00
1.295100534020295679e+00 -9.102132494065649837e+00
1.385039522516487098e+00 -9.303724198018059610e+00
1.465140729736122305e+00 -9.509789226759089331e+00
1.545241936955757955e+00 -9.715854255500119052e+00
1.624277893109977056e+00 -9.922329532151646703e+00
1.703085431183502640e+00 -1.012889277043686143e+01
1.786225169420420089e+00 -1.033374413289524796e+01
1.869968075228124027e+00 -1.053835626644300660e+01
1.958367551688731112e+00 -1.074089735437052795e+01
2.054853094206199327e+00 -1.093981829231622172e+01
2.144357489044184994e+00 -1.114192661883616964e+01
2.036268734800530389e+00 -1.099946413334470208e+01
1.946090698395434249e+00 -1.080567932453738322e+01
1.858702880303227944e+00 -1.061059173038046310e+01
1.771315062211023417e+00 -1.041550413622353943e+01
1.687522377873622359e+00 -1.021890067509552935e+01
1.609419686592378662e+00 -1.001991381683730609e+01
1.531316995311133411e+00 -9.820926958579081045e+00
1.453214304029889270e+00 -9.621940100320857781e+00
1.374717412372835179e+00 -9.423108463024535197e+00
1.296165740957053059e+00 -9.224298415334187595e+00
1.201288912397523445e+00 -9.033525282748559704e+00
1.090247747556717162e+00 -8.850862588539676779e+00
9.792065827159069924e-01 -8.668199894330793853e+00
8.621334666926883106e-01 -8.489474576732860100e+00
7.391258888792378023e-01 -8.314646272544663930e+00
6.146876572484302192e-01 -8.140877570110335526e+00
4.815238343024146328e-01 -7.973655572743798103e+00
3.483600113563972700e-01 -7.806433575377263345e+00
2.018513849968461282e-01 -7.651506563159213847e+00
1.751172708951800883e-01 -7.725644516587037103e+00
1.752846374314167011e-01 -7.824264132304639574e+00
1.754520039676519816e-01 -7.922883748022245598e+00
1.756193705038902042e-01 -8.021503363739848069e+00
1.757867370401263174e-01 -8.120122979457450541e+00
1.759541035763623751e-01 -8.218742595175053012e+00
1.761214701125988213e-01 -8.317362210892659036e+00
1.762888366488352676e-01 -8.415981826610259731e+00
1.764562031850722135e-01 -8.514601442327863978e+00
1.766235697213085487e-01 -8.613221058045464673e+00
1.767909362575452170e-01 -8.711840673763070697e+00
1.770046629702838881e-01 -8.810460196044784809e+00
1.772384911180052702e-01 -8.909079676575977658e+00
1.774723192657261528e-01 -9.007699157107172283e+00
1.777061474134468133e-01 -9.106318637638366909e+00
1.779399755611675848e-01 -9.204938118169561534e+00
1.781738037088889115e-01 -9.303557598700752607e+00
1.786415933843139014e-01 -9.402161914238249096e+00
1.963041701233909087e-01 -9.499143813374899992e+00
3.203009137463862510e-01 -9.616781407340333487e+00
4.447920774782405107e-01 -9.701240880765830354e+00
5.291642521227314377e-01 -9.825764491036812487e+00
6.112989214394296544e-01 -9.951970601341990630e+00
6.873090286649695679e-01 -1.008154618587562368e+01
7.462003255489504383e-01 -1.022013154344794827e+01
8.050916224329329740e-01 -1.035871690102027110e+01
8.682045555651453084e-01 -1.049506071710390742e+01
9.501277094335802698e-01 -1.062140422917467220e+01
1.032050863302015786e+00 -1.074774774124543342e+01
1.104898374636551273e+00 -1.087900542898673706e+01
1.163789671520532254e+00 -1.101759078655906166e+01
1.222680968404512125e+00 -1.115617614413138625e+01
1.278920448602892446e+00 -1.129580131584745928e+01
1.329345459333606705e+00 -1.143768649645112490e+01
1.378200863954752053e+00 -1.158007107813474867e+01
1.397915803455412664e+00 -1.172935405553877430e+01
1.459353508482004402e+00 -1.186634291280986275e+01
1.480716763577442086e+00 -1.201160431129312123e+01
1.421057530424625348e+00 -1.190590928635720047e+01
1.366174876418306816e+00 -1.177214252807412365e+01
1.325268832899871851e+00 -1.163307472849714230e+01
1.283994951366642878e+00 -1.149412097978183667e+01
1.235112009376277076e+00 -1.135765831548742888e+01
1.185875639608519050e+00 -1.122131706286149821e+01
1.136639269840762578e+00 -1.108497581023556400e+01
1.071544865203621466e+00 -1.095558338097619355e+01
1.003844046977166782e+00 -1.082740476931658336e+01
9.336089545968244696e-01 -1.070066078508401120e+01
8.573618284105084530e-01 -1.057737439887756992e+01
7.815517840616881262e-01 -1.045382724469633651e+01
7.203522777379868236e-01 -1.032246021067054897e+01
6.599002801705785570e-01 -1.019070774099492738e+01
5.966801702240739358e-01 -1.006045539591097793e+01
5.191523170433692824e-01 -9.937970338631700429e+00
4.416244638626637409e-01 -9.815485281352426483e+00
3.432362076679693619e-01 -9.712607053667660750e+00
2.227006309963697750e-01 -9.632081703423397201e+00
2.036554178951914817e-01 -9.856211701194258268e+00
2.067421841288514250e-01 -1.009015891145699761e+01
2.098289503625118124e-01 -1.032410612171974051e+01
2.129157165961701459e-01 -1.055805333198247986e+01
2.147533339060007651e-01 -1.079200685647196423e+01
2.138594779328423234e-01 -1.102597272222378777e+01
2.129656219596854916e-01 -1.125993858797561131e+01
2.120947426354825027e-01 -1.149390452599915236e+01
2.138117067233533675e-01 -1.172786539384776461e+01
2.156113144174047203e-01 -1.196182604594048016e+01
2.167060077231047766e-01 -1.219577516207363210e+01
2.051297385736219892e-01 -1.242945572065514170e+01
1.934538439700188572e-01 -1.266313177591264427e+01
1.776382974424105532e-01 -1.289642997256802381e+01
1.443265557625912354e-01 -1.312801398147571241e+01
1.110148140827715429e-01 -1.335959799038340456e+01
7.770307240295401541e-02 -1.359118199929109316e+01
4.439133072313455886e-02 -1.382276600819878176e+01
3.177461214509594463e-03 -1.405295388939612344e+01
2.015154733668469977e-02 -1.384565462082078291e+01
4.212097149620735309e-02 -1.361193167945828009e+01
6.409039565572999253e-02 -1.337820873809577193e+01
8.841705984767428417e-02 -1.314473542561649566e+01
1.159151296392565145e-01 -1.291159828770239137e+01
1.336157460390703378e-01 -1.267772000745891425e+01
1.412428161479730715e-01 -1.244309073239163332e+01
1.488698862568743619e-01 -1.220846145732435595e+01
1.556831439040844423e-01 -1.197382119719423699e+01
1.532871299302235313e-01 -1.173908021646424160e+01
1.508911159563623983e-01 -1.150433923573424622e+01
1.484951019825002660e-01 -1.126959825500425438e+01
1.460990880086399102e-01 -1.103485727427425900e+01
1.437030740347776114e-01 -1.080011629354426539e+01
1.413483420551527869e-01 -1.056537489972209976e+01
1.390510241138304126e-01 -1.033063293234660129e+01
1.367537061725098146e-01 -1.009589096497110638e+01
1.344563882311883840e-01 -9.861148997595607923e+00
1.152764874338486345e-01 -9.627553860561068433e+00
1.643442964800054251e-02 -9.684765857487931839e+00
-8.284082567685488452e-02 -9.781801208970811956e+00
-1.795479720170228832e-01 -9.880991641733531949e+00
-2.435938921530065304e-01 -1.000408950105375538e+01
-3.067875392946092794e-01 -1.012769370291665183e+01
-3.693965785058828111e-01 -1.025157698197284617e+01
-4.233035743957410113e-01 -1.037950458474625748e+01
-4.772105702855997111e-01 -1.050743218751967056e+01
-5.311175661754566901e-01 -1.063535979029308365e+01
-5.850262840632375339e-01 -1.076328666720692517e+01
-6.412905333302437727e-01 -1.089019163646963051e+01
-6.978796817756729443e-01 -1.101695560625380210e+01
-7.443076526229689405e-01 -1.114735767736160810e+01
-7.793669241573116802e-01 -1.128167924389767407e+01
-8.144261956916546419e-01 -1.141600081043374004e+01
-8.494854672259953832e-01 -1.155032237696980246e+01
-8.845447387603384559e-01 -1.168464394350587021e+01
-9.219525835693389570e-01 -1.181829712874174554e+01
-9.637272333928162960e-01 -1.195068411597745239e+01
-9.494224558364445787e-01 -1.183098454948705935e+01
-9.267322328274580912e-01 -1.168943580326357079e+01
-8.989606811964162558e-01 -1.154897150626170088e+01
-8.611076800705151912e-01 -1.141070349085900304e+01
-8.232546789446136826e-01 -1.127243547545629987e+01
-7.854016778187130621e-01 -1.113416746005360025e+01
-7.356703729665171609e-01 -1.099988126240183917e+01
-6.816130316817621271e-01 -1.086710815657515994e+01
-6.275556903970097578e-01 -1.073433505074848426e+01
-5.717959755359358631e-01 -1.060227103145055949e+01
-5.154928813969701373e-01 -1.047043455937997791e+01
-4.591897872580031348e-01 -1.033859808730939633e+01
-3.986786058863934223e-01 -1.020866580717016348e+01
-3.365125692145305436e-01 -1.007949043156726177e+01
-2.743465325426639456e-01 -9.950315055964356503e+00
-2.078119127814122558e-01 -9.823902632859102368e+00
-1.100536307704051142e-01 -9.719058122247687947e+00
-1.215898535359462122e-02 -9.614332136091643832e+00
8.008458849716008909e-02 -9.504751621777458581e+00
9.776730119139137587e-02 -9.391775698989135890e+00
9.898289916862955395e-02 -9.290781032578983911e+00
1.001984971458680929e-01 -9.189786366168839038e+00
1.014140951231059101e-01 -9.088791699758690612e+00
1.026296931003442131e-01 -8.987797033348540410e+00
1.038452910775832239e-01 -8.886802366938390207e+00
1.050608890548220126e-01 -8.785807700528241782e+00
1.062764870320588723e-01 -8.684813034118093356e+00
1.074920850092978830e-01 -8.583818367707944930e+00
1.087076829865371574e-01 -8.482823701297796504e+00
1.046785821443095149e-01 -8.381907268226614249e+00
1.003418814211884391e-01 -8.280998431405564020e+00
9.600518069807163768e-02 -8.180089594584510237e+00
9.166847997495260192e-02 -8.079180757763460008e+00
8.733177925183538415e-02 -7.978271920942409778e+00
8.299507852871654268e-02 -7.877363084121357772e+00
7.801506407371379404e-02 -7.776490427034691955e+00
6.599747399200414644e-02 -7.676206932189949761e+00
5.394063397187805892e-02 -7.575927158903066783e+00
-1.112172991577983494e-01 -7.675835831914231022e+00
-2.711947854652885237e-01 -7.813499717789065713e+00
-3.936055449958578700e-01 -7.985567466170644835e+00
-5.151605725503556332e-01 -8.158244754793187781e+00
-6.088052524957767719e-01 -8.347532798452821368e+00
-7.024217302171966715e-01 -8.536834812226103963e+00
-7.960382079386144616e-01 -8.726136825999386559e+00
-8.896546856600348052e-01 -8.915438839772670931e+00
-9.831127416362568372e-01 -9.104819061016909743e+00
-1.076462378892012239e+00 -9.294252802847147166e+00
-1.160765818308652442e+00 -9.487305076212358301e+00
-1.220032276444524388e+00 -9.690003828698934285e+00
-1.279298734580396335e+00 -9.892702581185512045e+00
-1.337889411778483195e+00 -1.009559764170596097e+01
-1.396437561395901472e+00 -1.029850503806193984e+01
-1.454991734903772205e+00 -1.050141069524153359e+01
-1.513740960367880639e+00 -1.070425996278216374e+01
-1.572493417954134109e+00 -1.090710829540326543e+01
-1.639808880536053115e+00 -1.110683473724331449e+01
-1.607473364670070515e+00 -1.093224490258982229e+01
-1.557722857721283827e+00 -1.072059620291814497e+01
-1.501361339626746005e+00 -1.051062599366125028e+01
-1.443952460071022292e+00 -1.030092500281349643e+01
-1.386543580515299023e+00 -1.009122401196574437e+01
-1.327403945244302719e+00 -9.882008045409225616e+00
-1.267410736348979716e+00 -9.673031731199184691e+00
-1.207417527453655826e+00 -9.464055416989140213e+00
-1.129670527087373921e+00 -9.261822569974546226e+00
-1.035221640469272453e+00 -9.065991793968901646e+00
-9.407727538511686527e-01 -8.870161017963255290e+00
-8.439468223031547645e-01 -8.675511547435657889e+00
-7.447955427800192485e-01 -8.482019147628076183e+00
-6.456442632568804019e-01 -8.288526747820494478e+00
-5.443770412790799318e-01 -8.096246971944795590e+00
-4.202537919234699548e-01 -7.917742899207564022e+00
-2.921971577336267001e-01 -7.742591111708447826e+00
-1.297784520308192802e-01 -7.598055825178834155e+00
7.213872654679870725e-03 -7.437255040574141773e+00
1.934039092144983207e-02 -7.253801223415249133e+00
1.863323705550618339e-02 -7.099202402773080678e+00
1.792608318956349922e-02 -6.944603582130915775e+00
1.721892932361991646e-02 -6.790004761488746432e+00
1.651177545767626778e-02 -6.635405940846577977e+00
1.580462159173147765e-02 -6.480807120204413962e+00
1.499333598313345485e-02 -6.326209669799790269e+00
8.730059370330563173e-03 -6.171739997945932643e+00
2.058133466333810294e-03 -6.017283593691297838e+00
-4.613792437663693721e-03 -5.862827189436667474e+00
-1.128571834166038589e-02 -5.708370785182033558e+00
-1.795764424565704856e-02 -5.553914380927398753e+00
-2.462957014965363317e-02 -5.399457976672764836e+00
-3.172700853509685670e-02 -5.245020638372625221e+00
-3.889829410508954810e-02 -5.090586613385212011e+00
-4.606957967508044233e-02 -4.936152588397798802e+00
-5.324086524507317536e-02 -4.781718563410384704e+00
-6.309553553063597386e-02 -4.627446850244114174e+00
-7.480393521414692437e-02 -4.473290407669075819e+00
-3.260724503951027975e-01 -4.712933513643831063e+00
-5.478506807533006784e-01 -4.966533941537461416e+00
-7.498001074265184807e-01 -5.237436747136138493e+00
-9.517495340997355058e-01 -5.508339552734820010e+00
-1.130772141981249312e+00 -5.794747825377581485e+00
-1.306938038574691152e+00 -6.083083528841971344e+00
-1.455621169333239484e+00 -6.385282024774840970e+00
-1.580995937957089259e+00 -6.699054344152113316e+00
-1.706048451988933401e+00 -7.012953790433472889e+00
-1.828054665665069134e+00 -7.328051211621414041e+00
-1.941729474783367104e+00 -7.645556445219826358e+00
-1.999946071922544144e+00 -7.978396840653451783e+00
-2.087203495669541109e+00 -8.304517005942114949e+00
-2.172983703647897613e+00 -8.631045372368649993e+00
-2.237589338473407796e+00 -8.962702701904476044e+00
-2.338157343934566423e+00 -9.285209055721997728e+00
-2.408809413195329707e+00 -9.615029873730367882e+00
-2.468691164475704358e+00 -9.947563339159524176e+00
-2.550318906514682737e+00 -1.027477081074468401e+01
-2.510949682385298143e+00 -9.956631916861441667e+00
-2.453384690708418248e+00 -9.616279101543938168e+00
-2.376014385819577690e+00 -9.280272934076506886e+00
-2.292455174038405374e+00 -8.945564341435471079e+00
-2.227517382991922368e+00 -8.606540963789353071e+00
-2.136655586377375737e+00 -8.273927971983127350e+00
-2.039442122478565267e+00 -7.942952500622560308e+00
-1.979968952226472068e+00 -7.602927928985828920e+00
-1.873902549722441524e+00 -7.275356654395444878e+00
-1.755422333397923529e+00 -6.951140359869290464e+00
-1.634296197349120794e+00 -6.627973489492435810e+00
-1.495679681240815517e+00 -6.311841825848041765e+00
-1.341441521489847633e+00 -6.003603885152372754e+00
-1.167785274510661830e+00 -5.705279774189675024e+00
-9.917568972504164915e-01 -5.408506234225317399e+00
-7.786932549700890105e-01 -5.136922634509105023e+00
-5.656296126897635279e-01 -4.865339034792890871e+00
-3.415587805978543834e-01 -4.602903104743254481e+00
-1.100163327037686906e-01 -4.346959866882156298e+00
-8.279180807781180707e-02 -4.120400239262168363e+00
-6.473522114232672930e-02 -3.906221450284896868e+00
-4.667863420684455200e-02 -3.692042661307628926e+00
-3.343775824198742114e-02 -3.477526637356652017e+00
-2.164393374039369836e-02 -3.262911866934963712e+00
-9.850109238801751932e-03 -3.048297096513274518e+00
1.943715262790164135e-03 -2.833682326091585324e+00
1.373753976438493903e-02 -2.619067555669893910e+00
2.553136426597691494e-02 -2.404452785248204716e+00
3.665143322809328447e-02 -2.189813103087911550e+00
3.120467787986699534e-02 -1.974943545365778874e+00
2.575792253164056050e-02 -1.760073987643646642e+00
2.031116718341685959e-02 -1.545204429921511302e+00
1.486441183519021485e-02 -1.330334872199379070e+00
9.417656486966635362e-03 -1.115465314477242842e+00
3.970901138740049602e-03 -9.005957567551114984e-01
-4.897665656322395568e-03 -6.859359196450847129e-01
-2.667175177350554482e-02 -4.721030803680235088e-01
-9.991132324807026899e-02 -2.863632685921695398e-01
-4.703756785719440114e-01 -7.217236180338248985e-01
-8.414672664100562027e-01 -1.184382737904055460e+00
-1.260620152083196333e+00 -1.604196200164294872e+00
-1.698976739321122809e+00 -2.005072121319569245e+00
-2.135122778795172316e+00 -2.408160629517439588e+00
-2.535580680716898350e+00 -2.846899128540974377e+00
-2.936038582638625716e+00 -3.285637627564512719e+00
-3.328855015097800685e+00 -3.730826773398790763e+00
-3.694229088126894656e+00 -4.199122572786436969e+00
-4.090409298458346221e+00 -4.641512686026798562e+00
-4.532308236081147967e+00 -5.038480355572842129e+00
-4.974207173703955043e+00 -5.435448025118882143e+00
-5.403421008110519175e+00 -5.845862161461186979e+00
-5.843290942584243197e+00 -6.243851567346074383e+00
-6.307538068711399326e+00 -6.614435711124049710e+00
-6.773521171741438529e+00 -6.982825915919363524e+00
-7.260679834287310008e+00 -7.319522268176085866e+00
-7.780306560679382422e+00 -7.607348469604526819e+00
-8.350981974669155150e+00 -7.745065227389077656e+00
-8.156770604544057335e+00 -7.677766408390068520e+00
-7.937119345210001065e+00 -7.614854725417345094e+00
-7.732351194150385965e+00 -7.515072214178148968e+00
-7.531225371612944919e+00 -7.406661148829011054e+00
-7.330514558947067272e+00 -7.297485676425953471e+00
-7.131891180555529175e+00 -7.184908541532873727e+00
-6.947598743568498492e+00 -7.049849838551986991e+00
-6.767178703087842528e+00 -6.909784751043191342e+00
-6.590567226830355452e+00 -6.764826336193798362e+00
-6.413498572477471349e+00 -6.620430116474517845e+00
-6.235482227991838933e+00 -6.477200452377060103e+00
-6.057465883506207405e+00 -6.333970788279598807e+00
-5.879743403707552218e+00 -6.190377911132013189e+00
-5.702560353331149301e+00 -6.046118692221017277e+00
-5.536184340101512724e+00 -5.890425878786471614e+00
-5.383668523884231227e+00 -5.720298040426389008e+00
-5.219967252541635183e+00 -5.561811437147941461e+00
-5.042784202165231378e+00 -5.417552218236942885e+00
-4.897061847848453553e+00 -5.245368911909081611e+00
-5.028143251088654786e+00 -5.183463198232877822e+00
-5.176490632060374075e+00 -5.164925139252414255e+00
-5.325302522386803794e+00 -5.149282994488129539e+00
-5.474114412713229072e+00 -5.133640849723845712e+00
-5.619742959138291027e+00 -5.103919683554478226e+00
-5.764030825618010390e+00 -5.118669185349114414e+00
-5.909229918863193376e+00 -5.154819962880560880e+00
-6.054503246378887482e+00 -5.190663099241424661e+00
-6.200438476873892490e+00 -5.223717053554358891e+00
-6.344451925708825435e+00 -5.262541578349547500e+00
-6.478897294138655560e+00 -5.328223374176994653e+00
-6.616102604208955462e+00 -5.387018689657256054e+00
-6.759722106295507515e+00 -5.429007902745405900e+00
-6.897236092429255727e+00 -5.486441673317433043e+00
-6.999828201455676080e+00 -5.586442869173179560e+00
-7.147979316919101045e+00 -5.597457485538401833e+00
-7.282095427254726694e+00 -5.663809006574421545e+00
-7.415950258368916970e+00 -5.730673496146563295e+00
-7.551424291234149599e+00 -5.774388066783084028e+00
-7.429420893206894583e+00 -5.687541499369531017e+00
-7.296399094743572178e+00 -5.616046258724443518e+00
-7.158392981860816739e+00 -5.553881354545048943e+00
-7.012476991263054238e+00 -5.523774690041317825e+00
-6.893561065879564964e+00 -5.433014912777561989e+00
-6.751042690719651240e+00 -5.382037709574385431e+00
-6.609127753402210814e+00 -5.329491872140933673e+00
-6.469910486450154430e+00 -5.270088883267979973e+00
-6.329819569977414240e+00 -5.213179589563699423e+00
-6.183413351571649841e+00 -5.174770997266292305e+00
-6.036481366977668905e+00 -5.138494533829925714e+00
-5.888899996330432707e+00 -5.104880525700514760e+00
-5.741318625683200949e+00 -5.071266517571103805e+00
-5.592782801074607235e+00 -5.046865905344136927e+00
-5.446720768902021170e+00 -5.086428846888936484e+00
-5.296366393130327310e+00 -5.101219188987728970e+00
-5.145374165968560121e+00 -5.111779011020785468e+00
-4.994390060590909286e+00 -5.122451276680248355e+00
-4.845263975452416716e+00 -5.148353555217852318e+00
-4.739875202157241674e+00 -5.107753358976864888e+00
-4.661138181662233926e+00 -5.047540999052928967e+00
-4.587917905546802011e+00 -4.980012767950472430e+00
-4.514697629431370096e+00 -4.912484536848020333e+00
-4.441477353315939069e+00 -4.844956305745564684e+00
-4.368257077200508043e+00 -4.777428074643113476e+00
-4.295036801085076128e+00 -4.709899843540656939e+00
-4.222679638118656875e+00 -4.641480630673306962e+00
-4.154343456086937003e+00 -4.569013830995289460e+00
-4.086007274055220684e+00 -4.496547031317266629e+00
-4.017671092023499924e+00 -4.424080231639249128e+00
-3.949334909991780496e+00 -4.351613431961227185e+00
-3.884883023563019400e+00 -4.275740042504031280e+00
-3.822511132528090716e+00 -4.198080413101274999e+00
-3.760139241493161588e+00 -4.120420783698518719e+00
-3.697767350458230684e+00 -4.042761154295763326e+00
-3.635395459423303777e+00 -3.965101524893006157e+00
-3.577173851879239752e+00 -3.884336515333242978e+00
-3.534742016928703823e+00 -3.798150157190638421e+00
-3.752299218045400231e+00 -3.731155911745246190e+00
-3.975542121524500150e+00 -3.736579153951939514e+00
-4.199119348929496454e+00 -3.748783476038612950e+00
-4.422696576334494090e+00 -3.760987798125282833e+00
-4.642601996977806955e+00 -3.802216986804414667e+00
-4.861988274199979365e+00 -3.846998494799317658e+00
-5.081374551422149999e+00 -3.891780002794224202e+00
-5.298023567957600655e+00 -3.947123635220134652e+00
-5.511406727785709947e+00 -4.014971621140658975e+00
-5.724986258710898390e+00 -4.082163215447915938e+00
-5.941390359087511008e+00 -4.139254904857022410e+00
-6.150498088148538933e+00 -4.217291041999681411e+00
-6.351366507574739195e+00 -4.316223342937851370e+00
-6.559565348454128753e+00 -4.397376202462758066e+00
-6.762499918346510874e+00 -4.490588814664013384e+00
-6.937620557849847991e+00 -4.629549708806742103e+00
-7.105601076462951582e+00 -4.760392740012985513e+00
-7.308224642237232338e+00 -4.849080864569882188e+00
-7.516207128352100142e+00 -4.918748089785866640e+00
-7.327970991067150663e+00 -4.799757621058557078e+00
-7.121873802442725498e+00 -4.708937187729302920e+00
-6.970640931738621759e+00 -4.559986507292429714e+00
-6.775264948760145067e+00 -4.442766454893917860e+00
-6.568000419794203459e+00 -4.348686971284604574e+00
-6.358632702956299454e+00 -4.258824202478641574e+00
-6.154870127249385092e+00 -4.156885683035680401e+00
-5.942308175400951242e+00 -4.079187853179095491e+00
-5.720696092965479984e+00 -4.026409542025979782e+00
-5.506549683498516146e+00 -3.948635861632904032e+00
-5.292533725678358891e+00 -3.870475840618984975e+00
-5.069514143195463340e+00 -3.824393847281455372e+00
-4.846052891580418631e+00 -3.779926056288951397e+00
-4.622591639965375698e+00 -3.735458265296447866e+00
-4.396963635583854391e+00 -3.707069505748389560e+00
-4.169631789220995977e+00 -3.691820012695546271e+00
-3.942299942858135786e+00 -3.676570519642699431e+00
-3.714829874908978091e+00 -3.681791201592203855e+00
-3.487451298578390535e+00 -3.696271561169364617e+00
-3.394943832327866229e+00 -3.627868176301977332e+00
-3.325229361530707362e+00 -3.556999770401791050e+00
-3.255514890733547162e+00 -3.486131364501605212e+00
-3.185800419936388295e+00 -3.415262958601418930e+00
-3.116085949139227207e+00 -3.344394552701229539e+00
-3.047065764353424466e+00 -3.272864792018471025e+00
-2.980376587250021636e+00 -3.199142393450379096e+00
-2.913687410146620582e+00 -3.125419994882286723e+00
-2.846998233043216864e+00 -3.051697596314195238e+00
-2.780309055939815810e+00 -2.977975197746102864e+00
-2.713619878836411203e+00 -2.904252799178011379e+00
-2.646930701733009705e+00 -2.830530400609919006e+00
-2.580241524629606431e+00 -2.756808002041827521e+00
-2.513552347526203601e+00 -2.683085603473735592e+00
-2.448666304556565088e+00 -2.607781502595406753e+00
-2.384429035858820267e+00 -2.531913118510761507e+00
-2.320191767161074559e+00 -2.456044734426116705e+00
-2.255954498463329294e+00 -2.380176350341471458e+00
-2.212120626402418910e+00 -2.292041494013784764e+00
-2.484638801081873627e+00 -2.247614610855362294e+00
-2.774586109379826304e+00 -2.240613367260544386e+00
-3.064887143220360155e+00 -2.245166469228723649e+00
-3.355188177060896226e+00 -2.249719571196902912e+00
-3.642775639095624296e+00 -2.289228169310689509e+00
-3.930224940896260843e+00 -2.330073240993116634e+00
-4.217674242696897835e+00 -2.370918312675543760e+00
-4.504399242771892631e+00 -2.416454476004947338e+00
-4.790745756645226727e+00 -2.464424205824956360e+00
-5.075530181191700407e+00 -2.517922121149435366e+00
-5.343889637278920191e+00 -2.628731070765371491e+00
-5.612249093366141750e+00 -2.739540020381311614e+00
-5.881192978456891929e+00 -2.848920527658653779e+00
-6.150281698573209610e+00 -2.957946587353467827e+00
-6.403266420954911275e+00 -3.099262540022585277e+00
-6.639984532087788160e+00 -3.217070190424207610e+00
-6.910383992054974556e+00 -3.322110267520705484e+00
-7.180244083665040300e+00 -3.429211131263807388e+00
-7.460116919126456025e+00 -3.492375040727508040e+00
-7.204320140871744549e+00 -3.385095173902522347e+00
-6.931035583950121648e+00 -3.269954396967185595e+00
-6.658612247589282163e+00 -3.152793809649000245e+00
-6.409815631028490834e+00 -3.038645449506606866e+00
-6.149752789668871955e+00 -2.897207096206267707e+00
-5.877196460805921063e+00 -2.780352934269811893e+00
-5.603856732973190979e+00 -2.665377525344976739e+00
-5.328887808505110790e+00 -2.554319260717848650e+00
-5.052748816897026707e+00 -2.446887654272548396e+00
-4.760970140447037480e+00 -2.393906039213980819e+00
-4.469191463997049141e+00 -2.340924424155413686e+00
-4.177338689638609104e+00 -2.288405454202172784e+00
-3.883291318043013085e+00 -2.249964411966572264e+00
-3.589228379519275869e+00 -2.211639018923516886e+00
-3.295165440995536876e+00 -2.173313625880458400e+00
-2.999133729980997920e+00 -2.163488151681687288e+00
-2.702587423221361806e+00 -2.162026812452852109e+00
-2.406800451997925805e+00 -2.171454791518456329e+00
-2.119346861640111435e+00 -2.187011440812105967e+00
-1.995219260735915601e+00 -2.083935033657951852e+00
-1.889812094619457428e+00 -1.990999561211069135e+00
-1.784404928502999033e+00 -1.898064088764186419e+00
-1.678997762386540638e+00 -1.805128616317303702e+00
-1.573590596270080910e+00 -1.712193143870421430e+00
-1.468183430153623181e+00 -1.619257671423534273e+00
-1.362776264037163454e+00 -1.526322198976652444e+00
-1.263043060696146025e+00 -1.427370829294021704e+00
-1.164336261361157199e+00 -1.327347629621797420e+00
-1.065629462026167706e+00 -1.227324429949571361e+00
-9.670510491681474363e-01 -1.127177476743666418e+00
-8.800573709443645365e-01 -1.016912627049909368e+00
-7.943945982026757724e-01 -9.055144130883117093e-01
-7.087318254609850099e-01 -7.941161991267144948e-01
-6.230690527192979111e-01 -6.827179851651159481e-01
-5.374062799776087029e-01 -5.713197712035182896e-01
-4.542928034097286072e-01 -4.581641601340948888e-01
-3.828317029680525230e-01 -3.371642269469545816e-01
-3.109129364446228116e-01 -2.164359563063324998e-01
-6.889590314575780861e-01 -1.483862158991060554e-01
-1.096671716034427257e+00 -1.260504417232448660e-01
-1.504472459578072518e+00 -1.082536691818987151e-01
-1.912710497282190225e+00 -1.166502571844567626e-01
-2.320948534986309930e+00 -1.250468451870174746e-01
-2.727149922863814524e+00 -1.573071592747954384e-01
-3.130695537738173329e+00 -2.195946767584011639e-01
-3.534241152612529913e+00 -2.818821942420033366e-01
-3.937786767486885608e+00 -3.441697117256063976e-01
-4.341332382361240860e+00 -4.064572292092081263e-01
-4.744097685113127127e+00 -4.734520870360574563e-01
-5.146122499447511878e+00 -5.449002974964507473e-01
-5.548147313781900181e+00 -6.163485079568471470e-01
-5.947420564286860056e+00 -7.015864271098788407e-01
-6.346023384875475237e+00 -7.901561145734632419e-01
-6.742779029502068866e+00 -8.865421422889214753e-01
-7.140974604972759820e+00 -9.761292601738951191e-01
-7.545143531153783556e+00 -1.031518737733851943e+00
-7.946945708758264892e+00 -1.010740207828821458e+00
-7.796833957747660193e+00 -1.004656295816014122e+00
-7.628918440697798786e+00 -9.906611286185098564e-01
-7.461083346517746406e+00 -9.746134136983717333e-01
-7.293248252337690474e+00 -9.585656987782269489e-01
-7.128364105210660107e+00 -9.243071694719744436e-01
-6.964255441596537644e+00 -8.856484767965548954e-01
-6.800146777982414292e+00 -8.469897841211393441e-01
-6.636038114368288277e+00 -8.083310914457206842e-01
-6.471929450754163149e+00 -7.696723987703060210e-01
-6.307889841128035080e+00 -7.307222678907923097e-01
-6.143886011674154268e+00 -6.916212203722382768e-01
-5.979882182220270792e+00 -6.525201728536802470e-01
-5.815878352766392645e+00 -6.134191253351257700e-01
-5.650699201958170548e+00 -5.801430089320209760e-01
-5.484261885427909711e+00 -5.532214997099993425e-01
-5.317824568897646209e+00 -5.262999904879746005e-01
-5.151387252367386260e+00 -4.993784812659525230e-01
-4.984790997397195333e+00 -4.735784826535391900e-01
-4.847242416964962608e+00 -4.324762558117209998e-01
-4.951379195381415244e+00 -2.971195349431696719e-01
-5.050634104263357571e+00 -1.929427114957436018e-01
-5.178486154045940815e+00 -1.272330986603957825e-01
-5.307450522690703387e+00 -6.320287307663363663e-02
-5.436414891335465960e+00 8.273525071320619872e-04
-5.572747769953977581e+00 4.701245518530150491e-02
-5.709493228531342446e+00 9.209413357815421364e-02
-5.848564696449253475e+00 1.289372806528232829e-01
-5.988874519705804644e+00 1.612611366413227998e-01
-6.129184342962359366e+00 1.935849926298205403e-01
-6.272185629594555500e+00 2.072232479387121629e-01
-6.415958563904705869e+00 2.150348756883371237e-01
-6.558638309717611747e+00 2.325329754883043165e-01
-6.700284654224550884e+00 2.583785022980311652e-01
-6.841930998731486469e+00 2.842240291077615666e-01
-6.981309911629975495e+00 3.200748434691718103e-01
-7.120184761125061712e+00 3.580939747844400500e-01
-7.259059610620146152e+00 3.961131060997082898e-01
-7.397934460115228816e+00 4.341322374149756413e-01
-7.245741577137780887e+00 4.290121272951150644e-01
-7.101683688539551120e+00 3.994539229274467473e-01
-6.957625799941323130e+00 3.698957185597784303e-01
-6.813567911343097805e+00 3.403375141921110014e-01
-6.669510022744869815e+00 3.107793098244417962e-01
-6.524031136142933285e+00 2.899992665536812453e-01
-6.377963848962415305e+00 2.729490369791589544e-01
-6.231945260352595994e+00 2.555192944995727800e-01
-6.086850795056945707e+00 2.315782391055032363e-01
-5.941789327938590048e+00 2.074218016552054067e-01
-5.800280007151735084e+00 1.681582029428660974e-01
-5.659916510568399062e+00 1.242896317361417147e-01
-5.519553013985062151e+00 8.042106052941555561e-02
-5.381486179916207924e+00 3.011522587257609018e-02
-5.245417469639424901e+00 -2.566710821656581487e-02
-5.109348759362641879e+00 -8.144944230571038446e-02
-4.997858454946794815e+00 -1.735169519482369083e-01
-4.897255742549728730e+00 -2.807721402591272231e-01
-4.786231312675315763e+00 -3.771667574490553676e-01
-4.687601534200585895e+00 -3.814027127443773146e-01
-4.601710560133942529e+00 -3.720256900884426621e-01
-4.515819586067300051e+00 -3.626486674325106740e-01
-4.429958219973157085e+00 -3.530258714121465857e-01
-4.344604357073002632e+00 -3.396453110961799027e-01
-4.259310009537324859e+00 -3.258590041770172974e-01
-4.174015662001647975e+00 -3.120726972578502512e-01
-4.088721314465970202e+00 -2.982863903386787641e-01
-4.003426966930293318e+00 -2.845000834195112738e-01
-3.918132619394615102e+00 -2.707137765003442276e-01
-3.832838271858935553e+00 -2.569274695811771814e-01
-3.747543924323259112e+00 -2.431411626620070265e-01
-3.662249576787580008e+00 -2.293548557428399803e-01
-3.577025192835279643e+00 -2.151560630024569321e-01
-3.491990302701715621e+00 -1.998506574220968446e-01
-3.406955412568152930e+00 -1.845452518417323162e-01
-3.321920522434591128e+00 -1.692398462613713406e-01
-3.236885632301026661e+00 -1.539344406810068122e-01
-3.161889701624632565e+00 -1.167339084609366751e-01
-3.276786945402953677e+00 3.749278521222798588e-02
-3.429050839035144183e+00 1.750378442044393523e-01
-3.601736422488072353e+00 2.860210940623773013e-01
-3.774422005941000080e+00 3.970043439203170266e-01
-3.956105127684558909e+00 4.922105792691153781e-01
-4.139619393684603743e+00 5.841894173568675797e-01
-4.323134558169931196e+00 6.761664591618190556e-01
-4.513096466401610662e+00 7.537594044113200553e-01
-4.703888918161018395e+00 8.294946857083580483e-01
-4.895640586412192796e+00 9.026468145396160381e-01
-5.089947306634933000e+00 9.688471994160678946e-01
-5.285405182173960270e+00 1.031207776521859465e+00
-5.484346880297693794e+00 1.081802175709448477e+00
-5.683212176648691383e+00 1.132662412531038498e+00
-5.876556314564109762e+00 1.201589058450671210e+00
-6.071115683207974456e+00 1.266822866421350113e+00
-6.267791058623504163e+00 1.325613930254790240e+00
-6.464127994718481318e+00 1.385519669117864616e+00
-6.640480725459225297e+00 1.478093757604405312e+00
-6.441022325351658750e+00 1.421021681410580939e+00
-6.240540226175816940e+00 1.363874283191803372e+00
-6.039453016673507868e+00 1.308823559092480160e+00
-5.840699332288844303e+00 1.246110214669019278e+00
-5.642213807978377460e+00 1.182515502742819358e+00
-5.441093940872205437e+00 1.127589307525726170e+00
-5.238709931088015637e+00 1.077516200563084503e+00
-5.038533168412444141e+00 1.019982707384479603e+00
-4.841950593366800781e+00 9.505425227813928402e-01
-4.645368018321157422e+00 8.811023381783096298e-01
-4.452868634661233394e+00 8.015564655879927614e-01
-4.263374050375531077e+00 7.146171156037928185e-01
-4.073879466089827872e+00 6.276777656195964283e-01
-3.890939678630409126e+00 5.283566519821896179e-01
-3.712929815154290214e+00 4.198249213477822650e-01
-3.534919951678165084e+00 3.112931907133793530e-01
-3.365446040162826336e+00 1.901149878891823519e-01
-3.198337570378710470e+00 6.544980680120282557e-02
-3.042999772159416416e+00 -7.279212433207860045e-02
-2.936696399199960616e+00 -6.439995612171145467e-02
-2.854929461866120732e+00 -5.731065217464159645e-02
-2.773162524532280848e+00 -5.022134822756729733e-02
-2.691395587198438299e+00 -4.313204428049388639e-02
-2.609628649864599303e+00 -3.604274033341869909e-02
-2.527861712530759863e+00 -2.895343638634884087e-02
-2.446047402809501836e+00 -2.253573155696830810e-02
-2.364029435875814489e+00 -1.953083283384593472e-02
-2.282007946099074314e+00 -1.660414764163675727e-02
-2.199986456322333250e+00 -1.367746244942757983e-02
-2.117964966545594407e+00 -1.075077725722195510e-02
-2.035943476768856453e+00 -7.824092065012777653e-03
-1.953921986992116278e+00 -4.897406872803600208e-03
-1.871890943454626921e+00 -3.040615775943500410e-03
-1.789837551020376116e+00 -4.865735345001453993e-03
-1.707784158586128642e+00 -6.690854914059407577e-03
-1.625730766151879392e+00 -8.515974483117361160e-03
-1.543689573986257946e+00 -9.152448423836112568e-03
-1.466030219324618411e+00 1.654382461232728474e-02
-1.581114365548275780e+00 2.334668262267030059e-01
-1.748438282777909469e+00 4.119309955790928512e-01
-1.922848377844573742e+00 5.830312058234392580e-01
-2.108694461280566923e+00 7.421160457397837362e-01
-2.295122666278308632e+00 9.005141135654781692e-01
-2.482616960022255626e+00 1.057653042011505562e+00
-2.670706534223683981e+00 1.213987628913249850e+00
-2.877870659642546514e+00 1.344102109887296947e+00
-3.085034785061409934e+00 1.474216590861342269e+00
-3.292198910480269802e+00 1.604331071835388478e+00
-3.510472712149023788e+00 1.714644394274698946e+00
-3.735463871915802425e+00 1.809515329923678806e+00
-3.967804026514867743e+00 1.885997307286977787e+00
-4.185347485687048064e+00 1.985000564373875953e+00
-4.376111738238382287e+00 2.136381260522386860e+00
-4.585005862689708778e+00 2.263012748114035411e+00
-4.801119085101359651e+00 2.377650560892193177e+00
-4.998262271810752999e+00 2.517913494554064435e+00
-5.165950133535178068e+00 2.695965609934027007e+00
-4.970541760546307586e+00 2.576544746226523408e+00
-4.766066818640585012e+00 2.438035489163244307e+00
-4.556708974713670202e+00 2.307283727196304923e+00
-4.343054718171571515e+00 2.183396665118875646e+00
-4.144723172813804091e+00 2.037464984960231540e+00
-3.922535979822250329e+00 1.940766046867927308e+00
-3.689769689540353337e+00 1.860843867196620316e+00
-3.467507614296231111e+00 1.753160463661497914e+00
-3.245245539052102668e+00 1.645477060126379065e+00
-3.028632677719311328e+00 1.527807976515717314e+00
-2.822750178731804560e+00 1.391394846284816467e+00
-2.616867679744296904e+00 1.254981716053920948e+00
-2.419288100384351825e+00 1.107417373233669622e+00
-2.230199782527895191e+00 9.485408377133230928e-01
-2.041111464671440778e+00 7.896643021929712347e-01
-1.858455446427154545e+00 6.235825295267662938e-01
-1.679637207477179262e+00 4.532294171173925079e-01
-1.503266132069829952e+00 2.805855428376071714e-01
-1.358994046468105177e+00 8.078502613513993680e-02
-1.282306805714163112e+00 4.353893421009935594e-02
-1.223618010138916690e+00 3.823406068078760711e-02
-1.164929214563667825e+00 3.292918715147852282e-02
-1.106240418988421848e+00 2.762431362216588582e-02
-1.047551623413174093e+00 2.231944009285680153e-02
-9.888628278379270053e-01 1.701456656354771724e-02
-9.301740322626788071e-01 1.170969303423508023e-02
-8.714852366874312750e-01 6.404819504925107765e-03
-8.127964411121854083e-01 1.099945975613358939e-03
-7.541076455369383202e-01 -4.204927553694837172e-03
-6.954188499616897889e-01 -9.509801083009250533e-03
-6.367300543864428120e-01 -1.481467461231744664e-02
-5.780412588111957239e-01 -2.011954814162653093e-02
-5.193208140485183755e-01 -2.490943082597762981e-02
-4.604073247912643385e-01 -2.621984784756747899e-02
-4.014938355340101905e-01 -2.753026486915644000e-02
-3.425803462767544327e-01 -2.884068189074806554e-02
-2.838525932207038860e-01 -2.736717015736456204e-02
-2.316324606699891042e-01 -1.115881647372418684e-03
