1.236344738064406035e-01 1.802974612536889509e-02
1.313256229827275412e+00 8.771366264969415738e-02
3.747777096979854949e+00 1.526533170030422770e+00
1.366341194691268468e+00 7.119684490661493115e-02
2.458856452499935230e+00 1.157868669633144165e-02
4.464696700369211513e+00 8.886917698592906589e-01
2.519517939858959110e+00 -2.110203866818860519e-02
3.333269596231144050e+00 -2.724999396876861546e-01
4.744961678963105278e+00 1.940330192334407400e-01
3.388980726560626433e+00 -3.114432145928676121e-01
4.902685711400146751e+00 -8.616646372564051859e-01
2.545778157870090541e-01 -9.309255195415966355e-02
1.857623961356904108e+00 -1.309180164137078384e+00
4.744671625993009734e+00 -2.181672897991083104e+00
1.879695826434066408e+00 -1.352062638000504080e+00
2.719448372528620261e+00 -2.310843649206530515e+00
4.754457671873726810e+00 -2.993256436906451601e+00
2.754046177668741269e+00 -2.363626738649064141e+00
3.299737215484142450e+00 -3.140872843436927297e+00
4.635043284581517042e+00 -3.672200737089803546e+00
3.317515289518128352e+00 -3.195624691376946380e+00
4.149733855468084265e+00 -4.672479903820200953e+00
9.956473807639448781e-02 -1.282950473988142548e-01
5.832609064139371302e-01 -2.123370360873495510e+00
3.117869910705402425e+00 -5.276403842045219506e+00
5.911393043304273842e-01 -2.190648891378136121e+00
8.643707946588519153e-01 -3.698861621380114872e+00
2.242988544652482208e+00 -5.861944076470106069e+00
8.785124846176655122e-01 -3.771089569452684920e+00
9.119338227278268594e-01 -4.784509540863613353e+00
1.555197132351800571e+00 -6.249390241343258268e+00
9.122357966292620191e-01 -4.835625004728459686e+00
5.810037430846848316e-01 -7.539938458170400537e+00
8.610168768406739614e-01 -5.029175829039102652e+00
3.531774361614327118e-01 -6.225329170662559974e+00
8.501577213737649963e-01 -4.984979480701284160e+00
8.013342779955283657e-01 -3.791494649933796701e+00
-7.008628573389541483e-02 -5.911154381490691279e+00
7.878490555431058029e-01 -3.724872685415522078e+00
5.169409157970974444e-01 -2.187971047190764295e+00
-8.218116440524415589e-01 -5.607026009212154882e+00
4.935559187472039477e-01 -2.133874924255473982e+00
-1.453630623155377499e-02 -1.246061436201202355e-01
-1.944933730841127417e+00 -5.431640022097871778e+00
-1.535229846346121807e+00 -3.979857780908274467e+00
-2.489060599002582030e+00 -4.813346936480530580e+00
-1.540482177277098241e+00 -3.935004866584089100e+00
-1.275547276603318902e+00 -3.091251170016394045e+00
-2.783321466241066133e+00 -4.387447814268287338e+00
-1.263323408921769975e+00 -3.050035480749018646e+00
-8.652912215073010893e-01 -1.838323861270275028e+00
-2.997162899814403314e+00 -3.434940367897596936e+00
-8.556935192912401567e-01 -1.774681714840807611e+00
-1.035838869302846410e-01 -1.407174330580573951e-01
-3.848086749590340361e+00 -3.011708915559687227e+00
-2.923695692215339648e+00 -1.732676321705846290e+00
-4.149005421881631683e+00 -2.092131451791482633e+00
-2.893995625921264470e+00 -1.695097857495280635e+00
-2.242011596329719580e+00 -1.050406944680158494e+00
-4.182533481362091798e+00 -1.271961565691296148e+00
-2.202410914456536251e+00 -1.000302540406633245e+00
-1.269193192070257492e+00 -4.761312955473568920e-01
-4.104175345303488598e+00 -2.909200503035305196e-01
-1.225956126121900525e+00 -4.085507911412817883e-01
-1.236344738064406590e-01 -1.802974612536889509e-02
3.489417735042846580e+00 1.257575122119095834e+00
4.236339378627714147e+00 6.061967222936845978e-01
4.522262958959398560e+00 8.818542367985404695e-03
4.422492789256557089e+00 -9.349460887907534712e-01
4.327516061494381283e+00 -2.162321222491774719e+00
4.399630379330170982e+00 -2.972289754012951146e+00
4.356383139068776167e+00 -3.670731629489810022e+00
3.478824027308458966e+00 -4.330471093429663298e+00
2.603537231430362198e+00 -5.058144714398912001e+00
1.991809510236754122e+00 -5.658337304974780047e+00
1.430644142845368672e+00 -6.059372246704071152e+00
4.336901514372819566e-01 -6.136333367165687669e+00
1.130644690600975388e-01 -5.679421046686637276e+00
-4.997583584841088777e-01 -5.251041658803103473e+00
-1.278859591532677698e+00 -4.955802744032379081e+00
-2.220551265768526683e+00 -4.679602515564851295e+00
-2.523398775631749746e+00 -4.277442884007458090e+00
-2.758811680883095807e+00 -3.577531900930605246e+00
-3.282023643352908415e+00 -2.701035527483493848e+00
-3.829132951028048737e+00 -2.105824820992922675e+00
-3.835029052207481470e+00 -1.424504256603737140e+00
-3.715459431789663647e+00 -4.556871012973910950e-01
