2.045807388045736697e-01 -1.430759870078546214e-02
2.466579670571005245e-01 2.799564164380843323e-01
4.661286342031878971e-01 5.176442727066099536e-01
7.427624584196170776e-01 6.743872873026974801e-01
1.046291763046662382e+00 7.848771989962175510e-01
1.357553970391256914e+00 8.730066520373664929e-01
1.658870657078842292e+00 9.814203655462012676e-01
1.923624214816865186e+00 1.167346276650955694e+00
2.179465703866464210e+00 1.363980045497420690e+00
2.409864507124317878e+00 1.591090772263953568e+00
2.628395178975763802e+00 1.827416284528379009e+00
2.789817549404868924e+00 2.107783381528234301e+00
2.944852187218309769e+00 2.284087602284046170e+00
3.134233079597907423e+00 2.264225447326388974e+00
3.393996394705893760e+00 2.456272049281520431e+00
3.673240071382460226e+00 2.618948237509330035e+00
3.806754991448338288e+00 2.469235462815167814e+00
4.091869741617632172e+00 2.560165502932731485e+00
4.333654524294803245e+00 2.482233058218159982e+00
4.663325348387079572e+00 2.512403711241000259e+00
4.663793043348632317e+00 2.489517161552694979e+00
4.664728149019372161e+00 2.466630117606503525e+00
4.665663254690111117e+00 2.443743073660305853e+00
4.666598360360849185e+00 2.420856029714105517e+00
4.667533466031588141e+00 2.397968985767908734e+00
4.668468571702327097e+00 2.375081941821711951e+00
4.669403677373066941e+00 2.352194897875518720e+00
4.670338783043806785e+00 2.329307853929321936e+00
4.666817150012716020e+00 2.306997557652446851e+00
4.659312580439593177e+00 2.285355639097637059e+00
4.651808010866472110e+00 2.263713720542835262e+00
4.644303441293351042e+00 2.242071801988029911e+00
4.636798871720229975e+00 2.220429883433228113e+00
4.629449206625270818e+00 2.198736599256254642e+00
4.625004343033622511e+00 2.176280575566420517e+00
4.620811625238446574e+00 2.153761421037427404e+00
4.616618907443269748e+00 2.131242266508436067e+00
4.612426189648092922e+00 2.108723111979442955e+00
4.693892030396833448e+00 2.123708874858079021e+00
4.783362452346570315e+00 2.137823343219786842e+00
4.873712859199383907e+00 2.147624125930640560e+00
4.964063266052196610e+00 2.157424908641496053e+00
5.054191834858477783e+00 2.168937029177218534e+00
5.144038057559066957e+00 2.182608445587028712e+00
5.200820532668338103e+00 2.135544143520209381e+00
5.233659743663395147e+00 2.050921231793629396e+00
5.251396765372119191e+00 1.961788468899625215e+00
5.332667476093295278e+00 1.947965392445198063e+00
5.423547857104473735e+00 1.947877600204125592e+00
5.513036721306046495e+00 1.934183024643759907e+00
5.601144084456755046e+00 1.928555802579581702e+00
5.654827231499590212e+00 1.873835109783738240e+00
5.673684361887396221e+00 1.791384334362202679e+00
5.764328837377524550e+00 1.797928830013797885e+00
5.852343838037802115e+00 1.787861572076628214e+00
5.936273884963843450e+00 1.754677670199249917e+00
6.027019995331702518e+00 1.759615079591076103e+00
6.052234900460893741e+00 1.780883554731631513e+00
6.045475752837887740e+00 1.768227769230522384e+00
6.038716605214879074e+00 1.755571983729407037e+00
6.039500883672661580e+00 1.741623146964503377e+00
6.041659243564264870e+00 1.727438772962870850e+00
6.043817603455866383e+00 1.713254398961240099e+00
6.045975963347466120e+00 1.699070024959606684e+00
6.048134323239067633e+00 1.684885650957975045e+00
6.050292683130666482e+00 1.670701276956342518e+00
6.052451043022268884e+00 1.656516902954713544e+00
6.054609402913869509e+00 1.642332528953084569e+00
6.056767762805468358e+00 1.628148154951448490e+00
6.058926122697071648e+00 1.613963780949817739e+00
6.060855397555832802e+00 1.599770613003570929e+00
6.056084075566213976e+00 1.586738867281952459e+00
6.048113904199719393e+00 1.574808596889860191e+00
6.040143732833221257e+00 1.562878326497764370e+00
6.032173561466724010e+00 1.550948056105671213e+00
6.024203390100226763e+00 1.539017785713573616e+00
6.047918050822560510e+00 1.486751531825412087e+00
6.121253823379664283e+00 1.455508029287054583e+00
6.194940214946618617e+00 1.425140671138450443e+00
6.269603540727844759e+00 1.397217924663614497e+00
6.344263608442877178e+00 1.369286574863696870e+00
6.414183198420630561e+00 1.331146325031056676e+00
6.444383495258994898e+00 1.267038208856036796e+00
6.448728333449126104e+00 1.187442892608705058e+00
6.423499407482441192e+00 1.112123854940447742e+00
6.467626566653313702e+00 1.080371119912995503e+00
6.546871092032634287e+00 1.071734153731650707e+00
6.626106818404327470e+00 1.063056799561397980e+00
6.700868601606502217e+00 1.035413126885071478e+00
6.727591135527354993e+00 9.656527825148346622e-01
6.770703992744143029e+00 9.215708606528325575e-01
6.848005721980204186e+00 9.186550879333932329e-01
6.914288877892148300e+00 8.743737687370947143e-01
6.981122672306797838e+00 8.309779919491058209e-01
7.050606812370357801e+00 7.919107900139863432e-01
7.039742242692883956e+00 6.878410522994053977e-01
6.971058923025330145e+00 5.743394310044127593e-01
7.052619743408831354e+00 5.120581327183746367e-01
7.170378527923867651e+00 4.447048944645963786e-01
7.204426596577898856e+00 3.275446987160153256e-01
7.232590253028505778e+00 2.297823599252097893e-01
7.357181903378652521e+00 1.749933275309203395e-01
7.456742661703167130e+00 8.566552533633586819e-02
7.562307293666555630e+00 3.597101595328666690e-03
7.550307255722656485e+00 -1.184356935670587418e-01
7.467610121591449435e+00 -2.199823957634716720e-01
7.560285414731139575e+00 -3.023729638784558027e-01
7.655581635626421466e+00 -3.967117580200518745e-01
7.655152827019493955e+00 -5.161581799718311103e-01
7.569319312984447379e+00 -6.174059324273541982e-01
7.631989080078772858e+00 -7.290933214528658723e-01
7.700355302923104439e+00 -8.450840905119916258e-01
7.715741591078059791e+00 -9.803178863785877439e-01
7.789350701290763901e+00 -1.090155055973760945e+00
7.792174767878965902e+00 -1.106213667806108525e+00
7.767528667611726334e+00 -1.123122823098607892e+00
7.742882567344484990e+00 -1.140031978391112144e+00
7.718236467077241869e+00 -1.156941133683616396e+00
7.693590366810000525e+00 -1.173850288976117540e+00
7.669811800481405761e+00 -1.191909718558231912e+00
7.647075195065045072e+00 -1.211310660938165196e+00
7.624338589648683495e+00 -1.230711603318101144e+00
7.601601984232319253e+00 -1.250112545698033095e+00
7.578865378815956788e+00 -1.269513488077970820e+00
7.556128773399595211e+00 -1.288914430457903659e+00
7.533392167983232746e+00 -1.308315372837838719e+00
7.510655562566871168e+00 -1.327716315217772003e+00
7.487918957150507815e+00 -1.347117257597707951e+00
7.460261508874337366e+00 -1.357958812146291550e+00
7.432034749927204587e+00 -1.367787335454983211e+00
7.403807990980071807e+00 -1.377615858763669543e+00
7.375581232032939916e+00 -1.387444382072357207e+00
7.347354473085808024e+00 -1.397272905381047980e+00
7.386166936856373155e+00 -1.495403683961606500e+00
7.449916448413304693e+00 -1.596395682395033155e+00
7.522950245408011938e+00 -1.673163221653544142e+00
7.501598361512963997e+00 -1.767121978036026331e+00
7.587795920430768781e+00 -1.850132403025009697e+00
7.659527664412657089e+00 -1.944475644609121812e+00
7.628849070438445956e+00 -2.054106106741398374e+00
7.567078625428726113e+00 -2.153992013249169890e+00
7.478727727801497416e+00 -2.234706749875778442e+00
7.536143046342035134e+00 -2.298804930791100709e+00
7.640084248531650246e+00 -2.358042859000988756e+00
7.712023204208757754e+00 -2.453610703529636616e+00
7.742780363085807416e+00 -2.557947963547267722e+00
7.700382317645134478e+00 -2.667208131938745730e+00
7.653431781862110483e+00 -2.752656609927379261e+00
7.738365717163934399e+00 -2.836959495135336518e+00
7.797981482838798328e+00 -2.934017562135247559e+00
7.813649478083952715e+00 -3.052656778860739273e+00
7.891502883060905305e+00 -3.141424530625966938e+00
7.898088509429640247e+00 -3.154633992459610958e+00
7.885444707215734539e+00 -3.165406838951197344e+00
7.874997356238579549e+00 -3.181045112748233095e+00
7.864550005261425447e+00 -3.196683386545267958e+00
7.854102654284266904e+00 -3.212321660342304153e+00
7.843655303307112803e+00 -3.227959934139339904e+00
7.833207952329957813e+00 -3.243598207936376099e+00
7.822760601352803711e+00 -3.259236481733411850e+00
7.812313250375647833e+00 -3.274874755530447157e+00
7.798535900050324265e+00 -3.287290084045919158e+00
7.782739720201279354e+00 -3.297497113582843475e+00
7.766943540352234443e+00 -3.307704143119762907e+00
7.751147360503192196e+00 -3.317911172656686780e+00
7.735351180654148173e+00 -3.328118202193611097e+00
7.719555000805107703e+00 -3.338325231730530973e+00
7.703758820956063680e+00 -3.348532261267455734e+00
7.687962641107020545e+00 -3.358739290804379607e+00
7.672166461257976522e+00 -3.368946320341299483e+00
7.656370281408935163e+00 -3.379153349878224244e+00
7.657987678884399685e+00 -3.448923439406945679e+00
7.706096768460904300e+00 -3.527316221762152537e+00
7.775187038074033552e+00 -3.583522605017873897e+00
7.752037480497514288e+00 -3.654306068806449037e+00
7.769830497368062083e+00 -3.728764499033110802e+00
7.826229232641029654e+00 -3.801421883275049929e+00
7.876782468641638779e+00 -3.877686884851502036e+00
7.873989169619965089e+00 -3.960164936245418765e+00
7.828575773037996122e+00 -4.040128481344681610e+00
7.762703941875424896e+00 -4.104215141271597922e+00
7.805541292742772974e+00 -4.179570823080978492e+00
7.858144883982593143e+00 -4.255021303622488205e+00
7.918246778320320090e+00 -4.324461316754208973e+00
7.874544231024925622e+00 -4.397278430804970384e+00
7.831914451092222507e+00 -4.477055741680748824e+00
7.879343553467150763e+00 -4.545038216659777142e+00
7.922745471599615286e+00 -4.625958699147933118e+00
7.968087585618238045e+00 -4.705884006984518919e+00
8.003924487153623701e+00 -4.779295565362883913e+00
7.985764218716322027e+00 -4.783969958323191385e+00
7.974957336495704929e+00 -4.786751614021144796e+00
7.964150454275087831e+00 -4.789533269719095543e+00
7.953343572054469846e+00 -4.792314925417044513e+00
7.942536689833852748e+00 -4.795096581114994372e+00
7.931729807613236538e+00 -4.797878236812948671e+00
7.920922925392621217e+00 -4.800659892510894977e+00
7.910116043172002342e+00 -4.803441548208849277e+00
7.899309160951384357e+00 -4.806223203906798247e+00
7.888502278730769923e+00 -4.809004859604748994e+00
7.877972636411385565e+00 -4.812652272134512188e+00
7.868278449455606172e+00 -4.818179391729625394e+00
7.858584262499831219e+00 -4.823706511324735935e+00
7.848890075544053602e+00 -4.829233630919849141e+00
7.839195888588276873e+00 -4.834760750514962346e+00
7.829501701632499255e+00 -4.840287870110071999e+00
7.819807514676720750e+00 -4.845814989705185205e+00
7.810113327720944909e+00 -4.851342109300299299e+00
7.800419140765168180e+00 -4.856869228895408952e+00
7.792169356928284607e+00 -4.907760138799673655e+00
7.816049032323694412e+00 -4.966583740026084826e+00
7.839928707719106882e+00 -5.025407341252492444e+00
7.869742543079669694e+00 -5.081369604574438981e+00
7.901187089558077581e+00 -5.136521172593865536e+00
7.932806001114959038e+00 -5.191563718672851380e+00
7.975982738875428524e+00 -5.238013904064249715e+00
7.989039973275566808e+00 -5.288331722505970056e+00
7.957065214922474539e+00 -5.343177595518399770e+00
7.916140452510666670e+00 -5.388211065816800982e+00
7.886568772973527430e+00 -5.423554401320926921e+00
7.920192493946927037e+00 -5.477405124121434987e+00
7.953655819136862704e+00 -5.531340974906363783e+00
7.971989819405620459e+00 -5.592060744633981173e+00
7.989439110343622197e+00 -5.653101527754736289e+00
8.006888401281624823e+00 -5.714142310875487851e+00
8.024337692219630114e+00 -5.775183093996239414e+00
8.053843628969538315e+00 -5.830419321620253115e+00
8.091635236603801573e+00 -5.881431568685556499e+00
8.104051901539262914e+00 -5.898191955953144827e+00
8.112463238268054155e+00 -5.909545830906308694e+00
8.120486794358303229e+00 -5.920873633066334740e+00
8.110018888698611761e+00 -5.930321716200648297e+00
8.098950654807470784e+00 -5.939105522923712854e+00
8.087882420916328030e+00 -5.947889329646780965e+00
8.076814187025183500e+00 -5.956673136369849075e+00
8.065745953134044299e+00 -5.965456943092917186e+00
8.054677719242901546e+00 -5.974240749815985296e+00
8.043609485351757016e+00 -5.983024556539048966e+00
8.032541251460617815e+00 -5.991808363262117965e+00
8.021473017569473285e+00 -6.000592169985185187e+00
8.010404783678332308e+00 -6.009375976708253297e+00
7.998974860111675689e+00 -6.017440925178191513e+00
7.985078288945205216e+00 -6.018004614275880293e+00
7.971021682861693769e+00 -6.016564861717214718e+00
7.956965076778181434e+00 -6.015125109158553585e+00
7.942908470694664658e+00 -6.013685356599888010e+00
7.928851864611154099e+00 -6.012245604041223324e+00
7.945947597290740738e+00 -6.093834620134547464e+00
8.006696599388700264e+00 -6.196020969382527888e+00
8.068338562081116550e+00 -6.297608824697523922e+00
8.077921926413367260e+00 -6.393300075888314282e+00
8.078203938973366860e+00 -6.500236965842448811e+00
8.118789158356385371e+00 -6.611974744575336516e+00
8.159374377739407436e+00 -6.723712523308222444e+00
8.193769672147517724e+00 -6.834713092070587415e+00
8.118922650122742724e+00 -6.918246215279176603e+00
8.094927705139317808e+00 -6.995141004193273560e+00
8.122833263738591825e+00 -7.110699521957176472e+00
8.143174869058681153e+00 -7.227282193725032222e+00
8.146056090401430083e+00 -7.346127428345951671e+00
8.185280581566393820e+00 -7.456979784181271498e+00
8.232720762403349823e+00 -7.565984006442086240e+00
8.280160943240305826e+00 -7.674988228702892101e+00
8.329337348424084908e+00 -7.783022738957084741e+00
8.402232019981786593e+00 -7.876931514303278981e+00
8.445044165484658194e+00 -7.977440367697732349e+00
8.109147608203533864e+00 -7.897804647116798193e+00
7.746360637100316637e+00 -7.739402911171294974e+00
7.382824856307650840e+00 -7.624601790870672247e+00
7.040452100868355600e+00 -7.630278197590212308e+00
6.676903076799064252e+00 -7.471802369698487212e+00
6.340303071319747019e+00 -7.501753463237351482e+00
6.000567706548467051e+00 -7.286213158186585659e+00
5.697786856233350683e+00 -7.144623615583983067e+00
5.380212967715899630e+00 -6.913911271092980648e+00
5.065931003682629274e+00 -6.816010041942600850e+00
4.787960055276526461e+00 -6.525583208626272835e+00
4.504666556680012590e+00 -6.239859248458612839e+00
4.248181759588281814e+00 -5.930848968249130770e+00
3.982148217980313376e+00 -5.629894708945512249e+00
3.702224891780108162e+00 -5.340865961261942019e+00
3.350777066988935626e+00 -5.149433214614949961e+00
2.976414958132063582e+00 -5.008141157065923110e+00
2.610106414151059262e+00 -4.860950337723044967e+00
2.302430614809468867e+00 -4.601917656605007956e+00
2.366450246084635278e+00 -4.903536688042378522e+00
2.414201289876753975e+00 -5.198882491048159693e+00
2.292262786297186050e+00 -5.487479537675524099e+00
2.216560048288965579e+00 -5.791082296057193268e+00
2.145976956205174702e+00 -6.096328559079612575e+00
2.191711312714636151e+00 -6.403076605707554769e+00
2.254535970289703428e+00 -6.710013596599555541e+00
2.357179664462617286e+00 -7.004525398838041816e+00
2.480316568652016329e+00 -7.292613157696187898e+00
2.606364621957529160e+00 -7.579401489925801982e+00
2.745528175819616834e+00 -7.859492524860195672e+00
2.703588007698442208e+00 -8.050582575329647383e+00
2.790003474814682694e+00 -8.331258610791483221e+00
2.916644182210136105e+00 -8.617820467377436344e+00
2.815993044973855497e+00 -8.829164801826248521e+00
2.880344097712749463e+00 -9.135780048222992278e+00
2.809455891144045037e+00 -9.388644111748956078e+00
2.794054438299697019e+00 -9.690364580443423748e+00
2.794798446203111464e+00 -1.000121807613372660e+01
2.789915318310018044e+00 -1.001332697737582578e+01
2.779834820891031733e+00 -1.001561018411081605e+01
2.769754323472045421e+00 -1.001789339084580988e+01
2.759673826053057777e+00 -1.002017659758080370e+01
2.749593328634070133e+00 -1.002245980431579397e+01
2.739512831215082933e+00 -1.002474301105078602e+01
2.729432333796095733e+00 -1.002702621778577807e+01
2.719351836377109866e+00 -1.002930942452077190e+01
2.709271338958122222e+00 -1.003159263125576217e+01
2.699190841539135910e+00 -1.003387583799075600e+01
2.689110344120148266e+00 -1.003615904472574627e+01
2.679029846701161066e+00 -1.003844225146074010e+01
2.668949349282173866e+00 -1.004072545819573214e+01
2.658868851863187999e+00 -1.004300866493072419e+01
2.648981790419305593e+00 -1.004598788715831859e+01
2.639172920231878994e+00 -1.004924603308723086e+01
2.629364334457334973e+00 -1.005250503697068432e+01
2.619555748682793173e+00 -1.005576404085413955e+01
2.609747162908251372e+00 -1.005902304473759301e+01
2.555862316308375792e+00 -1.011180829607609333e+01
2.510918361170181079e+00 -1.016392450695820671e+01
2.467791193152722773e+00 -1.021720269204136855e+01
2.447175322595250613e+00 -1.028286123620228132e+01
2.426559452037776232e+00 -1.034851978036319409e+01
2.405943581480304072e+00 -1.041417832452410686e+01
2.407679652345823040e+00 -1.048187501879160521e+01
2.416689948859394921e+00 -1.055010164920019733e+01
2.408480891793822298e+00 -1.060957346293853121e+01
2.344715783191554159e+00 -1.063545916295058191e+01
2.280950674589284688e+00 -1.066134486296263262e+01
2.244596277374697468e+00 -1.071256535805727239e+01
2.226424663861656494e+00 -1.077894194280299089e+01
2.208253050348613744e+00 -1.084531852754871295e+01
2.190081436835571882e+00 -1.091169511229442968e+01
2.176707761750611425e+00 -1.097912365555650815e+01
2.165584611494659750e+00 -1.104703782247738530e+01
2.152131229722982653e+00 -1.111445229561267922e+01
2.133959616209940791e+00 -1.118082888035839950e+01
2.129697729329503630e+00 -1.119647849899975789e+01
2.118732499849723894e+00 -1.119788900775850493e+01
2.107542443858071657e+00 -1.119702307991245860e+01
2.096352387866421196e+00 -1.119615715206641759e+01
2.085162331874771624e+00 -1.119529122422037659e+01
2.073972275883121164e+00 -1.119442529637433026e+01
2.062782219891470259e+00 -1.119355936852828748e+01
2.051592163899820243e+00 -1.119269344068224470e+01
2.040402107908168894e+00 -1.119182751283620014e+01
2.029212051916517989e+00 -1.119096158499015559e+01
2.018021995924867973e+00 -1.119009565714411636e+01
2.006831939933217512e+00 -1.118922972929807003e+01
1.995641883941565942e+00 -1.118836380145202902e+01
1.984451827949915703e+00 -1.118749787360598447e+01
1.973261771958265243e+00 -1.118663194575994169e+01
1.962071715966614116e+00 -1.118576601791389891e+01
1.950881659974962101e+00 -1.118490009006785613e+01
1.939691603983313195e+00 -1.118403416222181335e+01
1.928501547991662957e+00 -1.118316823437576879e+01
1.890902607558626602e+00 -1.121797066408616672e+01
1.871546037642294102e+00 -1.126629149115991879e+01
1.852189467725961602e+00 -1.131461231823367264e+01
1.832832897809629324e+00 -1.136293314530742649e+01
1.813476327893295936e+00 -1.141125397238118211e+01
1.794566312257934726e+00 -1.145973119904437709e+01
1.783569580023075973e+00 -1.151060054538146105e+01
1.772796788000848611e+00 -1.156152721894319768e+01
1.751427473912152699e+00 -1.160379856337979021e+01
1.702029197676649064e+00 -1.162021165062681405e+01
1.652630921441145873e+00 -1.163662473787384144e+01
1.636028105590126458e+00 -1.168490532983089558e+01
1.622283386143984485e+00 -1.173511152282901548e+01
1.608538666697842290e+00 -1.178531771582713006e+01
1.594793947251699873e+00 -1.183552390882524996e+01
1.574255559692231854e+00 -1.188316065610193206e+01
1.550931508879758614e+00 -1.192969631749956250e+01
1.527607458067285817e+00 -1.197623197889719115e+01
1.504283407254812577e+00 -1.202276764029481981e+01
1.495028942852663967e+00 -1.203982118340595164e+01
1.485101909067344295e+00 -1.204249614200074703e+01
1.473606474254036236e+00 -1.204160658281402974e+01
1.462111039440726845e+00 -1.204071702362731777e+01
1.450615604627420563e+00 -1.203982746444060226e+01
1.439120169814111394e+00 -1.203893790525388496e+01
1.427624735000803780e+00 -1.203804834606717478e+01
1.416129300187494833e+00 -1.203715878688046104e+01
1.404633865374186774e+00 -1.203626922769374374e+01
1.393138430560878049e+00 -1.203537966850703000e+01
1.381642995747569991e+00 -1.203449010932031626e+01
1.370147560934261266e+00 -1.203360055013360252e+01
1.358652126120952097e+00 -1.203271099094688878e+01
1.347156691307644039e+00 -1.203182143176017505e+01
1.335661256494335758e+00 -1.203093187257346131e+01
1.324165821681027921e+00 -1.203004231338674757e+01
1.312670386867719419e+00 -1.202915275420003027e+01
1.301174952054410250e+00 -1.202826319501332009e+01
1.289679517241102635e+00 -1.202737363582660279e+01
1.223222694264744392e+00 -1.213500862323768104e+01
1.164095175277252370e+00 -1.226292599492060909e+01
1.087563866180231376e+00 -1.238151547165109889e+01
1.039518469507907161e+00 -1.251408954359059855e+01
9.724128323021020703e-01 -1.261614691338547800e+01
8.322235307484681099e-01 -1.260074160144685784e+01
7.636616342963205017e-01 -1.272392962306065378e+01
6.952748647269475502e-01 -1.284739522560314562e+01
6.363343361257587372e-01 -1.297548582787391602e+01
5.663882673354745378e-01 -1.300780642328424186e+01
4.900792426074699337e-01 -1.308651330650602063e+01
4.162693956926796779e-01 -1.320681547507222042e+01
3.424595487778909209e-01 -1.332711764363841844e+01
2.760253631491911830e-01 -1.345122926135105423e+01
2.213722233469825884e-01 -1.358135819577024961e+01
1.667190835447752151e-01 -1.371148713018944676e+01
1.120659437425671201e-01 -1.384161606460864746e+01
5.591039878396484447e-02 -1.397109950860287952e+01
8.592491264375722981e-04 -1.408490910884190583e+01
-2.435136417785345453e-02 -1.395014588175990689e+01
-4.863924996924243876e-02 -1.382031509070613140e+01
-5.801201717879491543e-02 -1.368908593637613791e+01
-5.765147233283030720e-02 -1.355700336481850243e+01
-5.729092748686594183e-02 -1.342492079326086341e+01
-7.828382549940360313e-02 -1.329695034452118030e+01
-1.289672003184226812e-01 -1.317497849851228331e+01
-1.796505751374419813e-01 -1.305300665250338632e+01
-2.374354871774433384e-01 -1.295088173129379605e+01
-3.110710879385933936e-01 -1.294556862159953248e+01
-3.456018907330324352e-01 -1.281807917356466042e+01
-3.801326935274714769e-01 -1.269058972552979014e+01
-4.391970921201476252e-01 -1.257268641631487682e+01
-5.428794810933925685e-01 -1.252636594839595752e+01
-6.151969316748338024e-01 -1.244280082837709145e+01
-6.568441972887321123e-01 -1.231745554139449261e+01
-6.984914629026292010e-01 -1.219211025441189555e+01
-7.401387285165257346e-01 -1.206676496742930027e+01
-7.817859941304227123e-01 -1.194141968044670676e+01
-7.882945068892248663e-01 -1.192215938334583925e+01
-7.957143914454739564e-01 -1.191993694528969705e+01
-8.056028695563047792e-01 -1.192227448102741860e+01
-8.154913476671349359e-01 -1.192461201676514015e+01
-8.253798257779656478e-01 -1.192694955250285993e+01
-8.352683038887978029e-01 -1.192928708824058326e+01
-8.451567819996288478e-01 -1.193162462397830303e+01
-8.550452601104591155e-01 -1.193396215971602814e+01
-8.649337382212908265e-01 -1.193629969545374792e+01
-8.748222163321209832e-01 -1.193863723119147124e+01
-8.847106944429503628e-01 -1.194097476692919457e+01
-8.945991725537819628e-01 -1.194331230266691435e+01
-9.044876506646142289e-01 -1.194564983840463768e+01
-9.143761287754436085e-01 -1.194798737414235923e+01
-9.242646068862756525e-01 -1.195032490988008078e+01
-9.341530849971068085e-01 -1.195266244561780056e+01
-9.440415631079375203e-01 -1.195499998135552744e+01
-9.539300412187687872e-01 -1.195733751709324721e+01
-9.638185193295989439e-01 -1.195967505283097054e+01
-1.005895475345465195e+00 -1.194629757945920190e+01
-1.029545241164123714e+00 -1.189661026891493378e+01
-1.053195006982779569e+00 -1.184692295837066212e+01
-1.076844772801435868e+00 -1.179723564782639045e+01
-1.100494538620091944e+00 -1.174754833728211878e+01
-1.124144304438748243e+00 -1.169786102673785066e+01
-1.136163253377518334e+00 -1.164529205733612827e+01
-1.137884312903473694e+00 -1.159029043730082087e+01
-1.161110575644334508e+00 -1.154948348166688454e+01
-1.211359502200290983e+00 -1.152705168208739650e+01
-1.251761027358933909e+00 -1.149349446008978504e+01
-1.278143128461448841e+00 -1.144520238005778978e+01
-1.304525229563964439e+00 -1.139691030002579097e+01
-1.330907330666477595e+00 -1.134861821999379394e+01
-1.357289431768992305e+00 -1.130032613996179691e+01
-1.383671532871507237e+00 -1.125203405992979810e+01
-1.403900963068198005e+00 -1.120134748062859842e+01
-1.416270602651556576e+00 -1.114772722075438693e+01
-1.437846348684486353e+00 -1.110541599016421266e+01
-1.451218899849929800e+00 -1.110368297262193238e+01
-1.459658824505350339e+00 -1.110975657542819661e+01
-1.470953711646875162e+00 -1.111200420752129148e+01
-1.482248598788397986e+00 -1.111425183961438279e+01
-1.493543485929921921e+00 -1.111649947170748298e+01
-1.504838373071445634e+00 -1.111874710380057607e+01
-1.516133260212971123e+00 -1.112099473589367093e+01
-1.527428147354493948e+00 -1.112324236798676580e+01
-1.538723034496018549e+00 -1.112549000007985889e+01
-1.550017921637542040e+00 -1.112773763217295553e+01
-1.561312808779067307e+00 -1.112998526426605395e+01
-1.572607695920589910e+00 -1.113223289635914526e+01
-1.583902583062114955e+00 -1.113448052845224368e+01
-1.595197470203638446e+00 -1.113672816054533854e+01
-1.606492357345161048e+00 -1.113897579263843340e+01
-1.617787244486686316e+00 -1.114122342473153182e+01
-1.629082131628210695e+00 -1.114347105682462313e+01
-1.640377018769733519e+00 -1.114571868891771800e+01
-1.651171858957416694e+00 -1.114393078775261969e+01
-1.681892195507388221e+00 -1.108249641634749416e+01
-1.709630114408238422e+00 -1.102702626845415779e+01
-1.737368033309087512e+00 -1.097155612056081964e+01
-1.765105952209937046e+00 -1.091608597266747793e+01
-1.792843871110785692e+00 -1.086061582477413978e+01
-1.804549804470207297e+00 -1.080009194048643550e+01
-1.813522854494493464e+00 -1.073872571341061999e+01
-1.815298387528638369e+00 -1.067716279054745243e+01
-1.853188796111798764e+00 -1.064399397855492779e+01
-1.913006482610916326e+00 -1.062761796456640262e+01
-1.972824169110033221e+00 -1.061124195057787922e+01
-2.018740563490948769e+00 -1.057796047759209657e+01
-2.042538627685635433e+00 -1.052068935404065719e+01
-2.066336691880321652e+00 -1.046341823048921427e+01
-2.092180179237341342e+00 -1.040713721471071906e+01
-2.122898080455667635e+00 -1.035326013241220977e+01
-2.153615981673994817e+00 -1.029938305011370225e+01
-2.196313941899315836e+00 -1.025630167608369447e+01
-2.247138914788084030e+00 -1.022076083221195830e+01
-2.264860587884799603e+00 -1.020836843570139862e+01
-2.280358834930608758e+00 -1.020925801696252755e+01
-2.295763289286234965e+00 -1.021483651846001806e+01
-2.311167743641862504e+00 -1.022041501995750679e+01
-2.326572197997488267e+00 -1.022599352145499374e+01
-2.341976652353116251e+00 -1.023157202295248247e+01
-2.357381106708742458e+00 -1.023715052444997120e+01
-2.372785561064370441e+00 -1.024272902594745993e+01
-2.388190015419996204e+00 -1.024830752744494688e+01
-2.403594469775622411e+00 -1.025388602894243562e+01
-2.418998924131250838e+00 -1.025946453043992435e+01
-2.434403843289672853e+00 -1.026504174806081338e+01
-2.449856201924752508e+00 -1.027048606093286764e+01
-2.465310881577312152e+00 -1.027592387021500286e+01
-2.480765561229870020e+00 -1.028136167949713453e+01
-2.496220240882427888e+00 -1.028679948877926975e+01
-2.511674920534985755e+00 -1.029223729806140497e+01
-2.527129600187545400e+00 -1.029767510734353841e+01
-2.542584279840103711e+00 -1.030311291662567541e+01
-2.685363569382122062e+00 -1.007345838854266340e+01
-2.774618207627824962e+00 -9.829892131768804830e+00
-2.886175983153359770e+00 -9.608229362165591425e+00
-2.925677858257223818e+00 -9.332210432549786105e+00
-3.046903517975798614e+00 -9.163083979943078106e+00
-3.004057286876898658e+00 -8.887186737122947378e+00
-3.043527538932982335e+00 -8.633628092966468159e+00
-3.012825207572615405e+00 -8.369310252894699431e+00
-3.025116292164772513e+00 -8.141231322708234686e+00
-2.879981058581269515e+00 -7.902833034498380371e+00
-2.755403867592522982e+00 -7.652961844481435350e+00
-2.630826676603774672e+00 -7.403090654464490328e+00
-2.512991102483424832e+00 -7.150231405114578109e+00
-2.411948484134716519e+00 -6.889951791252157065e+00
-2.351232818075759567e+00 -6.620336301628402254e+00
-2.352745180791007140e+00 -6.345664102146837848e+00
-2.457969718783370006e+00 -6.087046846884490492e+00
-2.560629419395974438e+00 -5.827422899397729061e+00
-2.711416725982126685e+00 -5.598285932021530797e+00
-3.066491146845940374e+00 -5.582744542675456501e+00
-3.371831329872730709e+00 -5.753637064119978994e+00
-3.673184272680473317e+00 -5.939498352476729082e+00
-3.929473834603789406e+00 -6.183415571487205220e+00
-4.155433313731210276e+00 -6.453111545323864995e+00
-4.381681283350051359e+00 -6.718471976488582520e+00
-4.668013301218477018e+00 -6.926731406507750322e+00
-4.924560348130954779e+00 -7.169209053753073491e+00
-5.205004892166738450e+00 -7.160489531985447798e+00
-5.522858641181595196e+00 -7.313007842018270921e+00
-5.822381479161482964e+00 -7.495663250552604850e+00
-6.078516996858263077e+00 -7.580570927901657541e+00
-6.377709443996168126e+00 -7.599769027929816012e+00
-6.705087813127547314e+00 -7.734557902437388499e+00
-6.967645113494526754e+00 -7.665718978620924773e+00
-7.311877957860502875e+00 -7.748144639035865922e+00
-7.662560980798711618e+00 -7.796579128680052762e+00
-8.013653250515389459e+00 -7.828180141467059983e+00
-8.355835353516980035e+00 -7.744406443664978212e+00
-8.264155463750126884e+00 -7.681059891542494356e+00
-8.131848632500696894e+00 -7.620150168126480494e+00
-8.022197342696452793e+00 -7.524531261268672111e+00
-7.913309377277705892e+00 -7.427791905322677302e+00
-7.804688312397672689e+00 -7.330807429825394905e+00
-7.739795584932602779e+00 -7.200523692237571716e+00
-7.675891171698570936e+00 -7.069637031453920528e+00
-7.730482621863453474e+00 -6.947529709346936144e+00
-7.653903995854861364e+00 -6.824630418966706635e+00
-7.570422598243172985e+00 -6.706159399487413353e+00
-7.451984805953919100e+00 -6.621379794867388924e+00
-7.347648514711612400e+00 -6.568319888438317378e+00
-7.489671144373131639e+00 -6.535998615785343802e+00
-7.595262990893892230e+00 -6.449244842963777202e+00
-7.523878941012103638e+00 -6.322282606750192713e+00
-7.433616257994910548e+00 -6.209475261321534489e+00
-7.334014840423291659e+00 -6.103255813017411491e+00
-7.421893782629742198e+00 -6.057856741227536368e+00
-7.357696806310310755e+00 -5.928117885863610326e+00
-7.355700018839257837e+00 -5.906753657257269197e+00
-7.370196598567704704e+00 -5.901853341107348605e+00
-7.384693178296151572e+00 -5.896953024957424461e+00
-7.399189758024598440e+00 -5.892052708807503869e+00
-7.413686337753045308e+00 -5.887152392657581501e+00
-7.428182917481492176e+00 -5.882252076507661798e+00
-7.442679497209938155e+00 -5.877351760357741206e+00
-7.457176076938384135e+00 -5.872451444207821503e+00
-7.471672656666831003e+00 -5.867551128057896470e+00
-7.486169236395276982e+00 -5.862650811907975879e+00
-7.497486595228580519e+00 -5.852453691846116079e+00
-7.507938829658642454e+00 -5.841277166553727085e+00
-7.518391064088701725e+00 -5.830100641261334538e+00
-7.528843298518765437e+00 -5.818924115968945543e+00
-7.539295532948825596e+00 -5.807747590676556548e+00
-7.549747767378887531e+00 -5.796571065384167554e+00
-7.560200001808947690e+00 -5.785394540091775895e+00
-7.570652236239008737e+00 -5.774218014799386012e+00
-7.574289243023805795e+00 -5.761273449829319659e+00
-7.553801784618832116e+00 -5.716110658280775247e+00
-7.534465396495804157e+00 -5.673485299447098562e+00
-7.515129008372777975e+00 -5.630859940613425429e+00
-7.495792620249750016e+00 -5.588234581779751409e+00
-7.473812857034752177e+00 -5.546962964492486492e+00
-7.450238856008312816e+00 -5.506526797550632679e+00
-7.426664854981872566e+00 -5.466090630608782419e+00
-7.396820053512739968e+00 -5.430175401584286021e+00
-7.398998205791668781e+00 -5.390645337167168982e+00
-7.422181297991214954e+00 -5.349983790745380219e+00
-7.445364390190763793e+00 -5.309322244323594120e+00
-7.464396243150045684e+00 -5.268525029702392892e+00
-7.432963392913261025e+00 -5.233986766940470936e+00
-7.400917759729325418e+00 -5.199870868664376644e+00
-7.368872126545391588e+00 -5.165754970388287681e+00
-7.328575675140202250e+00 -5.145261347047729750e+00
-7.283109739270337890e+00 -5.134140834612542115e+00
-7.272058308302527863e+00 -5.096651410925413295e+00
-7.273192719028160447e+00 -5.049858994513675370e+00
-7.276983062535374636e+00 -5.041632983145344582e+00
-7.293847826340041252e+00 -5.039759318831021240e+00
-7.310652564144394461e+00 -5.037217651961944043e+00
-7.327457301948747670e+00 -5.034675985092870398e+00
-7.344262039753101767e+00 -5.032134318223793201e+00
-7.361066777557451424e+00 -5.029592651354717781e+00
-7.377871515361805521e+00 -5.027050984485640583e+00
-7.394676253166158730e+00 -5.024509317616567827e+00
-7.411465733037394088e+00 -5.021912776145320834e+00
-7.424185092604965952e+00 -5.011500263220947993e+00
-7.434606577077095046e+00 -4.998074469220458838e+00
-7.445028061549226805e+00 -4.984648675219971459e+00
-7.455449546021356788e+00 -4.971222881219482304e+00
-7.465871030493486771e+00 -4.957797087218992260e+00
-7.476292514965614977e+00 -4.944371293218503105e+00
-7.486713999437745848e+00 -4.930945499218013062e+00
-7.498557473687268882e+00 -4.919045250024286275e+00
-7.513660653798091893e+00 -4.911273432361176638e+00
-7.528854864207828790e+00 -4.903657970906275310e+00
-7.500020051490680295e+00 -4.829725517956640068e+00
-7.468574323883053978e+00 -4.761585760486957142e+00
-7.436820798608474448e+00 -4.693590723108759022e+00
-7.407810640503440069e+00 -4.625209652095422008e+00
-7.441088326262542019e+00 -4.557945575774409619e+00
-7.425273371281487123e+00 -4.491752795374888585e+00
-7.381566620439229176e+00 -4.432269039380486220e+00
-7.343835364875328509e+00 -4.383039936300666461e+00
-7.395707536943071148e+00 -4.328807675627017737e+00
-7.450118529059223782e+00 -4.277525939687469858e+00
-7.497109931739666777e+00 -4.229422109399020080e+00
-7.471098209965080450e+00 -4.159028568053791730e+00
-7.445086488190501228e+00 -4.088635026708566933e+00
-7.408662651806674049e+00 -4.023686460911274132e+00
-7.364941032464548343e+00 -3.962692360090760424e+00
-7.321219413122426189e+00 -3.901698259270249824e+00
-7.276970594739340825e+00 -3.841091637017818972e+00
-7.234779042889716294e+00 -3.779574928676299184e+00
-7.214963275370322116e+00 -3.707192640163034625e+00
-7.212027165396041717e+00 -3.691396915876874907e+00
-7.229653133955217470e+00 -3.690910968129307523e+00
-7.247594857392030576e+00 -3.682631065632492984e+00
-7.265536580828849011e+00 -3.674351163135681553e+00
-7.283478304265666559e+00 -3.666071260638870566e+00
-7.301420027702481441e+00 -3.657791358142055582e+00
-7.319361751139297212e+00 -3.649511455645241043e+00
-7.337303474576114759e+00 -3.641231553148425615e+00
-7.354447675528945183e+00 -3.631901509578915999e+00
-7.366906106132995902e+00 -3.616565735054237507e+00
-7.379250786462296041e+00 -3.601136182474612202e+00
-7.391595466791595292e+00 -3.585706629894991337e+00
-7.403940147120898985e+00 -3.570277077315368697e+00
-7.416284827450199124e+00 -3.554847524735747832e+00
-7.429556516115590981e+00 -3.540293807172235407e+00
-7.444843302995499457e+00 -3.527773335250021791e+00
-7.460140381777065954e+00 -3.515264873874201168e+00
-7.475437460558632452e+00 -3.502756412498376548e+00
-7.486395417121853413e+00 -3.488242008867012078e+00
-7.405223573539188919e+00 -3.407226841137133810e+00
-7.360010219438411383e+00 -3.312194074291038071e+00
-7.320781831843364174e+00 -3.213369852347855549e+00
-7.247051260612674461e+00 -3.142730193539676975e+00
-7.205165627815677709e+00 -3.067790509047955361e+00
-7.240129101662900801e+00 -2.967378115726624799e+00
-7.192633632288186973e+00 -2.877908261447384319e+00
-7.103756759370464025e+00 -2.820499546703783000e+00
-7.012769771007455688e+00 -2.765486264811023887e+00
-6.936409421542623299e+00 -2.715429854229437723e+00
-6.974641012134958906e+00 -2.616215748796979490e+00
-6.975506007828355060e+00 -2.527826745408422227e+00
-6.886034353168999367e+00 -2.470381847910912310e+00
-6.796746994912150619e+00 -2.412655531072554371e+00
-6.708469159200428855e+00 -2.353392414735009375e+00
-6.620191323488707091e+00 -2.294129298397464378e+00
-6.535511423671648501e+00 -2.229882435366523197e+00
-6.451520203797763031e+00 -2.164686053411084110e+00
-6.414951164010310514e+00 -2.067620512383069098e+00
-6.493461822115798476e+00 -2.027908987423157505e+00
-6.595909520053286457e+00 -1.991536027804714504e+00
-6.698124551029685847e+00 -1.954516930103582073e+00
-6.800233205027596206e+00 -1.917202780202637680e+00
-6.902341859025510118e+00 -1.879888630301691954e+00
-7.009646221571752100e+00 -1.864514552142074066e+00
-7.117675424563786102e+00 -1.852340222386391844e+00
-7.197262713591824124e+00 -1.806776086459961572e+00
-7.223649822440910917e+00 -1.701314038828210862e+00
-7.244992332655640688e+00 -1.608111761343465673e+00
-7.348362983116477842e+00 -1.574451226181375674e+00
-7.445651862569344637e+00 -1.527409406968668115e+00
-7.499176069642671472e+00 -1.446439109026318892e+00
-7.545915602232587283e+00 -1.360486023481911833e+00
-7.636312015071199610e+00 -1.300095531266602045e+00
-7.726495181711252158e+00 -1.239402452916698039e+00
-7.807482957528390166e+00 -1.166884396245774447e+00
-7.887286152452367638e+00 -1.093188638138774316e+00
-7.957157370957141929e+00 -1.009902770017268914e+00
-7.901044963086885531e+00 -9.515264077642973106e-01
-7.832600454852456373e+00 -9.012083581779601893e-01
-7.764155946618028992e+00 -8.508903085916190712e-01
-7.703533752841130067e+00 -7.914807416655955663e-01
-7.654395911103394567e+00 -7.301069822022312472e-01
-7.671238104038330619e+00 -6.781300084522734473e-01
-7.599180549585785371e+00 -6.331381684371701901e-01
-7.531996995204835343e+00 -5.815561022164961180e-01
-7.589838217517264063e+00 -5.299779968689661835e-01
-7.602451949867480963e+00 -4.526887090624787113e-01
-7.584485518850547336e+00 -3.715831493879324654e-01
-7.542098548563344274e+00 -2.979631685980819178e-01
-7.499579568019613340e+00 -2.244343266564383654e-01
-7.441383725811739680e+00 -1.625741156581455016e-01
-7.425763566692317852e+00 -9.011421546266618066e-02
-7.434461131991170646e+00 -1.079985477410971839e-02
-7.387270913875166656e+00 5.983753005708347672e-02
-7.340080695759165330e+00 1.304749148882775600e-01
-7.309099771686176972e+00 2.056492046283917574e-01
-7.306558881725969457e+00 2.222175699899828771e-01
-7.318774705745893172e+00 2.226183723740389198e-01
-7.325776614298009193e+00 2.348992375486416151e-01
-7.332778522850128766e+00 2.471801027232469750e-01
-7.339780431402244787e+00 2.594609678978487821e-01
-7.346782339954362584e+00 2.717418330724497011e-01
-7.353784248506479493e+00 2.840226982470559491e-01
-7.360786157058599954e+00 2.963035634216577563e-01
-7.367788065610714199e+00 3.085844285962595634e-01
-7.374512802301544490e+00 3.210008923873921560e-01
-7.378571448617281980e+00 3.344943489701046602e-01
-7.381749180034368862e+00 3.482692680569776655e-01
-7.384926911451453968e+00 3.620441871438453418e-01
-7.388104642868538185e+00 3.758191062307183472e-01
-7.391282374285625956e+00 3.895940253175913526e-01
-7.394460105702709285e+00 4.033689444044643579e-01
-7.397637837119796167e+00 4.171438634913329224e-01
-7.400815568536883049e+00 4.309187825782068160e-01
-7.403453518151136059e+00 4.447981084966015075e-01
-7.336335505472574070e+00 4.759901246221414084e-01
-7.277953867673823574e+00 5.031284871950063575e-01
-7.226697041174581670e+00 5.419526277064612430e-01
-7.176116753650912727e+00 5.817844124992603838e-01
-7.125536466127243784e+00 6.216161972920586365e-01
-7.072758757478774250e+00 6.571848951172869491e-01
-7.009615647074737943e+00 6.697500920620385045e-01
-6.946306616688417535e+00 6.808767725356439371e-01
-6.884446605777933215e+00 6.829104007402957421e-01
-6.889912146765017731e+00 7.468756173333268578e-01
-6.896336706443662479e+00 8.109354456088713192e-01
-6.902761266122304562e+00 8.749952738844157807e-01
-6.887269166038823442e+00 9.310475155615280940e-01
-6.838679676930523144e+00 9.732849173986553026e-01
-6.790090187822222845e+00 1.015522319235785176e+00
-6.733253096768873291e+00 1.041341262179810379e+00
-6.670109986364834320e+00 1.053906459124561046e+00
-6.612707164198156740e+00 1.079479998706967869e+00
-6.561456625672526854e+00 1.118424843190510387e+00
-6.572161456349479458e+00 1.132215666548092692e+00
-6.585668396856994455e+00 1.149616393029593731e+00
-6.599175337364510341e+00 1.167017119511101875e+00
-6.612682277872025338e+00 1.184417845992603802e+00
-6.626189218379539447e+00 1.201818572474111058e+00
-6.639696158887060662e+00 1.219219298955613873e+00
-6.653203099394578324e+00 1.236620025437119352e+00
-6.664713848778841765e+00 1.255006427645666278e+00
-6.662678178233564452e+00 1.276939935559104455e+00
-6.660642507688286251e+00 1.298873443472540856e+00
-6.658606837143004498e+00 1.320806951385977257e+00
-6.656571166597728073e+00 1.342740459299410993e+00
-6.654535496052446319e+00 1.364673967212847394e+00
-6.652499825507171671e+00 1.386607475126283795e+00
-6.649529519031209368e+00 1.408420295768575414e+00
-6.645660510374430174e+00 1.430105624817761267e+00
-6.641791501717656310e+00 1.451790953866948009e+00
-6.637922493060878892e+00 1.473476282916132973e+00
-6.629334816204405456e+00 1.492254929385131490e+00
-6.534713138181619030e+00 1.538636641299034657e+00
-6.442431843921105461e+00 1.582163836109669042e+00
-6.347856911993320139e+00 1.620556906712164569e+00
-6.250005003881296872e+00 1.639577891285605382e+00
-6.166936477880057943e+00 1.660218474915809317e+00
-6.141462728506615676e+00 1.758868590345532112e+00
-6.153545278691446185e+00 1.842456221188284893e+00
-6.056681291945455570e+00 1.874640280769169998e+00
-5.954740684947913643e+00 1.871409396785232992e+00
-5.852714110166267858e+00 1.868485753756354839e+00
-5.802441834090648953e+00 1.920084292733323927e+00
-5.801431926106229930e+00 2.022150083796229403e+00
-5.773523569745321993e+00 2.118212003990360692e+00
-5.682902670989178340e+00 2.165183254006321611e+00
-5.585361871990297544e+00 2.186373616896042371e+00
-5.483349047042929136e+00 2.189812972313987416e+00
-5.381338244378738089e+00 2.193307011327007672e+00
-5.279352545435921584e+00 2.197473884324672611e+00
-5.193006309541269516e+00 2.217743570554470800e+00
-5.191813562479151045e+00 2.247236901703296041e+00
-5.190784033129495434e+00 2.272694310906975268e+00
-5.189754503779838934e+00 2.298151720110650054e+00
-5.188724974430181547e+00 2.323609129314328392e+00
-5.187695445080525936e+00 2.349066538518008507e+00
-5.186665915730869436e+00 2.374523947721683292e+00
-5.185636386381212937e+00 2.399981356925361631e+00
-5.184472762809376079e+00 2.425431316053441755e+00
-5.181109305358745587e+00 2.450678262934302687e+00
-5.177481777753382808e+00 2.475896919867566659e+00
-5.173854250148022693e+00 2.501115576800828855e+00
-5.170226722542661690e+00 2.526334233734093715e+00
-5.166599194937298023e+00 2.551552890667355911e+00
-5.166497910167635155e+00 2.576917446461674643e+00
-5.168827250124976125e+00 2.602288961777246001e+00
-5.171156590082315319e+00 2.627660477092821800e+00
-5.173485930039657177e+00 2.653031992408396711e+00
-5.175815269996999035e+00 2.678403507723973398e+00
-5.178144609954340005e+00 2.703775023039545644e+00
-4.826737544294402937e+00 2.722735079180735873e+00
-4.492258088113265657e+00 2.765952756207521901e+00
-4.248635750817858714e+00 2.910596839118770873e+00
-3.917558364395858916e+00 2.900566297318230014e+00
-3.655309055694796250e+00 2.993581659831956010e+00
-3.341129868702958028e+00 2.832827859282621041e+00
-3.025869980484128252e+00 2.818954775189697060e+00
-2.781092318386608309e+00 2.668471635692891475e+00
-2.588794331631061318e+00 2.372147621913508253e+00
-2.398210239739038130e+00 2.074624122474789445e+00
-2.207907585130134187e+00 1.776920052973639308e+00
-2.015826635609131667e+00 1.480537100601182487e+00
-1.783190926030222556e+00 1.214598310693700611e+00
-1.550555216451314111e+00 9.486595207862240642e-01
-1.248108727859446931e+00 7.689061287024623326e-01
-9.109753197172556494e-01 6.790896166142355028e-01
-5.844926318255392328e-01 5.673605836098758459e-01
-3.237779323257358732e-01 3.365391501621699533e-01
-2.094881267378538858e-01 1.947329433650057950e-02
