1.236344738064459881e-01 1.802974612537600052e-02
3.149826066958593129e-01 1.499421959971591889e-01
5.542509452324054786e-01 2.228397502828394217e-01
7.915429053887640398e-01 3.019938022002977007e-01
1.027095140439236109e+00 3.860402914505147720e-01
1.255840753394654952e+00 4.835964261514544837e-01
1.449097288830609731e+00 6.424194402303005091e-01
1.632535518588430268e+00 8.117217349491610001e-01
1.792666660329228723e+00 1.002697590854219722e+00
1.925983685819224966e+00 1.214356299638672088e+00
2.065512082942579930e+00 1.421964221353135382e+00
2.205451619432646559e+00 1.629303953234771729e+00
2.374590170893180918e+00 1.811959615028678083e+00
2.590129916739507099e+00 1.916146528420035633e+00
2.588675730575205947e+00 1.741641743022024347e+00
2.811686269551221251e+00 1.747557372956202837e+00
3.061720603758600223e+00 1.755018606585170726e+00
3.310908786993764341e+00 1.736162286083155148e+00
3.540758820196725054e+00 1.641347783082515388e+00
3.734155150928235578e+00 1.514433075463296863e+00
3.716451434657950692e+00 1.505543704173030850e+00
3.698747718387665806e+00 1.496654332882765726e+00
3.681044002117380476e+00 1.487764961592499713e+00
3.665425987384256068e+00 1.476343288250385744e+00
3.654203411686656633e+00 1.460018574273517888e+00
3.642980835989062083e+00 1.443693860296642040e+00
3.631758260291466645e+00 1.427369146319775073e+00
3.620535684593869430e+00 1.411044432342897448e+00
3.609313108896273548e+00 1.394719718366030481e+00
3.598090533198675445e+00 1.378395004389153744e+00
3.586867957501080451e+00 1.362070290412285889e+00
3.575645381803485900e+00 1.345745576435410040e+00
3.563791108210173419e+00 1.329935963330499238e+00
3.550021955163268572e+00 1.315693319050529109e+00
3.536252802116369054e+00 1.301450674770551874e+00
3.522483649069469092e+00 1.287208030490573751e+00
3.508714496022565132e+00 1.272965386210594740e+00
3.494945342975665170e+00 1.258722741930618394e+00
3.527889798545900124e+00 1.249510283019690693e+00
3.584649365299866108e+00 1.252795470040152015e+00
3.640879779675504135e+00 1.251170754283479791e+00
3.695229568111301433e+00 1.234481195606222936e+00
3.749579356547100062e+00 1.217791636928965193e+00
3.803929144982895583e+00 1.201102078251715000e+00
3.858278933418693768e+00 1.184412519574457701e+00
3.912628721854496394e+00 1.167722960897199957e+00
3.966978510290289250e+00 1.151033402219942214e+00
4.021328298726090544e+00 1.134343843542692465e+00
4.075198213877791353e+00 1.116473898116740138e+00
4.125075844927001079e+00 1.089185387846359987e+00
4.174953475976210804e+00 1.061896877575973619e+00
4.224831107025417865e+00 1.034608367305602350e+00
4.274708738074626702e+00 1.007319857035223087e+00
4.324586369123832874e+00 9.800313467648438248e-01
4.373975216116023468e+00 9.518884874500668225e-01
4.422765414447598964e+00 9.227001778275010224e-01
4.469274812571674360e+00 8.924473927006895124e-01
4.448013806760995337e+00 8.785112292406833667e-01
4.431609656211865200e+00 8.677586371238841245e-01
4.415205505662736840e+00 8.570060450070764446e-01
4.398801355113604927e+00 8.462534528902847519e-01
4.387821976357064280e+00 8.309608614962105122e-01
4.380723187208285019e+00 8.126763985538656421e-01
4.373624398059512863e+00 7.943919356115163311e-01
4.366525608910739820e+00 7.761074726691723491e-01
4.359426819761968552e+00 7.578230097268230381e-01
4.352328030613192844e+00 7.395385467844790561e-01
4.345229241464418024e+00 7.212540838421355183e-01
4.338130452315647645e+00 7.029696208997857632e-01
4.328742566942256786e+00 6.861597340168703596e-01
4.314023932572432329e+00 6.731953136767181434e-01
4.299305298202603431e+00 6.602308933365699239e-01
4.284586663832773645e+00 6.472664729964177077e-01
4.269868029462945636e+00 6.343020526562686001e-01
4.255149395093118514e+00 6.213376323161168280e-01
4.240430760723293169e+00 6.083732119759646118e-01
4.264345705873689774e+00 5.941912155108108884e-01
4.299745365811696196e+00 5.860349340333770307e-01
4.335145025749697290e+00 5.778786525559431730e-01
4.366571066727455985e+00 5.622155891556666063e-01
4.392556838206088443e+00 5.368305437169498262e-01
4.418542609684721789e+00 5.114454982782330461e-01
4.444528381163351582e+00 4.860604528395109369e-01
4.470514152641984040e+00 4.606754074007946009e-01
4.496499924120616498e+00 4.352903619620769327e-01
4.522616358180018281e+00 4.100433992755170287e-01
4.549555296272328242e+00 3.856722182264946674e-01
4.576494234364637315e+00 3.613010371774754148e-01
4.603433172456947275e+00 3.369298561284526095e-01
4.630372110549255460e+00 3.125586750794342450e-01
4.656275361409738522e+00 2.872586149455527149e-01
4.677491034802151226e+00 2.577703790917098559e-01
4.698706708194562154e+00 2.282821432378634441e-01
4.728664150454714665e+00 2.089305613600660472e-01
4.752519107052004088e+00 1.914865072364388965e-01
4.681678662883751230e+00 1.559161783312177363e-01
4.635016113310929775e+00 9.624989037032483097e-02
4.585837642522204050e+00 3.960357417899862398e-02
4.515909794040114278e+00 6.826232866362857976e-03
4.574150789895786495e+00 -1.109620627142771099e-02
4.642352856270044015e+00 -4.284895739258764991e-02
4.702942486133999900e+00 -9.073585382373750008e-02
4.760214199241389998e+00 -1.383177287790164911e-01
4.684784142884750757e+00 -1.548877225899150112e-01
4.724571691061621337e+00 -2.136696398479629444e-01
4.772233585369122011e+00 -2.744364229443227998e-01
4.804538617383435017e+00 -3.433810951865341465e-01
4.827996231640343083e+00 -4.169609730760313049e-01
4.851453845897260031e+00 -4.905408509655266869e-01
4.874911460154171650e+00 -5.641207288550238452e-01
4.889473122943130079e+00 -6.396319796711953387e-01
4.898455311893074260e+00 -7.163364670140306423e-01
4.907437500843016664e+00 -7.930409543568619490e-01
4.907388058933305430e+00 -8.586679079807744142e-01
4.880950769013785440e+00 -8.491050150962078380e-01
4.856122028381482991e+00 -8.401239664392476936e-01
4.831293287749178766e+00 -8.311429177822879932e-01
4.805393030728251524e+00 -8.330463913496717332e-01
4.779379799000670559e+00 -8.375671624622276212e-01
4.753366567273090482e+00 -8.420879335747832872e-01
4.727353335545509516e+00 -8.466087046873391753e-01
4.701340103817929439e+00 -8.511294757998952853e-01
4.675414704699989876e+00 -8.559930903662900104e-01
4.651238537800429285e+00 -8.665886335859116496e-01
4.627124264305408019e+00 -8.773416522398658213e-01
4.603009990810386753e+00 -8.880946708938162182e-01
4.578895717315365488e+00 -8.988476895477663930e-01
4.554781443820346887e+00 -9.096007082017205647e-01
4.529432150948503377e+00 -9.164762769984666768e-01
4.503470555371241524e+00 -9.212847228438132419e-01
4.477508959793982335e+00 -9.260931686891638037e-01
4.451547364216718705e+00 -9.309016145345152538e-01
4.425585768639457740e+00 -9.357100603798618188e-01
4.482704305045825954e+00 -9.959185801149210704e-01
4.543366596201642515e+00 -1.057033877858261972e+00
4.603174035780389417e+00 -1.119003218732409044e+00
4.662902926270930948e+00 -1.181045548631817654e+00
4.714742306287273976e+00 -1.249813241341211967e+00
4.682877032778017146e+00 -1.295496490506211851e+00
4.603066613048582667e+00 -1.327859836304605246e+00
4.523329846798021414e+00 -1.360404838151970219e+00
4.544306116023649977e+00 -1.407707957035140067e+00
4.611873639674867853e+00 -1.461109818285325712e+00
4.647968707980942860e+00 -1.538127284592231359e+00
4.679808613927773031e+00 -1.618148215770506937e+00
4.711648519874602314e+00 -1.698169146948785846e+00
4.743488425821434262e+00 -1.778190078127068974e+00
4.745975568082876350e+00 -1.862200273319187804e+00
4.736501596225789257e+00 -1.947800348638036416e+00
4.729960937364956486e+00 -2.033204500219593314e+00
4.753903691552207711e+00 -2.115932207544713339e+00
4.748087167722049529e+00 -2.185663054140047024e+00
4.727556019051525560e+00 -2.166169202770433788e+00
4.710779404111050894e+00 -2.150240194443470809e+00
4.689251691084743712e+00 -2.153902376278579389e+00
4.667321727240234530e+00 -2.161268840893303178e+00
4.645391763395725349e+00 -2.168635305508027411e+00
4.623461799551216167e+00 -2.176001770122747203e+00
4.601531835706711426e+00 -2.183368234737474545e+00
4.579601871862203133e+00 -2.190734699352197890e+00
4.557671908017693951e+00 -2.198101163966921678e+00
4.534802868604521642e+00 -2.199676880188875749e+00
4.511671689641340244e+00 -2.199307184483404676e+00
4.488540510678155293e+00 -2.198937488777930049e+00
4.465409331714975671e+00 -2.198567793072455423e+00
4.442278152751795162e+00 -2.198198097366984349e+00
4.419345027893272437e+00 -2.196372859271613631e+00
4.397355187916923924e+00 -2.189187105799927480e+00
4.375365347940572747e+00 -2.182001352328237775e+00
4.353375507964224234e+00 -2.174815598856548071e+00
4.331385667987871280e+00 -2.167629845384858811e+00
4.332634000738300628e+00 -2.184716265196578355e+00
4.369101389001458280e+00 -2.222154250510026685e+00
4.405568777264615044e+00 -2.259592235823471462e+00
4.442036165527772695e+00 -2.297030221136915795e+00
4.478503553790928571e+00 -2.334468206450360128e+00
4.511619009649414203e+00 -2.374504238840613457e+00
4.538158671342799266e+00 -2.419527782773386981e+00
4.564698333036183442e+00 -2.464551326706157397e+00
4.591237994729567617e+00 -2.509574870638931365e+00
4.617777656422956234e+00 -2.554598414571700893e+00
4.644317318116336857e+00 -2.599621958504474861e+00
4.670856979809725473e+00 -2.644645502437244833e+00
4.697396641503104320e+00 -2.689669046370019245e+00
4.705178833986276565e+00 -2.739977774368255847e+00
4.705789957172690663e+00 -2.792237698588604378e+00
4.706401080359096767e+00 -2.844497622808954240e+00
4.721682050703780220e+00 -2.893124933983942437e+00
4.742799349054650726e+00 -2.940670290139904886e+00
4.755269488490016627e+00 -2.991424292676926111e+00
4.737380536827095590e+00 -2.984990451644450538e+00
4.720459971710140756e+00 -2.976364871031319304e+00
4.703539406593187699e+00 -2.967739290418191622e+00
4.684861956311115350e+00 -2.969950835648319298e+00
4.666203900669825266e+00 -2.973498105651763090e+00
4.647545845028538736e+00 -2.977045375655202442e+00
4.628887789387248652e+00 -2.980592645658642681e+00
4.610229733745959457e+00 -2.984139915662086029e+00
4.591571678104672039e+00 -2.987687185665525824e+00
4.572711417093362485e+00 -2.989511578550088089e+00
4.553738602828656390e+00 -2.990370929274529299e+00
4.534765788563945854e+00 -2.991230279998970509e+00
4.515792974299235318e+00 -2.992089630723412164e+00
4.496820160034529223e+00 -2.992948981447849377e+00
4.477847345769818688e+00 -2.993808332172291031e+00
4.459071808682511850e+00 -2.992425082130211855e+00
4.440737233314017374e+00 -2.987470335835227253e+00
4.422402657945520232e+00 -2.982515589540246648e+00
4.404068082577024867e+00 -2.977560843245258493e+00
4.396060485391754646e+00 -2.983505649520041381e+00
4.430193570607434239e+00 -3.008151708507640798e+00
4.464326655823112944e+00 -3.032797767495237107e+00
4.492354555072784805e+00 -3.061805064554653288e+00
4.502011943819717921e+00 -3.102783480489770263e+00
4.511669332566648372e+00 -3.143761896424887681e+00
4.521326721313584152e+00 -3.184740312360005099e+00
4.530984110060514602e+00 -3.225718728295122517e+00
4.540613134105813131e+00 -3.266703693828832744e+00
4.548072090806988932e+00 -3.308137742408762350e+00
4.555489363277274606e+00 -3.349580230257137803e+00
4.562906635747560280e+00 -3.391022718105509703e+00
4.570323908217845954e+00 -3.432465205953882048e+00
4.577741180688135181e+00 -3.473907693802249508e+00
4.585158453158420855e+00 -3.515350181650621408e+00
4.590261906438121819e+00 -3.557022629430380611e+00
4.590973450061447636e+00 -3.599117634307833491e+00
4.600445000656741001e+00 -3.638150748723248284e+00
4.627714188217977309e+00 -3.670227019387262590e+00
4.620474350392980156e+00 -3.674514280229953744e+00
4.605635581368148657e+00 -3.675105151950039950e+00
4.590796812343318045e+00 -3.675696023670125712e+00
4.575958043318482105e+00 -3.676286895390212806e+00
4.561119274293652381e+00 -3.676877767110302564e+00
4.546280505268820882e+00 -3.677468638830387881e+00
4.531441736243989382e+00 -3.678059510550470534e+00
4.516676507298495125e+00 -3.679331492043129703e+00
4.502143712537347575e+00 -3.682386990691832729e+00
4.487610917776200026e+00 -3.685442489340536198e+00
4.473078123015051588e+00 -3.688497987989239224e+00
4.458545328253903151e+00 -3.691553486637946691e+00
4.444012533492752048e+00 -3.694608985286650160e+00
4.429469329406282796e+00 -3.697485503979499377e+00
4.414806365762584228e+00 -3.695192853122879484e+00
4.400182362827871785e+00 -3.692608915482873400e+00
4.385558359893159341e+00 -3.690024977842862430e+00
4.370934356958450451e+00 -3.687441040202851461e+00
4.356310354023738007e+00 -3.684857102562841380e+00
4.350727261668724033e+00 -3.717403558154339649e+00
4.363957678801144269e+00 -3.771251923538311512e+00
4.373667495381926784e+00 -3.825399626734538039e+00
4.368270224586213502e+00 -3.880586218040592783e+00
4.362872953790504660e+00 -3.935772809346643086e+00
4.357475682994795818e+00 -3.990959400652697386e+00
4.346676613491577967e+00 -4.045166942667252741e+00
4.332210717623619090e+00 -4.098696637685636190e+00
4.317744821755658435e+00 -4.152226332704016087e+00
4.305231640765851964e+00 -4.206162725209807718e+00
4.297141404974997414e+00 -4.261019251502235150e+00
4.289051169184142864e+00 -4.315875777794667023e+00
4.280960933393282986e+00 -4.370732304087095343e+00
4.269386703122743931e+00 -4.424492789928221370e+00
4.243500333436373673e+00 -4.473529370727499455e+00
4.217613963750003414e+00 -4.522565951526778427e+00
4.192983023076400251e+00 -4.572186044630487167e+00
4.172550970708860163e+00 -4.623734290265749891e+00
4.152118918341320963e+00 -4.675282535901017944e+00
4.125654728498116874e+00 -4.640419457582231288e+00
4.102169014329042795e+00 -4.607776030913459664e+00
4.064533393318905397e+00 -4.594498132783972899e+00
4.026135126051895163e+00 -4.582550532790575559e+00
3.987736858784883154e+00 -4.570602932797180884e+00
3.949338591517873365e+00 -4.558655332803784432e+00
3.910940324250863132e+00 -4.546707732810387981e+00
3.872542056983852454e+00 -4.534760132816991529e+00
3.836247835410826035e+00 -4.517740630290091985e+00
3.800788970259912691e+00 -4.498771155945225253e+00
3.765330105109003345e+00 -4.479801681600361185e+00
3.729871239958093554e+00 -4.460832207255501558e+00
3.694412374807183319e+00 -4.441862732910633937e+00
3.658953509656270420e+00 -4.422893258565775199e+00
3.624794849481560721e+00 -4.401699740171181041e+00
3.590920343630709777e+00 -4.380027409238138603e+00
3.557045837779853947e+00 -4.358355078305097052e+00
3.519026640175659804e+00 -4.345949844799532613e+00
3.480205151035332900e+00 -4.335458703029525296e+00
3.475272827636401107e+00 -4.384311169515615170e+00
3.490649453285441517e+00 -4.452609368909687504e+00
3.500971316952373957e+00 -4.521644957664533671e+00
3.505631219955353650e+00 -4.591497444812995710e+00
3.511031640179005819e+00 -4.661232819701693231e+00
3.501360459057222929e+00 -4.705482304004034333e+00
3.431843745756194775e+00 -4.702350048276432659e+00
3.364889231751491572e+00 -4.722799442184740570e+00
3.297674503440906513e+00 -4.713169450688514672e+00
3.230556500651807550e+00 -4.693263211505137811e+00
3.256057810285636123e+00 -4.748261400827248124e+00
3.272163087651907443e+00 -4.812000070647998839e+00
3.256051821317492934e+00 -4.880128709288019451e+00
3.231361485234669484e+00 -4.945604131367606016e+00
3.206182229623293356e+00 -5.010927096270313186e+00
3.179336208047848444e+00 -5.075538398423148578e+00
3.149388691488558933e+00 -5.138817391056994310e+00
3.121075876108259095e+00 -5.202544864199600383e+00
3.115423642077156163e+00 -5.272324065307675944e+00
3.096359483836006898e+00 -5.267761436746503989e+00
3.072830410225127817e+00 -5.246807022947548305e+00
3.049301336614252289e+00 -5.225852609148589956e+00
3.021300003355725128e+00 -5.215771046256699073e+00
2.989798447132940851e+00 -5.215173787362513913e+00
2.958296890910156574e+00 -5.214576528468333194e+00
2.926795334687368300e+00 -5.213979269574148034e+00
2.895293778464584467e+00 -5.213382010679967316e+00
2.863792222241799301e+00 -5.212784751785783044e+00
2.832841422114068752e+00 -5.207972866475499174e+00
2.802347654443515523e+00 -5.200046019946238829e+00
2.771853886772966735e+00 -5.192119173416977596e+00
2.741360119102413950e+00 -5.184192326887718139e+00
2.710866351431860721e+00 -5.176265480358457793e+00
2.684685104709404246e+00 -5.161595291985258349e+00
2.665660173414801992e+00 -5.136480420855196627e+00
2.646635242120194853e+00 -5.111365549725135793e+00
2.627610310825592155e+00 -5.086250678595074959e+00
2.608585379530989012e+00 -5.061135807465010572e+00
2.593664364417070711e+00 -5.077532412086599223e+00
2.597481356003265685e+00 -5.139954738815477597e+00
2.599070732244359583e+00 -5.202320226213352328e+00
2.591062264121009928e+00 -5.264344259759496047e+00
2.600858722256650601e+00 -5.323710411077739124e+00
2.567430012863209488e+00 -5.334154441751007170e+00
2.506229220817572045e+00 -5.321342082243060823e+00
2.456828134614011727e+00 -5.283066570165058096e+00
2.433424461286302520e+00 -5.292015331021751479e+00
2.440698143742170867e+00 -5.354129820817188801e+00
2.446409800990267502e+00 -5.416032501118666964e+00
2.422406783717585999e+00 -5.473781712895308793e+00
2.398403766444908936e+00 -5.531530924671949734e+00
2.374400749172227432e+00 -5.589280136448593339e+00
2.347545680642809884e+00 -5.645329019625195954e+00
2.306977972008572131e+00 -5.692924999656950646e+00
2.266410263374330381e+00 -5.740520979688710668e+00
2.248233602056148861e+00 -5.796949729364049730e+00
2.245977749513563104e+00 -5.859447948765261316e+00
2.240430466479134353e+00 -5.864668058209796087e+00
2.229589809466703709e+00 -5.849976965991675826e+00
2.218749152454272622e+00 -5.835285873773555565e+00
2.207908495441838426e+00 -5.820594781555440633e+00
2.197067838429407338e+00 -5.805903689337320372e+00
2.186227181416977139e+00 -5.791212597119203664e+00
2.175386524404542055e+00 -5.776521504901083404e+00
2.164217273955235665e+00 -5.762113049905577711e+00
2.147495555831025360e+00 -5.755003026982564940e+00
2.130522417775647881e+00 -5.748275425658499138e+00
2.113549279720270402e+00 -5.741547824334437777e+00
2.096576141664893367e+00 -5.734820223010371976e+00
2.079603003609515888e+00 -5.728092621686308838e+00
2.062629865554138409e+00 -5.721365020362247478e+00
2.046146873882342732e+00 -5.713761381521546667e+00
2.032607510158537245e+00 -5.701512558517809026e+00
2.019068146434730870e+00 -5.689263735514067832e+00
2.005528782710921831e+00 -5.677014912510330191e+00
1.991989418987119453e+00 -5.664766089506588997e+00
1.970807411668769937e+00 -5.682271376675005925e+00
1.956359000992986541e+00 -5.718723428047860935e+00
1.941910590317202701e+00 -5.755175479420715945e+00
1.921053534782268812e+00 -5.787761969581199040e+00
1.895071056635759810e+00 -5.817128948481171236e+00
1.869088578489250363e+00 -5.846495927381142543e+00
1.843106100342737808e+00 -5.875862906281115627e+00
1.817123622196228361e+00 -5.905229885181087823e+00
1.791484303527028032e+00 -5.934861186001604061e+00
1.771715904778477402e+00 -5.968722389125826311e+00
1.751997327203996146e+00 -6.002614664333967731e+00
1.732278749629511783e+00 -6.036506939542112704e+00
1.712560172055034524e+00 -6.070399214750255013e+00
1.692841594480550160e+00 -6.104291489958399097e+00
1.666877779617450983e+00 -6.133118069049960930e+00
1.637588096523384884e+00 -6.159187650646036793e+00
1.608409163412779286e+00 -6.185356019971015584e+00
1.585934976925363227e+00 -6.217487286692596982e+00
1.563469911826897540e+00 -6.249624951051835353e+00
1.555274105957330288e+00 -6.261349557993103332e+00
1.548787962576542387e+00 -6.260848622285644538e+00
1.546038195392248626e+00 -6.247263470762552728e+00
1.543288428207959528e+00 -6.233678319239467136e+00
1.540538661023665989e+00 -6.220093167716377991e+00
1.537788893839376669e+00 -6.206508016193290622e+00
1.535039126655087127e+00 -6.192922864670200589e+00
1.532289359470794032e+00 -6.179337713147114997e+00
1.528020995178077435e+00 -6.166598500103001257e+00
1.517845233694096407e+00 -6.157187321097200794e+00
1.507662076665540640e+00 -6.147784083654442178e+00
1.497478919636988426e+00 -6.138380846211681785e+00
1.487295762608436211e+00 -6.128977608768926721e+00
1.477112605579883775e+00 -6.119574371326166329e+00
1.468036848062139077e+00 -6.109161686929150292e+00
1.459807030895496904e+00 -6.098008764851204688e+00
1.451577213728858506e+00 -6.086855842773259084e+00
1.443347396562216556e+00 -6.075702920695315257e+00
1.435117579395574383e+00 -6.064549998617369653e+00
1.376056255655745186e+00 -6.131659668008605735e+00
1.314170719127804254e+00 -6.197947732176859681e+00
1.244762549027556897e+00 -6.256954105722314807e+00
1.175354378927304655e+00 -6.315960479267765493e+00
1.122402806200318182e+00 -6.389014807757094516e+00
1.075390339480925217e+00 -6.467047327699797066e+00
1.028377872761532252e+00 -6.545079847642504056e+00
9.827959130518039155e-01 -6.623810744599108347e+00
9.512488572927855213e-01 -6.709274359480458472e+00
9.197018015337716790e-01 -6.794737974361812149e+00
8.881547457747530627e-01 -6.880201589243162275e+00
8.566076900157355567e-01 -6.965665204124517729e+00
8.250606342567209373e-01 -7.051128819005867854e+00
7.935135784976986573e-01 -7.136592433887216202e+00
7.603306207522324556e-01 -7.221428045892402281e+00
7.265521772132486067e-01 -7.306034564244916041e+00
6.896300240322955633e-01 -7.389015395715682999e+00
6.398446236353056982e-01 -7.465308646419543948e+00
5.779507735949662717e-01 -7.531548089334823004e+00
5.737198380269546982e-01 -7.483970384858874780e+00
5.840445877637602257e-01 -7.407308070785596499e+00
5.943693375005734136e-01 -7.330645756712319994e+00
6.046940872373829379e-01 -7.253983442639043488e+00
6.150188369741925731e-01 -7.177321128565770536e+00
6.205440453660669986e-01 -7.100176315416140582e+00
6.256147032249700368e-01 -7.022988238065584810e+00
6.306853610838774049e-01 -6.945800160715030813e+00
6.357560189427841069e-01 -6.868612083364475041e+00
6.312036151436215548e-01 -6.791667258883775204e+00
6.222067901637280407e-01 -6.714837785395546987e+00
6.132099651838341936e-01 -6.638008311907318770e+00
6.042131402039403465e-01 -6.561178838419088777e+00
5.925438707487371559e-01 -6.484892924883190801e+00
5.699484913329657676e-01 -6.410912118688237626e+00
5.473531119171987092e-01 -6.336931312493288004e+00
5.247577325014315397e-01 -6.262950506298336606e+00
4.871256079010750084e-01 -6.197268639461370299e+00
4.359963856752390732e-01 -6.139221128827594853e+00
4.293753935298598723e-01 -6.131704251096348202e+00
4.247112168709144542e-01 -6.128502964125257080e+00
4.210531593319837285e-01 -6.133667851760890244e+00
4.173951017930483953e-01 -6.138832739396521632e+00
4.137370442541169480e-01 -6.143997627032151243e+00
4.100789867151813373e-01 -6.149162514667781743e+00
4.064209291762505005e-01 -6.154327402303415795e+00
4.027628716373152784e-01 -6.159492289939047183e+00
3.991048140983801118e-01 -6.164657177574676794e+00
3.954467565594484979e-01 -6.169822065210307294e+00
3.917886990205135533e-01 -6.174986952845941346e+00
3.881306414815781647e-01 -6.180151840481570957e+00
3.844725839426467728e-01 -6.185316728117200569e+00
3.808145264037114952e-01 -6.190481615752831956e+00
3.771564688647802144e-01 -6.195646503388462456e+00
3.734984113258451588e-01 -6.200811391024096508e+00
3.698403537869100477e-01 -6.205976278659726120e+00
3.661822962479786003e-01 -6.211141166295356619e+00
3.625242387090432672e-01 -6.216306053930987119e+00
3.502079089684081437e-01 -6.197064871521375196e+00
3.383446201268890396e-01 -6.167999262806541871e+00
3.264813312853697136e-01 -6.138933654091706771e+00
3.146180424438503875e-01 -6.109868045376870782e+00
3.027547536023310615e-01 -6.080802436662033905e+00
2.901897755408118784e-01 -6.052036033837389972e+00
2.774043965547038360e-01 -6.023364073383264738e+00
2.646190175685928514e-01 -5.994692112929143946e+00
2.518336385824812007e-01 -5.966020152475019600e+00
2.396359611509280563e-01 -5.937111970058930766e+00
2.293076767672073690e-01 -5.907466164726804969e+00
2.189793923834899569e-01 -5.877820359394677396e+00
2.086511079997731000e-01 -5.848174554062551600e+00
1.983228236160558544e-01 -5.818528748730425804e+00
1.861508185041574337e-01 -5.789770089704341594e+00
1.689407469439948017e-01 -5.763514410909169605e+00
1.517306753838283950e-01 -5.737258732113996729e+00
1.318508924611369593e-01 -5.713000352553757821e+00
1.115171030445065714e-01 -5.689082070005436975e+00
1.039909634912947745e-01 -5.693082451466581873e+00
9.283473772377365263e-02 -5.705163992481383950e+00
8.167851195625325245e-02 -5.717245533496194021e+00
7.052228618873224164e-02 -5.729327074511000539e+00
5.936606042121128635e-02 -5.741408615525806169e+00
4.820983465369022003e-02 -5.753490156540612688e+00
3.705360888616993087e-02 -5.765571697555422759e+00
2.589738311864908660e-02 -5.777653238570229277e+00
1.474115735112802028e-02 -5.789734779585035795e+00
3.530382892288241869e-03 -5.801762246792506517e+00
-8.612090448131382026e-03 -5.812851553565627327e+00
-2.079111536050726183e-02 -5.823901275682134226e+00
-3.297014027288280857e-02 -5.834950997798646455e+00
-4.514916518525802225e-02 -5.846000719915156907e+00
-5.253404560965035941e-02 -5.860080017563896959e+00
-5.647810847421474989e-02 -5.876044646428631779e+00
-6.042217133877925139e-02 -5.892009275293363935e+00
-6.436623420334386392e-02 -5.907973904158099643e+00
-6.971829591127587378e-02 -5.917682107600343855e+00
-9.991420314288101956e-02 -5.874525416625431262e+00
-1.278686087738728494e-01 -5.834572331727170713e+00
-1.577571266716510934e-01 -5.796095154625228396e+00
-1.889636035207687970e-01 -5.758627120386224263e+00
-2.201700803698904974e-01 -5.721159086147219242e+00
-2.513765572190083120e-01 -5.683691051908215996e+00
-2.825830340681300124e-01 -5.646223017669211863e+00
-3.109707170933722065e-01 -5.606609808741731982e+00
-3.387657264963894743e-01 -5.566545669672533947e+00
-3.665607358994025233e-01 -5.526481530603334136e+00
-3.792181876155772402e-01 -5.479731114950153525e+00
-3.911422593448071749e-01 -5.444311230131304136e+00
-4.120012379391277957e-01 -5.488386175384492027e+00
-4.323859561264121742e-01 -5.486773082320101302e+00
-4.511439835970111334e-01 -5.441763814469114280e+00
-4.699020110676065398e-01 -5.396754546618124593e+00
-4.886600385382017242e-01 -5.351745278767133129e+00
-5.035940633153065393e-01 -5.305384367863464234e+00
-5.171501555874268297e-01 -5.258544959782450512e+00
-5.212974958501311873e-01 -5.244214947923856229e+00
-5.337710345606275775e-01 -5.263469620773735258e+00
-5.457186036932756279e-01 -5.286906839735038943e+00
-5.576661728259190154e-01 -5.310344058696343517e+00
-5.696137419585670658e-01 -5.333781277657642761e+00
-5.843744135610645651e-01 -5.355012511532793340e+00
-6.049095249410244568e-01 -5.371455043011614805e+00
-6.254446363209807958e-01 -5.387897574490440711e+00
-6.459797477009400213e-01 -5.404340105969267505e+00
-6.665148590808999129e-01 -5.420782637448088970e+00
-6.870499704608555858e-01 -5.437225168926914876e+00
-7.075850818408159215e-01 -5.453667700405737229e+00
-7.281201932207749250e-01 -5.470110231884563134e+00
-7.486553046007310419e-01 -5.486552763363385488e+00
-7.679585441843413962e-01 -5.504186881446763380e+00
-7.826395322839642121e-01 -5.526016133134307395e+00
-7.973205203835870281e-01 -5.547845384821853187e+00
-8.105795485314134519e-01 -5.570409022222635897e+00
-8.195278278288705698e-01 -5.595147169655984243e+00
-8.458191483736515748e-01 -5.562341298707369930e+00
-8.740840785810793934e-01 -5.519220331656203626e+00
-9.023490087885027711e-01 -5.476099364605039987e+00
-9.370931967342489566e-01 -5.438050016984256274e+00
-9.722979715557865665e-01 -5.400381092008579742e+00
-1.007502746377328062e+00 -5.362712167032901434e+00
-1.042451477081323574e+00 -5.324821785720962986e+00
-1.073064810168026906e+00 -5.283335065961727750e+00
-1.103678143254725796e+00 -5.241848346202496955e+00
-1.126546082035065677e+00 -5.196704412852023225e+00
-1.138161135355111320e+00 -5.146470812389472016e+00
-1.162536465027981247e+00 -5.185226104989687279e+00
-1.183524363032112170e+00 -5.232160362791697494e+00
-1.197001899888001653e+00 -5.199142824829833920e+00
-1.208616953208046851e+00 -5.148909224367287152e+00
-1.220232006528092050e+00 -5.098675623904739496e+00
-1.251060563321724217e+00 -5.057995090800856630e+00
-1.268578494599137407e+00 -5.010913448454939356e+00
-1.279186754470080789e+00 -4.960457637079351834e+00
-1.302369445871860876e+00 -4.992281931089485703e+00
-1.324576589261617698e+00 -5.030451551210889605e+00
-1.346783732651373633e+00 -5.068621171332289066e+00
-1.371840502181581378e+00 -5.103767189586768893e+00
-1.412078538489258683e+00 -5.121959978043940431e+00
-1.452316574796935100e+00 -5.140152766501111969e+00
-1.492554611104615070e+00 -5.158345554958279955e+00
-1.532792647412292375e+00 -5.176538343415449717e+00
-1.570838759700110554e+00 -5.198787701048083854e+00
-1.608063864608352045e+00 -5.222544146117069630e+00
-1.645288969516592648e+00 -5.246300591186054518e+00
-1.682514074424835471e+00 -5.270057036255041183e+00
-1.719739179333076518e+00 -5.293813481324026959e+00
-1.756964284241316232e+00 -5.317569926393012736e+00
-1.794189389149557279e+00 -5.341326371461998512e+00
-1.834767314326150256e+00 -5.358040417886732243e+00
-1.876768301520443494e+00 -5.371678386666959071e+00
-1.909681234055782273e+00 -5.399599523644170063e+00
-1.939307116999295477e+00 -5.432346801051039620e+00
-1.958140144375450031e+00 -5.410009740018960400e+00
-1.971572063814825970e+00 -5.367751555653088147e+00
-1.985003983254205018e+00 -5.325493371287216782e+00
-1.998435902693584065e+00 -5.283235186921341864e+00
-2.011867822132958672e+00 -5.240977002555469610e+00
-2.025299741572338608e+00 -5.198718818189599133e+00
-2.039948470649824319e+00 -5.156873507028845616e+00
-2.055055612629415940e+00 -5.115184841099912560e+00
-2.070162754609012001e+00 -5.073496175170976841e+00
-2.085269896588603622e+00 -5.031807509242041121e+00
-2.100377038568196131e+00 -4.990118843313102737e+00
-2.115484180547786863e+00 -4.948430177384166129e+00
-2.130937311788539734e+00 -4.906884628983569030e+00
-2.152081923944524355e+00 -4.867909303680256983e+00
-2.173226536100503647e+00 -4.828933978376943159e+00
-2.194371148256485160e+00 -4.789958653073627559e+00
-2.215515760412464452e+00 -4.750983327770315512e+00
-2.212436243833530991e+00 -4.707026580997919929e+00
-2.215813194306035960e+00 -4.675474601687836795e+00
-2.235623213589057912e+00 -4.687707551650712290e+00
-2.250356482801675106e+00 -4.696805541031370268e+00
-2.265089752014292301e+00 -4.705903530412023805e+00
-2.279823021226905055e+00 -4.715001519792681783e+00
-2.294556290439522694e+00 -4.724099509173336209e+00
-2.309289559652140333e+00 -4.733197498553995075e+00
-2.324022828864756640e+00 -4.742295487934648612e+00
-2.340257722880693780e+00 -4.747995975901490695e+00
-2.356998500565735455e+00 -4.752421921558841689e+00
-2.373739278250782014e+00 -4.756847867216196235e+00
-2.390480055935828574e+00 -4.761273812873547229e+00
-2.407220833620873801e+00 -4.765699758530901775e+00
-2.423961611305921249e+00 -4.770125704188252769e+00
-2.440702388990967808e+00 -4.774551649845603762e+00
-2.452674260580611332e+00 -4.786620262515913993e+00
-2.463411315334238516e+00 -4.800205485652824677e+00
-2.474148370087863480e+00 -4.813790708789732697e+00
-2.484885424841488888e+00 -4.827375931926640718e+00
-2.489160526667725470e+00 -4.818129936719113715e+00
-2.491291715883595881e+00 -4.783276889089836281e+00
-2.493133209433564534e+00 -4.753161467179855215e+00
-2.494974702983528303e+00 -4.723046045269876814e+00
-2.496816196533492960e+00 -4.692930623359895748e+00
-2.502904730985204385e+00 -4.663604260298426674e+00
-2.512452009419718468e+00 -4.634982953378501414e+00
-2.521999287854237437e+00 -4.606361646458577042e+00
-2.531546566288758626e+00 -4.577740339538653558e+00
-2.541093844723273598e+00 -4.549119032618728298e+00
-2.550641123157792123e+00 -4.520497725698803038e+00
-2.560188401592305762e+00 -4.491876418778877778e+00
-2.566935414877892452e+00 -4.462529742547616252e+00
-2.572307026713325673e+00 -4.432840089104032266e+00
-2.577678638548758450e+00 -4.403150435660449169e+00
-2.583050250384192559e+00 -4.373460782216865184e+00
-2.583144291627717415e+00 -4.345675989323793509e+00
-2.558866761619502661e+00 -4.327761434570438048e+00
-2.534589231611288351e+00 -4.309846879817086140e+00
-2.525299911664347974e+00 -4.281464366213107553e+00
-2.524447298875710732e+00 -4.265704190836231646e+00
-2.539389171738501982e+00 -4.271118827878443547e+00
-2.554331044601287903e+00 -4.276533464920658112e+00
-2.569272917464079153e+00 -4.281948101962870012e+00
-2.584214790326866851e+00 -4.287362739005077472e+00
-2.599156663189657213e+00 -4.292777376047288485e+00
-2.614098536052443578e+00 -4.298192013089499497e+00
-2.629040408915233940e+00 -4.303606650131714950e+00
-2.643982281778021637e+00 -4.309021287173922410e+00
-2.658929908062872549e+00 -4.314419876366747175e+00
-2.674031305203921072e+00 -4.319370487355111976e+00
-2.689147108919422102e+00 -4.324278678160403899e+00
-2.704262912634922245e+00 -4.329186868965690493e+00
-2.719378716350423275e+00 -4.334095059770974423e+00
-2.734494520065920309e+00 -4.339003250576261905e+00
-2.747549105740339392e+00 -4.347410512603737232e+00
-2.758492023813309935e+00 -4.358935719890158822e+00
-2.769434941886276480e+00 -4.370460927176580412e+00
-2.780377859959245690e+00 -4.381986134462997562e+00
-2.792264703822464167e+00 -4.347476677752823093e+00
-2.797438393607698526e+00 -4.303295328990420110e+00
-2.803036872808128077e+00 -4.259185512758666192e+00
-2.812807250486174748e+00 -4.215788527097360294e+00
-2.822577628164225416e+00 -4.172391541436055284e+00
-2.832348005842276084e+00 -4.128994555774750275e+00
-2.838801095067037039e+00 -4.085126227388712117e+00
-2.841292555859983082e+00 -4.040712814239341810e+00
-2.843784016652928237e+00 -3.996299401089975056e+00
-2.846275477445869839e+00 -3.951885987940607414e+00
-2.848766938238815882e+00 -3.907472574791240660e+00
-2.851258399031761925e+00 -3.863059161641870354e+00
-2.852261507591790757e+00 -3.818707954156804973e+00
-2.845628014448132070e+00 -3.774722099462687552e+00
-2.838994521304473384e+00 -3.730736244768566579e+00
-2.832361028160815586e+00 -3.686750390074445605e+00
-2.825727535017152903e+00 -3.642764535380323743e+00
-2.803524156503963027e+00 -3.604880214324869048e+00
-2.778038529992949091e+00 -3.568421450141199269e+00
-2.771983698354609782e+00 -3.563017181408834055e+00
-2.771417130786597127e+00 -3.551351816195229993e+00
-2.791017024813070790e+00 -3.551199234359274204e+00
-2.810616918839540013e+00 -3.551046652523321967e+00
-2.830216812866014564e+00 -3.550894070687370174e+00
-2.849816706892488227e+00 -3.550741488851418382e+00
-2.869416600918957450e+00 -3.550588907015465701e+00
-2.889016494945430669e+00 -3.550436325179513908e+00
-2.908081491545089659e+00 -3.547711034225117466e+00
-2.925729339214689695e+00 -3.539182693255372492e+00
-2.943377186884287955e+00 -3.530654352285627517e+00
-2.961025034553887991e+00 -3.522126011315882987e+00
-2.978672882223490248e+00 -3.513597670346142898e+00
-2.996320729893089840e+00 -3.505069329376397924e+00
-2.991730900638489565e+00 -3.491838767365688323e+00
-2.977953457969094941e+00 -3.477897418773923555e+00
-2.965420281402690428e+00 -3.463698555122972422e+00
-2.980061142678466002e+00 -3.451000281342996523e+00
-2.995438686302626330e+00 -3.438846669569016967e+00
-3.038191992783724427e+00 -3.390760677288773728e+00
-3.075361698391499310e+00 -3.341894575067126283e+00
-3.112531403999273749e+00 -3.293028472845481947e+00
-3.140243220318106321e+00 -3.241407515089138158e+00
-3.132381094700720681e+00 -3.180516875889982664e+00
-3.124518969083333708e+00 -3.119626236690830723e+00
-3.099364513869458548e+00 -3.063762448806120364e+00
-3.073100832317319231e+00 -3.008267386029031876e+00
-3.075854203256890518e+00 -2.982427058924567831e+00
-3.129820179941755320e+00 -3.011704291064128292e+00
-3.183786156626616126e+00 -3.040981523203692749e+00
-3.239155154764730593e+00 -3.067216866169088174e+00
-3.285357481758746978e+00 -3.066213103909529725e+00
-3.299574252991541279e+00 -3.006485669869392030e+00
-3.313791024224336468e+00 -2.946758235829250339e+00
-3.308404769175361082e+00 -2.885836255944189688e+00
-3.301389023520554300e+00 -2.824842303176626768e+00
-3.293271168790564030e+00 -2.763994201825280328e+00
-3.284115569764023412e+00 -2.703284581765766248e+00
-3.308956972417611553e+00 -2.725466809980550131e+00
-3.334744873650347774e+00 -2.751561501801278897e+00
-3.360532774883079998e+00 -2.777656193622002778e+00
-3.386320676115816219e+00 -2.803750885442731544e+00
-3.416721457851844335e+00 -2.822895979655393628e+00
-3.450854566530558110e+00 -2.836345131418055221e+00
-3.484987675209271885e+00 -2.849794283180720811e+00
-3.519120783887984771e+00 -2.863243434943386401e+00
-3.553253892566697658e+00 -2.876692586706051991e+00
-3.587387001245412321e+00 -2.890141738468713584e+00
-3.621520109924125208e+00 -2.903590890231379174e+00
-3.655653218602839871e+00 -2.917040041994044763e+00
-3.690471398848933937e+00 -2.928344122054873377e+00
-3.726161455182635862e+00 -2.936839336596329897e+00
-3.761851511516334234e+00 -2.945334551137785972e+00
-3.797541567850031718e+00 -2.953829765679245600e+00
-3.823721389471248955e+00 -2.974562631248887090e+00
-3.839415220776582593e+00 -3.007723639227652956e+00
-3.852397624297498879e+00 -3.016090098208883852e+00
-3.860196569275431422e+00 -2.966182141419213103e+00
-3.867758494120188573e+00 -2.917790952679389260e+00
-3.875320418964940394e+00 -2.869399763939568526e+00
-3.882882343809693104e+00 -2.821008575199743795e+00
-3.885110734364680241e+00 -2.772132169823669390e+00
-3.886241719978189124e+00 -2.723166766460142885e+00
-3.887372705591696231e+00 -2.674201363096616380e+00
-3.888503691205208668e+00 -2.625235959733090318e+00
-3.889634676818713110e+00 -2.576270556369562925e+00
-3.891520157360896626e+00 -2.527343053234683001e+00
-3.895412296115840611e+00 -2.478519481971174887e+00
-3.899304434870789926e+00 -2.429695910707663220e+00
-3.903196573625736576e+00 -2.380872339444151553e+00
-3.907088712380685003e+00 -2.332048768180643883e+00
-3.903167489182011174e+00 -2.283621294261110712e+00
-3.894094792652890824e+00 -2.235490472195605705e+00
-3.885022096123766921e+00 -2.187359650130100697e+00
-3.860918577527771234e+00 -2.146044003397285405e+00
-3.830548658734610257e+00 -2.107617998042737639e+00
-3.832286794876470282e+00 -2.099686438692600632e+00
-3.851072961920085191e+00 -2.103085333106294641e+00
-3.869859128963699213e+00 -2.106484227519989094e+00
-3.888645296007312346e+00 -2.109883121933683547e+00
-3.907431463050930809e+00 -2.113282016347377557e+00
-3.926217630094542166e+00 -2.116680910761075118e+00
-3.945003797138157964e+00 -2.120079805174765575e+00
-3.962949110704367506e+00 -2.117964928314285178e+00
-3.978937297424095298e+00 -2.107531786848691358e+00
-3.994925484143825756e+00 -2.097098645383093984e+00
-4.010913670863555325e+00 -2.086665503917496611e+00
-4.026901857583284006e+00 -2.076232362451902791e+00
-4.042890044303010910e+00 -2.065799220986308971e+00
-4.058878231022739591e+00 -2.055366079520711153e+00
-4.075706510757256318e+00 -2.054452510114512798e+00
-4.092487268395451849e+00 -2.063556285623290520e+00
-4.109268026033644716e+00 -2.072660061132075793e+00
-4.126048783671835807e+00 -2.081763836640855736e+00
-4.142829541310029562e+00 -2.090867612149637456e+00
-4.141071425622233626e+00 -2.052437562308531582e+00
-4.134756657283117143e+00 -2.011858053406868407e+00
-4.128441888944001548e+00 -1.971278544505209673e+00
-4.120980598363476410e+00 -1.930972598267800766e+00
-4.107390587673379834e+00 -1.892218444279875067e+00
-4.093800576983279704e+00 -1.853464290291951588e+00
-4.080210566293181351e+00 -1.814710136304025667e+00
-4.066620555603085663e+00 -1.775955982316103299e+00
-4.053030544912988198e+00 -1.737201828328180486e+00
-4.039440534222890733e+00 -1.698447674340254121e+00
-4.025850523532793268e+00 -1.659693520352332197e+00
-4.012260512842697580e+00 -1.620939366364409384e+00
-3.998670502152599227e+00 -1.582185212376483463e+00
-3.983765485487834823e+00 -1.543925701960373820e+00
-3.968426730451312778e+00 -1.505829830323062168e+00
-3.948236703503070544e+00 -1.473282701222939028e+00
-3.907447510915137201e+00 -1.468506237059859165e+00
-3.866660284900792277e+00 -1.463714953344392500e+00
-3.844250554143880727e+00 -1.430811018531849443e+00
-3.855443836820836800e+00 -1.424329410852537059e+00
-3.875820277207832731e+00 -1.420729066164392984e+00
-3.896196717594830439e+00 -1.417128721476249353e+00
-3.916573157981830811e+00 -1.413528376788105501e+00
-3.936949598368828518e+00 -1.409928032099965645e+00
-3.957326038755824449e+00 -1.406327687411820904e+00
-3.977702479142823933e+00 -1.402727342723677051e+00
-3.998078919529822528e+00 -1.399126998035536973e+00
-4.017846962052254334e+00 -1.393999663216745732e+00
-4.032103244859396973e+00 -1.379002323277905395e+00
-4.046359527666541389e+00 -1.364004983339067945e+00
-4.060615810473684917e+00 -1.349007643400230494e+00
-4.074872093280827556e+00 -1.334010303461393709e+00
-4.089128376087971972e+00 -1.319012963522556037e+00
-4.103462720197500246e+00 -1.304115281525197956e+00
-4.121815511547283428e+00 -1.294565448124652018e+00
-4.140250464871402691e+00 -1.285167879255211032e+00
-4.158685418195521954e+00 -1.275770310385770934e+00
-4.177120371519636777e+00 -1.266372741516326172e+00
-4.142270694109489781e+00 -1.232805965007491622e+00
-4.091774405081509691e+00 -1.198001781428102097e+00
-4.043650092109642102e+00 -1.160610844207257797e+00
-4.022982456465587831e+00 -1.112173039896337645e+00
-4.046718339857983793e+00 -1.062985487945303786e+00
-4.019354074907199426e+00 -1.008100121918208414e+00
-3.991989809956409729e+00 -9.532147558911125973e-01
-3.964625545005620921e+00 -8.983293898640178909e-01
-3.937261280054831225e+00 -8.434440238369258491e-01
-3.895282239890896392e+00 -7.988350348024437775e-01
-3.852499434589291560e+00 -7.549176344202037647e-01
-3.799516154001246093e+00 -7.240731523967305350e-01
-3.846677764174576630e+00 -6.931454003633796823e-01
-3.902992733041197759e+00 -6.905902651188138286e-01
-3.880127234724647600e+00 -6.469644497934052829e-01
-3.846226479502477424e+00 -5.958572566050497343e-01
-3.803942256198030947e+00 -5.525811044528379234e-01
-3.754921431683008848e+00 -5.157278120070776239e-01
-3.726794802296267584e+00 -4.644835441595760450e-01
-3.737381374229460818e+00 -4.547875468098983021e-01
-3.759052174644391009e+00 -4.486956911914847801e-01
-3.780722975059322977e+00 -4.426038355730677054e-01
-3.802393775474253168e+00 -4.365119799546506307e-01
-3.824064575889181583e+00 -4.304201243362371088e-01
-3.845735376304112663e+00 -4.243282687178231427e-01
-3.867406176719042854e+00 -4.182364130994056239e-01
-3.885406097603449460e+00 -4.057949661929645124e-01
-3.901417451355390753e+00 -3.899718550409332352e-01
-3.917428805107328493e+00 -3.741487438888988493e-01
-3.933440158859269786e+00 -3.583256327368644634e-01
-3.949451512611209303e+00 -3.425025215848305216e-01
-3.965462866363147043e+00 -3.266794104327961357e-01
-3.981474220115089224e+00 -3.108562992807621939e-01
-4.000292118472073888e+00 -3.013128032713061621e-01
-4.022776322162376239e+00 -3.002196976440996146e-01
-4.045260525852682143e+00 -2.991265920168943993e-01
-4.067744729542986271e+00 -2.980334863896874076e-01
-4.090228933233293063e+00 -2.969403807624768632e-01
-3.944247054563210675e+00 -1.071771898098017317e-01
-3.761542939293145871e+00 5.860783962121152157e-02
-3.553057140360463606e+00 1.978572213385523249e-01
-3.343373650287405852e+00 3.353005492103817708e-01
-3.109841357273601226e+00 4.024015902412432233e-01
-3.204750474014603334e+00 6.011265112166945812e-01
-2.973404520572370480e+00 6.168703455055548623e-01
-2.729053189506601029e+00 5.607443063876313971e-01
-2.491697629049619778e+00 4.808316345727035035e-01
-2.265741102301741972e+00 3.738786093733725835e-01
-2.040972720934638662e+00 2.635984135760356395e-01
-1.809726559700873594e+00 1.667322827544217567e-01
-1.581160289188726420e+00 6.412486084611490611e-02
-1.358505450683551885e+00 -5.112555032857546422e-02
-1.121823389970540763e+00 -1.318054905346159877e-01
-8.758955391150263781e-01 -1.296523693424140866e-01
-6.275019039578854096e-01 -9.561655880234321003e-02
-3.799001403037700619e-01 -5.623911459520725131e-02
-1.318085324763321742e-01 -2.040807878930728236e-02
