1.675711092143181702e-01 -7.755541779644659073e-03
1.452200117948710956e+00 -7.519789331408155419e-02
4.697141037897822002e+00 2.541080018991426215e+00
1.515470855795695959e+00 -1.317501331298052136e-01
3.010898258384828718e+00 -2.712702775669004751e-01
6.114897402273219207e+00 1.093088961992846997e+00
3.054425082971396588e+00 -3.076551301345644696e-01
4.315326623541165141e+00 -7.321077645508289322e-01
6.871530785747745007e+00 -2.122077630131107284e-01
4.367003681171909513e+00 -7.526108607329118350e-01
7.070587388276776686e+00 -2.154291823093018809e+00
4.444135307721350792e-01 -2.521767889525614592e-01
1.649494653533889243e+00 -1.805700330451056157e+00
6.929026317837163162e+00 -4.599733575023891241e+00
1.668819264714123785e+00 -1.865780858504198836e+00
2.764493815048093328e+00 -3.573828442596677757e+00
6.461457270008189369e+00 -6.353159479809500354e+00
2.793902737495523425e+00 -3.624035224254559928e+00
3.698583602134017045e+00 -5.274183044307658719e+00
6.061382991823784927e+00 -7.195187085949116934e+00
3.737990797395620568e+00 -5.322500840289909441e+00
5.286344021317167297e+00 -9.526167928023188125e+00
1.112457061961070331e-01 -2.386822046405354669e-01
1.163015919280574878e-01 -3.164678600912051998e+00
2.942710791254401492e+00 -9.004470538381109890e+00
9.718216615418372173e-02 -3.274249438106326071e+00
1.267000391627964295e-01 -5.773388311349965107e+00
2.309467106541712056e+00 -9.624491815351486679e+00
1.261947238953734507e-01 -5.821283818099322716e+00
8.178230720033817513e-02 -7.760798591437181315e+00
1.347336491558836613e+00 -1.039272960007473756e+01
6.514318292389693899e-02 -7.824491026139647865e+00
-9.747195324582348143e-04 -1.257795103179155305e+01
-6.490129971360253380e-03 -7.803776785341117517e+00
-1.520464785267537700e+00 -1.017885375864691966e+01
6.452876866441842503e-03 -7.712102401381756067e+00
4.809497822521113103e-02 -5.656798241253131465e+00
-2.236782983381443657e+00 -9.592494345138465661e+00
3.322506239502517195e-02 -5.552855809955453914e+00
-1.662745995127462226e-02 -3.089428027167659963e+00
-3.014351263282898596e+00 -8.758001257194234057e+00
-3.485722980734683174e-02 -2.925574699416022106e+00
-1.003346940933742965e-01 -2.404418894419557695e-01
-4.840018449299902770e+00 -9.084025201717725650e+00
-3.690434680928625255e+00 -5.304003659503990775e+00
-5.806623737582275346e+00 -7.249603378755161032e+00
-3.659911055530930213e+00 -5.248441583586716419e+00
-2.674292265929419266e+00 -3.483515416649770824e+00
-6.306972621199451901e+00 -5.867175420586345780e+00
-2.661749909566229366e+00 -3.429759300373599551e+00
-1.644939980306301841e+00 -1.829821342133921558e+00
-6.880982852328094701e+00 -4.088788394425772132e+00
-1.605298490375528520e+00 -1.761382119836501836e+00
-2.348802123885249116e-01 -1.292492316320510426e-01
-7.014423057953873553e+00 -2.548566129891978171e+00
-3.859953477733254701e+00 -6.568320202141815223e-01
-6.741362579608924932e+00 -2.192749679824110842e-01
-3.817602758468572333e+00 -6.153656026674894086e-01
-2.561974300460095222e+00 -2.154682183157099473e-01
-6.132436111076644991e+00 7.442926028492831136e-01
-2.507839197733356951e+00 -1.920889446168825287e-01
-1.328405503801949106e+00 7.987882045134853115e-02
-5.058269694260158822e+00 2.672943690314942167e+00
-1.268030805097829505e+00 1.271426831164266247e-01
-1.675711092143181702e-01 7.755541779644659073e-03
4.309377517456664641e+00 1.730856820997082046e+00
5.703532520525246952e+00 6.942632274962976524e-01
6.505291700423138757e+00 -4.957488336089235226e-01
6.216871144833355345e+00 -2.105367835906811536e+00
6.160685880045200236e+00 -4.404014686442650373e+00
5.966204116106229804e+00 -6.190260984108190812e+00
5.756786655194271241e+00 -7.122117893861646287e+00
3.352746603691014737e+00 -7.974936614143547153e+00
2.516493843578245571e+00 -8.540923296367854078e+00
1.901059416620914266e+00 -9.364712226649718474e+00
1.173362113978037247e+00 -1.023521578390375630e+01
-1.100407011635724963e+00 -9.901867501060351628e+00
-1.692952246994022358e+00 -9.312822600648104299e+00
-2.440939013424390236e+00 -8.322964483807107072e+00
-3.092966319511649687e+00 -7.318151030326058404e+00
-5.437824889160455477e+00 -7.101808555224902619e+00
-5.783818769405439042e+00 -5.844752531648495619e+00
-5.821421094315423872e+00 -4.111942371404845531e+00
-6.010103384371313417e+00 -2.321653551599920817e+00
-6.320330400941692517e+00 -5.121201745919377046e-01
-5.526919982271170539e+00 5.333280877810322451e-01
-4.450834970086584796e+00 1.887148278454811035e+00
