1401	530
1417	506
1431	482
1435	474
1436	465
1433	453
1424	434
1419	423
1416	412
1415	402
1411	394
1409	383
1406	372
1403	359
1401	351
1401	334
1402	323
1400	317
1401	303
1399	296
1401	283
1402	277
1403	265
1407	248
1412	228
1414	222
1414	228
1410	246
1407	256
1405	265
1404	280
1401	294
1403	301
1402	316
1405	325
1403	337
1403	349
1407	369
1412	388
1417	400
1419	413
1423	426
1432	446
1438	462
1440	472
1457	451
1476	426
1486	410
1493	403
1492	393
1490	385
1490	379
1485	368
1487	362
1487	343
1487	338
1489	333
1489	320
1488	313
1491	303
1495	295
1495	288
1498	285
1502	275
1504	266
1504	260
1507	256
1510	246
1516	238
1522	232
1520	236
1513	245
1510	251
1509	257
1506	261
1505	271
1504	276
1500	285
1497	290
1497	297
1494	302
1491	313
1491	320
1491	331
1491	337
1490	344
1489	351
1490	361
1488	368
1493	379
1493	389
1495	395
1496	401
1511	386
1522	375
1536	357
1548	345
1554	336
1557	333
1557	327
1555	323
1552	305
1549	297
1549	280
1559	271
1570	262
1573	258
1577	247
1582	241
1587	236
1586	239
1579	248
1575	260
1565	269
1554	278
1552	281
1552	295
1555	305
1556	318
1559	326
1560	330
1575	319
1595	301
1603	294
1614	286
1627	276
1637	266
1647	260
1655	258
1642	265
1633	273
1625	280
1615	288
1604	297
1591	308
1572	324
1562	332
1557	337
1549	348
1541	356
1534	363
1525	375
1517	384
1507	394
1499	402
1491	408
1482	421
1469	439
1447	467
1445	474
1438	480
1422	508
1411	527
1409	535
1435	538
1488	539
1542	539
1547	539
1560	526
1576	510
1582	504
1594	496
1604	489
1608	484
1616	481
1636	472
1653	463
1661	457
1680	453
1701	446
1719	435
1730	429
1736	428
1752	422
1785	407
1812	396
1819	394
1812	399
1784	410
1755	423
1738	430
1729	433
1717	439
1704	448
1682	455
1663	459
1652	467
1626	479
1610	486
1598	496
1580	510
1563	527
1551	540
1605	555
1617	559
1673	562
1702	543
1719	535
1763	526
1825	522
1844	524
1877	521
1889	522
1855	526
1841	527
1825	525
1805	526
1775	528
1749	532
1722	538
1706	545
1682	560
1678	564
1713	580
1754	595
1779	600
1786	601
1801	585
1812	575
1831	572
1852	568
1877	581
1895	582
1904	584
1897	585
1875	584
1852	571
1827	576
1813	580
1794	596
1789	604
1831	620
1851	627
1879	639
1907	653
1927	663
1894	650
1853	631
1803	612
1783	604
1753	598
1713	583
1675	566
1642	564
1617	562
1603	558
1551	544
1475	543
1413	540
1403	544
1452	636
1473	676
1478	683
1519	688
1559	701
1609	718
1677	752
1691	758
1730	780
1773	799
1799	811
1818	817
1799	814
1761	797
1734	785
1710	773
1679	757
1649	742
1607	721
1574	709
1530	696
1512	691
1479	686
1506	739
1543	805
1553	823
1579	825
1618	837
1650	854
1682	875
1706	893
1724	912
1736	926
1761	948
1767	956
1745	939
1732	926
1710	901
1691	885
1656	863
1624	845
1605	835
1575	828
1554	827
1578	883
1595	918
1601	927
1626	929
1652	937
1677	953
1691	963
1706	973
1714	990
1718	999
1728	1005
1735	1021
1725	1007
1715	1001
1703	975
1675	955
1644	937
1615	931
1601	931
1611	955
1631	999
1645	1035
1667	1073
1683	1100
1665	1079
1644	1041
1632	1013
1612	967
1607	955
1599	963
1589	980
1583	1004
1579	1031
1585	1064
1590	1092
1592	1104
1588	1095
1580	1059
1575	1031
1581	999
1586	977
1600	956
1603	950
1598	936
1580	897
1557	846
1555	839
1543	860
1533	887
1529	899
1524	927
1523	951
1521	975
1521	1007
1518	1031
1517	1065
1516	1087
1513	1075
1515	1041
1517	1010
1517	979
1519	947
1523	913
1527	890
1543	850
1551	836
1549	825
1522	775
1481	701
1476	693
1465	731
1457	769
1453	783
1451	807
1446	821
1439	861
1431	896
1426	920
1423	929
1424	944
1419	960
1414	984
1411	1005
1407	1037
1402	1060
1396	1073
1403	1042
1408	999
1413	970
1419	942
1418	928
1423	916
1431	879
1441	825
1443	811
1449	793
1449	779
1457	752
1462	722
1472	688
1461	664
1427	600
1402	554
1396	549
1382	567
1349	618
1329	644
1313	671
1307	682
1295	721
1289	741
1276	768
1263	803
1261	811
1254	853
1250	867
1236	905
1231	919
1225	955
1219	983
1212	1011
1210	1025
1213	1042
1220	1053
1213	1048
1209	1040
1207	1020
1214	985
1220	959
1226	930
1228	916
1217	917
1204	924
1175	943
1169	951
1160	975
1155	1002
1151	1013
1149	1021
1147	1017
1153	1001
1156	979
1166	950
1179	935
1202	921
1221	912
1229	911
1242	879
1251	855
1254	831
1257	809
1247	811
1220	823
1207	828
1189	845
1166	866
1153	879
1132	910
1123	917
1105	936
1091	948
1111	927
1130	907
1149	879
1177	851
1207	824
1236	812
1257	805
1266	787
1275	759
1287	735
1297	699
1307	672
1293	673
1263	683
1241	693
1221	702
1193	718
1173	735
1159	746
1135	760
1119	773
1107	778
1087	797
1061	818
1035	841
1049	825
1073	804
1101	780
1106	775
1120	769
1131	758
1157	743
1191	716
1223	698
1267	678
1291	669
1307	667
1329	636
1356	598
1384	554
1387	545
1342	542
1330	541
1298	549
1272	553
1245	554
1233	557
1199	569
1173	580
1150	583
1123	597
1087	614
1073	619
1041	636
1007	649
991	651
1018	642
1047	630
1078	613
1091	609
1123	594
1137	587
1147	582
1135	573
1113	562
1097	561
1079	557
1064	561
1039	561
1015	572
1009	573
1037	558
1063	557
1081	553
1099	557
1118	559
1137	569
1145	577
1151	580
1170	578
1195	567
1225	557
1233	554
1205	531
1181	516
1160	505
1133	494
1112	487
1091	480
1059	478
1031	477
1021	476
1057	474
1091	477
1129	489
1170	506
1203	525
1226	543
1237	553
1270	549
1300	545
1325	539
1300	504
1272	471
1252	451
1227	422
1197	403
1181	389
1147	369
1129	357
1119	350
1149	366
1181	385
1200	401
1232	422
1264	458
1293	490
1319	521
1332	536
1370	537
1389	537
