1887	1288
1861	1304
1808	1359
1787	1380
1777	1391
1776	1405
1779	1433
1793	1507
1793	1549
1789	1620
1783	1672
1772	1721
1761	1749
1756	1764
1751	1785
1743	1824
1741	1846
1738	1868
1731	1882
1736	1860
1742	1802
1753	1752
1762	1734
1771	1707
1777	1676
1783	1632
1785	1580
1787	1543
1787	1516
1777	1476
1769	1422
1766	1392
1742	1414
1697	1450
1655	1483
1639	1497
1631	1506
1633	1541
1629	1567
1625	1612
1619	1642
1613	1658
1605	1676
1597	1699
1583	1736
1570	1762
1561	1772
1555	1798
1535	1830
1518	1846
1505	1865
1492	1882
1501	1864
1511	1847
1524	1831
1541	1812
1551	1788
1555	1774
1565	1759
1581	1730
1603	1668
1603	1666
1615	1640
1621	1607
1624	1568
1628	1533
1625	1507
1609	1518
1573	1540
1531	1560
1497	1576
1485	1580
1479	1618
1469	1658
1458	1691
1443	1722
1419	1754
1399	1775
1376	1788
1365	1798
1351	1814
1333	1826
1318	1837
1327	1826
1345	1812
1361	1794
1375	1783
1395	1770
1415	1751
1436	1723
1452	1694
1463	1661
1473	1624
1478	1591
1479	1581
1453	1588
1410	1610
1358	1636
1319	1652
1281	1668
1261	1676
1223	1684
1214	1686
1161	1696
1137	1693
1147	1691
1167	1692
1215	1681
1260	1670
1318	1646
1384	1614
1429	1590
1460	1578
1495	1569
1543	1546
1601	1513
1639	1485
1717	1418
1787	1352
1830	1305
1845	1291
1709	1277
1647	1268
1614	1265
1575	1294
1526	1333
1464	1370
1402	1400
1355	1420
1316	1433
1279	1438
1245	1438
1203	1447
1168	1460
1102	1471
1054	1481
1010	1486
972	1483
943	1479
948	1477
991	1480
1029	1479
1081	1469
1149	1457
1177	1451
1221	1435
1257	1430
1308	1428
1374	1403
1458	1364
1515	1330
1574	1285
1606	1260
1529	1244
1451	1225
1391	1213
1379	1209
1372	1213
1337	1239
1297	1259
1245	1277
1209	1287
1163	1294
1113	1305
1081	1310
1062	1311
1006	1308
961	1308
894	1307
850	1303
833	1294
859	1299
909	1302
993	1300
1071	1304
1141	1291
1227	1276
1310	1244
1349	1220
1365	1208
1246	1176
1198	1158
1162	1151
1153	1150
1131	1168
1074	1191
1021	1204
981	1208
918	1208
882	1202
846	1192
817	1192
795	1188
837	1186
859	1186
910	1200
971	1199
1035	1194
1091	1178
1131	1158
1145	1147
1081	1127
1013	1104
946	1087
889	1066
826	1043
762	1011
707	976
673	947
662	932
723	979
794	1020
889	1058
1001	1090
1099	1123
1169	1144
1225	1155
1315	1184
1454	1215
1590	1242
1735	1264
1815	1271
1858	1271
1871	1266
1679	1074
1634	1030
1626	1020
1589	1026
1495	1015
1406	999
1330	976
1286	962
1237	938
1195	918
1155	904
1144	900
1106	879
1086	868
1047	854
1014	841
974	828
939	806
914	794
901	778
930	797
975	822
1052	848
1119	878
1164	902
1210	916
1266	944
1330	968
1439	996
1569	1015
1600	1014
1618	1010
1508	901
1441	837
1412	811
1406	807
1381	810
1337	810
1271	796
1182	767
1123	752
1078	739
1048	730
1015	712
988	702
954	697
922	685
900	672
945	690
975	696
1004	703
1046	722
1076	734
1145	751
1214	772
1292	794
1345	804
1380	803
1402	802
1304	700
1249	648
1242	639
1223	642
1182	644
1116	636
1042	612
990	590
952	563
917	540
914	528
936	546
973	572
1048	608
1124	630
1186	637
1219	636
1238	633
1076	472
981	374
922	314
867	262
841	234
878	266
925	308
990	372
1077	461
1216	600
1238	623
1246	630
1250	615
1248	555
1236	478
1218	421
1190	376
1180	360
1174	326
1171	304
1178	322
1185	356
1215	400
1232	444
1244	488
1255	560
1258	616
1253	637
1356	743
1410	797
1424	810
1428	772
1425	721
1403	651
1392	610
1366	534
1344	471
1334	439
1314	402
1304	368
1294	334
1282	304
1278	291
1296	328
1308	364
1320	401
1338	435
1355	486
1382	560
1403	626
1423	696
1434	724
1436	784
1433	818
1569	944
1634	1008
1644	1019
1650	983
1649	929
1637	868
1598	746
1574	686
1518	556
1502	510
1481	474
1461	433
1441	368
1423	318
1412	295
1424	309
1442	356
1458	404
1470	438
1500	495
1512	515
1519	539
1543	596
1582	684
1604	742
1632	827
1646	874
1661	935
1662	1002
1659	1030
1790	1153
1869	1232
1892	1248
1885	1105
1869	975
1835	812
1823	758
1789	662
1767	568
1757	533
1715	430
1684	354
1645	289
1593	207
1551	150
1537	115
1546	127
1566	162
1599	204
1641	269
1661	304
1691	354
1715	411
1751	498
1760	526
1779	493
1795	457
1803	389
1803	336
1795	280
1780	242
1778	211
1772	185
1778	194
1784	223
1785	239
1802	282
1811	347
1808	397
1801	456
1791	482
1776	516
1764	531
1781	592
1799	667
1819	724
1830	760
1844	742
1868	704
1891	642
1905	587
1910	549
1916	463
1917	394
1915	353
1921	328
1922	283
1929	255
1930	268
1927	289
1926	326
1920	353
1922	402
1921	470
1916	543
1910	592
1891	656
1876	698
1864	722
1844	756
1837	767
1852	848
1874	950
1884	985
1914	954
1944	916
1976	848
2001	779
2033	673
2059	572
2071	538
2084	471
2094	433
2110	385
2126	356
2110	395
2097	437
2088	475
2076	542
2062	584
2047	643
2030	710
2004	790
1972	874
1952	920
1920	961
1889	994
1906	1173
1913	1246
1963	1204
2013	1162
2063	1079
2086	1044
2102	1012
2131	952
2158	902
2165	888
2176	838
2196	785
2213	739
2229	679
2254	588
2265	550
2270	504
2271	480
2268	470
2276	481
2274	509
2270	553
2248	626
2223	721
2215	747
2200	790
2183	841
2168	895
2229	874
2290	837
2329	814
2375	758
2395	730
2425	700
2444	685
2428	706
2403	731
2382	759
2343	806
2330	822
2302	837
2263	861
2236	877
2187	895
2167	901
2146	941
2132	967
2108	1016
2096	1040
2152	1033
2228	1015
2293	993
2331	963
2399	912
2424	890
2444	858
2459	834
2473	818
2463	838
2447	864
2432	889
2415	904
2381	933
2349	957
2312	985
2292	1000
2225	1023
2178	1037
2129	1045
2096	1049
2072	1083
2050	1117
2032	1151
2021	1170
2052	1172
2110	1180
2168	1183
2233	1179
2275	1163
2322	1148
2358	1141
2404	1120
2444	1101
2484	1089
2522	1076
2548	1065
2536	1075
2500	1090
2456	1102
2430	1114
2382	1137
2353	1149
2321	1156
2271	1172
2235	1185
2189	1189
2136	1191
2087	1187
2034	1180
2018	1180
1949	1236
1929	1253
1919	1262
