2835	4073
2819	4068
2749	4064
2702	4065
2696	4065
2684	4074
2652	4102
2588	4150
2567	4162
2530	4176
2509	4186
2484	4191
2477	4192
2462	4204
2443	4208
2426	4209
2408	4204
2399	4202
2390	4200
2406	4200
2428	4206
2457	4202
2474	4191
2479	4188
2506	4183
2534	4170
2566	4158
2590	4144
2628	4114
2665	4084
2683	4068
2690	4062
2666	4054
2611	4044
2574	4040
2565	4038
2562	4040
2548	4048
2525	4066
2512	4074
2475	4090
2440	4104
2418	4111
2401	4116
2388	4116
2374	4123
2356	4124
2333	4120
2321	4117
2313	4116
2322	4114
2350	4120
2371	4120
2384	4114
2390	4112
2402	4112
2411	4110
2433	4102
2465	4090
2499	4076
2518	4066
2547	4043
2557	4036
2534	4023
2502	4007
2474	3996
2464	3994
2449	4008
2432	4020
2406	4033
2369	4044
2351	4047
2329	4040
2310	4040
2297	4036
2292	4031
2303	4034
2317	4037
2332	4036
2353	4043
2371	4039
2412	4026
2448	4004
2458	3991
2412	3968
2390	3956
2364	3957
2323	3936
2316	3929
2304	3928
2290	3916
2287	3904
2295	3916
2309	3926
2320	3926
2328	3934
2359	3950
2366	3953
2390	3952
2420	3967
2468	3988
2524	4010
2560	4029
2583	4034
2636	4040
2694	4055
2802	4057
2822	4058
2820	4051
2755	3985
2684	3920
2656	3898
2651	3894
2597	3897
2562	3895
2510	3878
2464	3862
2436	3852
2402	3828
2383	3817
2370	3806
2360	3801
2346	3793
2331	3777
2326	3761
2324	3751
2331	3766
2336	3778
2348	3791
2375	3804
2389	3816
2409	3828
2441	3847
2485	3864
2552	3884
2565	3890
2616	3890
2640	3890
2648	3887
2620	3840
2595	3802
2569	3768
2562	3764
2526	3765
2482	3760
2427	3735
2407	3722
2379	3703
2363	3695
2342	3673
2333	3655
2344	3670
2365	3692
2384	3701
2416	3723
2432	3734
2488	3756
2527	3761
2554	3758
2561	3758
2552	3734
2525	3683
2513	3664
2507	3658
2477	3661
2446	3658
2412	3643
2402	3636
2388	3618
2384	3607
2368	3592
2358	3576
2372	3592
2388	3606
2392	3618
2408	3636
2439	3651
2454	3655
2483	3658
2506	3652
2498	3628
2486	3598
2470	3581
2452	3549
2438	3525
2428	3492
2426	3476
2428	3468
2431	3488
2436	3508
2443	3526
2461	3557
2473	3579
2490	3596
2508	3642
2514	3656
2538	3694
2561	3741
2569	3761
2598	3794
2626	3837
2656	3886
2710	3933
2760	3978
2815	4034
2840	4057
2838	4008
2818	3852
2812	3815
2773	3788
2738	3752
2704	3703
2667	3655
2642	3615
2624	3581
2610	3552
2600	3523
2595	3502
2578	3477
2564	3442
2558	3420
2558	3410
2565	3435
2582	3477
2598	3499
2602	3516
2614	3550
2642	3604
2679	3659
2702	3692
2734	3733
2769	3775
2803	3799
2812	3807
2804	3692
2802	3636
2801	3626
2785	3617
2768	3603
2748	3582
2731	3558
2714	3525
2710	3510
2700	3481
2689	3452
2684	3446
2684	3420
2682	3404
2674	3392
2668	3368
2668	3353
2672	3374
2678	3392
2685	3403
2687	3425
2687	3443
2696	3454
2702	3474
2713	3506
2724	3533
2742	3564
2770	3597
2792	3615
2802	3619
2804	3574
2809	3523
2810	3504
2809	3498
2798	3493
2778	3480
2764	3462
2752	3442
2737	3410
2733	3400
2732	3382
2742	3358
2743	3339
2748	3323
2754	3317
2748	3332
2746	3346
2746	3359
2737	3379
2735	3388
2739	3406
2751	3432
2767	3459
2778	3473
2796	3488
2811	3494
2817	3437
2828	3370
2838	3313
2852	3262
2872	3202
2886	3179
2874	3206
2854	3270
2839	3326
2827	3406
2821	3454
2818	3470
2830	3465
2854	3442
2870	3411
2886	3364
2891	3344
2894	3336
2891	3360
2880	3396
2865	3430
2855	3449
2836	3467
2824	3474
2820	3478
2813	3542
2810	3581
2808	3608
2810	3616
2831	3605
2856	3579
2883	3542
2901	3514
2918	3482
2924	3468
2928	3440
2935	3424
2940	3396
2940	3380
2943	3393
2939	3422
2932	3437
2929	3465
2920	3486
2908	3510
2878	3556
2860	3581
2839	3603
2831	3612
2813	3620
2810	3624
2814	3724
2818	3784
2820	3808
2840	3791
2870	3752
2902	3698
2943	3627
2973	3566
2990	3530
3004	3496
3016	3470
3023	3448
3024	3435
3024	3426
3027	3437
3026	3452
3013	3484
2997	3522
2978	3572
2942	3642
2915	3688
2888	3731
2862	3773
2841	3802
2828	3810
2822	3814
2838	3946
2846	4013
2850	4049
2854	4058
2880	4012
2926	3939
2956	3889
2969	3869
2993	3809
3012	3768
3028	3743
3044	3708
3062	3667
3082	3623
3096	3582
3104	3564
3105	3550
3111	3533
3117	3526
3134	3492
3146	3474
3154	3462
3153	3466
3138	3491
3124	3520
3118	3534
3112	3542
3108	3558
3108	3566
3096	3593
3088	3619
3086	3626
3116	3624
3132	3621
3158	3602
3174	3595
3182	3574
3195	3560
3204	3550
3209	3541
3207	3553
3190	3570
3184	3580
3177	3599
3156	3608
3135	3624
3109	3628
3090	3630
3087	3632
3081	3637
3058	3689
3044	3720
3044	3727
3077	3724
3113	3710
3150	3692
3182	3664
3204	3636
3223	3623
3232	3607
3238	3595
3234	3612
3226	3626
3207	3638
3186	3664
3159	3690
3140	3701
3096	3722
3078	3728
3050	3731
3041	3732
3018	3770
2988	3836
2978	3861
2978	3870
3020	3868
3062	3860
3084	3850
3126	3822
3156	3799
3172	3786
3194	3750
3208	3732
3224	3726
3242	3712
3250	3710
3229	3726
3213	3734
3196	3754
3176	3788
3158	3804
3110	3838
3076	3858
3055	3867
3016	3876
2982	3874
2976	3876
2969	3884
2936	3940
2904	3994
2872	4040
2866	4050
2864	4058
2919	4044
2995	4031
3026	4016
3079	3994
3119	3980
3149	3950
3182	3924
3212	3907
3245	3874
3263	3854
3278	3850
3303	3822
3326	3799
3339	3782
3343	3771
3343	3782
3331	3800
3304	3827
3287	3845
3279	3855
3264	3859
3231	3893
3217	3907
3219	3910
3241	3917
3263	3920
3283	3918
3308	3923
3322	3914
3337	3901
3352	3895
3367	3884
3362	3892
3352	3900
3340	3904
3322	3919
3309	3929
3292	3924
3274	3922
3259	3923
3240	3920
3220	3914
3213	3913
3200	3920
3168	3942
3144	3964
3130	3976
3128	3980
3160	3991
3200	4003
3228	4004
3258	4001
3303	3990
3318	3984
3337	3983
3360	3981
3354	3985
3328	3988
3317	3989
3300	3996
3266	4004
3236	4010
3207	4010
3176	4003
3138	3990
3123	3986
3102	3993
3059	4009
3030	4022
3010	4029
3006	4034
3023	4048
3062	4071
3106	4089
3119	4092
3164	4092
3189	4098
3226	4100
3238	4099
3251	4096
3272	4099
3283	4099
3318	4098
3329	4094
3336	4094
3328	4098
3316	4102
3288	4102
3273	4103
3255	4100
3232	4104
3190	4103
3164	4097
3126	4096
3110	4096
3074	4082
3049	4072
3016	4052
3000	4042
2980	4043
2918	4053
2872	4068
2866	4072
